homework/week5_homework_files/or_precip_1983_07.asc
ncols 407
nrows 229
xllcorner -124.73958333333
yllcorner 41.73958333333
cellsize 0.02083333333
NODATA_value -9999
[rows 47 to 93 of 229, columns 288 to 383 of 407]
29 30 29 28 28 28 27 26 27 28 26 24 25 26 26 26 30 33 33 32 33 34 34 34 33 32 37 43 50 57 48 39 36 33 34 34 36 37 35 33 36 39 43 46 49 51 50 49 49 48 47 47 47 48 51 55 54 52 49 45 42 39 38 36 36 35 34 33 32 31 30 29 27 25 25 26 25 23 24 24 26 29 32 35 35 35 40 44 46 48 46 44 45 46 47 49
31 31 29 27 26 26 26 26 28 30 27 24 27 29 28 28 32 36 34 33 33 33 34 35 32 30 38 45 49 53 47 41 35 29 30 31 31 31 33 34 37 40 44 48 52 55 52 48 51 53 51 49 49 50 51 52 54 55 51 46 43 39 37 36 35 34 31 29 29 28 28 29 27 26 25 24 22 21 21 21 24 27 30 33 33 33 38 42 46 49 48 47 46 45 48 50
33 32 32 32 30 28 28 27 27 27 27 27 30 32 33 34 35 37 35 32 32 32 32 32 32 31 35 39 44 49 42 36 32 28 29 29 30 30 35 40 47 55 54 53 54 55 52 48 50 52 51 50 50 50 49 49 51 53 48 44 41 39 36 33 32 32 30 29 29 29 29 29 28 27 27 27 25 24 23 23 25 27 30 33 34 35 40 45 48 52 49 45 44 42 45 48
35 33 35 37 34 31 29 28 26 24 27 29 32 36 38 39 39 38 35 31 31 30 30 30 31 33 33 33 38 44 38 31 29 27 27 28 28 28 37 45 57 69 63 57 56 56 52 49 50 52 52 52 51 50 48 46 48 51 46 41 40 39 34 29 29 29 29 29 29 29 29 30 29 29 29 30 28 27 26 25 26 26 29 32 34 36 41 47 51 55 50 44 41 39 42 46
34 33 34 35 34 32 30 29 28 27 31 36 38 40 42 44 42 41 38 35 34 33 33 32 33 33 33 32 36 40 36 31 29 26 26 26 28 29 34 39 54 68 63 59 58 58 54 50 51 52 50 48 48 48 47 46 47 47 44 40 39 39 34 29 30 31 30 29 29 29 29 29 29 29 29 29 28 27 27 26 27 29 31 32 35 37 41 45 47 49 45 41 41 40 43 46
34 32 33 34 33 33 32 30 30 30 36 42 43 44 47 49 46 43 41 38 37 36 35 35 35 34 33 31 34 37 34 31 28 25 25 25 27 30 31 33 50 67 63 60 60 60 56 52 52 51 48 45 45 45 46 46 45 44 41 38 39 39 34 29 31 33 31 29 29 29 29 29 29 28 28 28 28 28 27 27 29 32 32 32 35 38 41 43 43 43 41 39 40 40 43 46
32 32 33 33 33 32 34 35 37 38 39 40 44 48 49 51 48 45 40 35 34 33 33 33 33 32 31 30 32 33 31 29 26 24 24 23 26 29 30 31 42 53 52 51 54 57 54 51 49 47 47 48 47 46 47 48 47 46 44 43 43 43 37 32 33 33 32 31 29 28 28 28 28 28 28 27 27 27 27 28 29 31 32 33 34 34 36 37 39 40 39 38 39 40 44 48
30 33 32 32 32 31 36 41 43 46 42 37 45 52 52 53 50 47 39 32 31 30 31 32 31 29 29 29 30 30 28 26 25 23 22 21 25 29 29 29 34 39 41 42 48 54 52 49 46 42 46 50 49 47 48 50 49 48 48 47 46 46 41 35 34 33 33 33 30 27 27 27 27 27 27 27 27 27 27 28 29 31 32 34 32 30 30 31 34 37 37 37 39 41 45 50
32 35 35 36 36 37 39 41 43 45 43 41 46 51 50 49 46 43 37 31 31 30 30 31 30 29 30 30 30 29 27 25 24 23 22 21 25 29 31 32 34 37 40 43 47 51 50 48 45 41 44 47 47 46 47 47 48 49 50 51 51 51 42 33 34 36 36 36 32 27 27 27 27 27 26 26 26 27 27 28 29 30 30 30 29 28 28 28 32 37 37 37 38 39 45 50
34 36 38 39 41 43 41 40 42 44 45 45 47 50 47 45 42 40 35 31 30 30 29 29 29 29 30 31 30 28 26 24 24 23 22 20 25 29 32 35 35 35 39 43 46 48 48 48 44 41 42 44 45 46 45 45 47 50 52 55 56 56 43 30 35 39 39 39 34 28 27 26 26 26 26 25 26 26 27 28 29 30 28 27 27 26 26 26 31 36 36 37 37 37 44 51
33 35 35 35 36 37 38 39 40 41 42 43 43 43 41 39 37 36 33 31 30 29 30 31 30 29 30 31 30 29 28 27 24 22 21 20 25 29 32 35 35 35 39 44 47 50 49 48 46 43 45 47 47 48 48 49 49 49 53 58 59 60 48 35 37 39 40 41 38 34 34 35 31 27 27 28 28 28 28 28 29 31 29 27 28 29 29 28 32 36 37 39 38 37 45 52
32 34 33 31 32 32 35 38 38 38 39 41 39 37 35 33 33 33 32 30 29 28 30 32 30 29 30 32 31 30 30 30 25 20 20 19 24 29 32 35 35 35 40 44 49 53 51 49 47 45 48 50 50 50 51 53 50 48 54 61 63 64 52 39 39 39 42 44 42 40 42 43 35 27 29 30 30 30 29 29 30 32 29 27 29 32 32 31 33 36 38 41 39 38 45 52
32 33 32 31 31 31 33 34 34 34 35 36 36 36 34 31 33 35 33 30 29 28 28 28 28 27 27 28 29 30 30 30 26 22 21 20 24 29 30 31 33 35 41 46 48 50 49 48 47 46 48 50 50 51 54 57 53 48 55 61 61 62 59 56 47 39 40 42 42 43 43 43 38 34 35 36 36 35 33 31 32 32 30 28 31 33 32 32 36 40 40 40 44 47 51 54
32 32 31 31 31 30 30 30 30 30 31 32 33 35 32 30 34 37 33 30 29 29 27 25 25 25 25 25 27 30 29 29 27 24 22 20 24 28 28 28 32 36 42 48 48 48 47 47 47 47 48 49 50 51 56 62 55 49 55 62 60 59 66 72 55 38 39 41 43 46 44 42 41 40 41 42 41 40 37 33 33 33 31 30 32 34 33 32 38 44 41 39 48 57 57 57
32 31 31 31 31 30 30 30 30 30 31 32 33 34 32 30 32 34 33 33 30 27 25 24 24 25 26 27 29 30 29 27 25 24 23 22 25 29 29 29 32 35 39 44 45 46 46 46 47 47 50 52 52 52 58 63 58 54 55 56 60 64 70 76 63 50 49 48 49 50 45 41 41 41 41 42 42 41 39 36 37 37 36 34 36 37 36 35 39 44 43 42 51 61 59 57
31 31 31 31 31 30 30 30 30 31 31 32 32 33 32 31 30 30 33 36 31 25 24 23 24 25 28 30 31 31 28 25 24 24 24 24 27 31 31 31 33 35 37 39 41 44 44 45 46 48 51 54 54 53 59 64 61 58 54 50 60 70 75 81 71 62 58 55 55 55 47 39 40 41 42 42 42 42 41 40 41 42 41 39 40 41 39 38 41 45 45 45 54 64 60 57
31 31 31 31 31 30 31 31 31 31 31 31 32 32 31 31 30 29 31 33 30 26 24 23 23 24 25 27 27 27 25 23 24 24 24 25 27 29 30 31 34 37 40 42 43 43 44 45 46 47 49 52 52 52 55 58 60 62 61 59 60 61 63 66 65 65 61 57 56 55 48 41 43 45 45 44 44 44 44 44 44 44 44 44 44 43 41 39 40 41 46 50 56 62 58 55
30 30 31 31 31 31 31 31 31 31 31 31 31 31 31 31 29 27 29 31 29 27 25 23 23 23 23 23 23 22 22 22 23 24 25 26 26 27 29 32 35 38 42 46 44 43 44 45 45 46 47 49 50 51 51 51 59 67 68 69 60 52 51 51 59 67 63 58 57 55 49 43 46 49 48 47 47 46 48 49 48 46 47 48 47 46 43 40 39 38 46 55 57 60 56 53
30 30 30 31 31 32 32 31 31 31 31 31 30 30 31 32 29 27 27 28 27 26 25 24 23 23 24 24 24 23 23 22 22 22 23 24 24 25 28 31 34 36 39 42 43 45 45 45 45 45 46 48 48 49 51 52 57 62 67 72 68 65 62 60 66 71 67 63 58 53 52 51 50 49 48 47 47 46 48 50 49 47 47 47 46 45 43 41 41 42 46 51 48 46 42 37
30 30 30 31 32 34 33 32 31 30 30 30 30 29 31 33 30 27 26 24 24 24 24 24 24 24 24 25 25 24 23 22 21 20 21 22 22 23 27 31 32 34 36 38 42 47 46 46 45 44 45 47 47 48 50 52 55 58 66 75 76 78 74 69 72 74 71 68 59 51 55 58 53 49 48 47 47 47 49 51 50 48 47 46 45 44 43 41 44 47 47 47 40 32 27 22
30 30 30 30 31 32 33 35 33 32 31 30 30 29 30 31 29 26 25 24 24 24 24 24 24 25 25 26 25 24 23 22 20 19 20 22 23 25 26 28 31 34 34 33 38 42 44 47 47 46 47 47 48 49 51 52 54 56 62 67 70 72 68 65 67 69 66 64 60 56 57 58 56 53 52 51 52 52 52 52 50 49 48 46 45 44 43 43 45 47 46 46 37 28 33 38
30 30 30 30 30 30 34 37 35 33 32 30 30 30 29 28 27 26 25 24 24 24 24 24 25 26 26 26 25 24 23 21 19 17 20 22 24 26 25 24 29 34 32 29 33 38 43 47 48 49 48 47 49 50 51 52 54 55 58 60 63 66 63 60 62 64 62 60 60 61 60 59 58 57 56 56 56 57 55 53 51 49 48 46 45 43 44 44 45 47 46 45 34 24 39 54
31 30 30 30 31 33 35 37 36 35 33 31 31 30 29 28 27 26 25 24 24 24 25 26 26 26 26 26 24 22 21 20 18 17 19 21 22 24 24 23 27 31 30 29 32 36 40 45 46 47 47 46 47 49 50 51 52 53 55 56 57 57 57 56 59 61 55 50 54 58 59 60 57 54 55 55 55 56 55 53 51 49 48 46 44 43 43 43 43 43 37 32 31 30 40 51
32 30 30 30 33 35 37 38 38 38 35 31 31 31 29 27 27 26 25 25 24 23 25 27 27 27 26 25 23 20 19 18 17 16 17 19 21 22 22 21 25 28 28 29 31 33 38 43 44 45 45 45 46 47 48 49 50 51 51 52 50 48 50 53 55 57 49 40 47 54 58 62 57 52 53 54 55 55 55 54 52 49 48 46 44 42 42 42 41 39 29 19 28 36 42 47
30 30 29 29 31 33 33 33 33 33 31 30 29 28 27 27 26 26 26 25 25 26 29 32 31 31 29 28 24 21 19 16 16 16 18 19 20 21 21 20 23 25 27 28 30 33 37 42 43 44 44 44 44 45 46 48 48 49 49 49 48 47 47 47 48 48 46 43 48 54 56 58 53 48 49 51 50 50 49 48 47 46 45 44 43 41 39 38 37 37 29 22 28 35 40 -9999
29 29 29 28 29 30 30 29 28 28 28 28 27 26 26 27 26 26 26 25 27 28 33 37 36 35 33 30 26 22 18 14 15 17 18 19 19 19 19 20 21 22 25 28 30 32 37 42 42 43 43 43 43 43 44 46 47 48 47 46 46 47 44 42 41 39 42 45 49 53 54 55 49 43 46 48 46 45 44 43 42 42 42 43 41 39 36 33 34 35 30 24 29 34 38 -9999
28 28 28 27 27 28 28 28 27 27 27 27 26 25 26 26 26 26 26 26 28 31 36 41 41 40 37 34 28 23 19 14 15 16 17 18 19 19 19 19 20 21 23 25 27 29 30 32 35 37 38 39 40 40 41 42 43 45 45 45 45 45 43 41 41 40 41 41 44 47 48 49 46 42 43 43 41 40 39 37 37 38 38 39 38 36 37 38 33 29 26 23 32 41 -9999 -9999
26 27 26 26 26 25 26 26 26 26 26 26 26 25 25 25 25 25 25 26 30 33 40 46 45 44 41 37 30 23 19 15 15 16 17 17 18 18 19 19 20 20 21 23 24 25 24 23 27 31 33 36 37 37 38 38 40 41 43 44 44 43 42 41 41 41 39 37 39 41 42 43 42 41 39 37 36 36 33 31 32 33 34 35 34 33 37 42 32 22 22 22 35 48 48 -9999
26 26 26 25 24 24 25 26 26 27 26 25 25 25 25 25 25 25 25 26 28 30 36 43 44 46 43 40 34 28 21 15 15 16 16 17 18 18 19 19 20 21 21 22 23 24 23 22 26 30 31 32 31 31 33 35 36 37 38 39 40 40 40 39 40 41 39 37 38 39 39 39 40 41 37 34 32 31 31 30 30 30 32 33 31 29 32 35 33 32 27 22 34 46 45 -9999
25 25 25 24 23 22 24 26 26 27 26 25 25 25 25 25 25 25 25 26 26 26 33 40 44 47 45 43 38 32 24 15 15 15 16 16 17 18 19 19 20 21 21 21 22 23 22 22 26 30 28 27 26 25 28 32 32 33 34 34 36 38 37 37 38 40 38 37 37 37 36 35 38 41 35 30 28 26 28 29 28 27 29 31 28 25 26 28 35 41 31 21 33 44 42 -9999
25 25 26 26 25 24 23 23 24 25 25 24 25 25 25 25 25 25 26 26 28 29 32 36 40 45 46 47 42 37 34 31 28 24 20 17 18 18 19 20 21 21 21 21 22 22 22 22 23 25 25 24 24 25 27 29 30 32 33 33 34 35 35 36 38 39 38 38 37 36 34 32 35 39 36 33 29 25 26 27 26 26 27 28 26 25 29 33 32 31 31 31 36 41 43 -9999
25 25 26 28 26 25 23 21 22 22 23 24 24 25 25 25 25 26 26 27 29 31 31 31 37 43 48 52 47 41 44 46 40 33 25 17 18 19 20 21 21 21 21 21 21 21 21 21 21 21 21 20 23 25 25 26 28 31 32 32 32 32 34 36 37 38 38 39 38 36 32 29 33 37 37 36 30 24 24 24 24 25 25 25 25 25 31 38 30 22 31 40 39 38 -9999 -9999
25 25 27 28 28 27 25 23 23 23 23 23 23 23 24 24 24 25 26 28 29 31 29 28 31 34 37 41 41 41 43 46 39 33 25 18 19 20 21 21 21 21 21 21 21 21 21 21 22 22 22 21 22 24 23 23 25 27 28 29 29 29 30 31 33 35 34 34 33 32 30 29 31 33 34 34 31 27 26 25 26 26 27 28 29 29 32 35 32 28 34 39 39 -9999 -9999 -9999
25 25 27 29 29 29 27 26 24 23 23 22 22 22 23 23 24 24 26 28 29 30 27 24 24 24 27 31 36 41 43 46 39 32 26 19 21 22 22 21 21 21 21 21 21 21 21 22 23 24 23 22 22 22 21 21 21 22 23 25 26 26 27 27 30 33 31 28 28 29 28 28 29 29 31 32 31 30 28 26 27 27 29 31 32 34 33 32 33 35 37 39 -9999 -9999 -9999 -9999
26 26 28 29 29 29 28 27 26 25 24 23 23 23 23 24 23 23 24 24 25 26 24 22 22 22 24 27 30 34 38 42 39 35 29 23 23 23 23 22 22 21 21 21 21 21 22 22 23 23 22 22 22 22 22 22 22 22 23 25 25 25 28 30 32 33 31 30 30 31 31 31 32 32 33 33 33 33 31 30 30 29 32 34 34 34 31 28 34 40 42 -9999 -9999 -9999 -9999 -9999
26 27 28 29 30 30 29 28 28 27 26 24 25 25 24 24 23 23 21 20 21 22 21 19 19 20 21 23 25 26 33 39 39 39 33 27 26 24 24 23 22 22 21 21 21 22 22 23 23 23 22 22 22 22 22 22 22 23 23 24 24 24 28 33 33 34 32 31 32 33 33 34 35 35 35 34 35 35 34 34 33 31 34 37 36 35 30 25 35 46 47 -9999 -9999 -9999 -9999 -9999
27 28 30 31 31 31 31 30 29 28 27 25 25 25 24 24 23 23 22 21 21 21 20 20 20 20 21 21 23 25 28 32 34 36 34 33 29 26 26 27 25 24 23 22 22 23 24 25 25 24 24 23 22 22 22 22 22 23 24 26 26 26 30 34 36 38 35 32 33 33 33 34 34 35 34 34 34 35 35 35 33 31 33 34 35 36 34 32 37 42 -9999 -9999 -9999 -9999 -9999 -9999
27 29 31 33 32 32 32 33 31 29 28 26 25 24 24 24 23 23 22 21 21 21 20 20 20 20 20 20 22 24 24 24 29 33 36 38 33 28 29 31 29 26 24 22 23 24 26 27 27 26 25 23 23 22 22 22 23 23 25 27 27 28 32 36 39 42 38 34 34 33 34 34 34 34 34 34 34 34 35 36 33 31 31 32 35 37 38 40 39 -9999 -9999 -9999 -9999 -9999 -9999 -9999
24 25 27 29 30 31 31 30 31 31 29 28 26 24 24 24 23 23 22 21 21 21 21 20 20 20 20 20 23 25 25 26 29 32 33 35 32 30 31 32 29 26 24 23 23 24 25 26 25 25 25 24 24 25 24 24 24 24 25 25 27 28 30 33 36 40 40 39 38 36 35 34 35 35 35 36 35 34 34 34 34 33 35 38 39 41 41 41 -9999 -9999 -9999 -9999 -9999 -9999 -9999 -9999
21 21 24 26 28 29 29 28 31 33 31 29 27 25 24 24 23 23 22 21 21 21 21 21 21 21 21 21 23 25 26 27 29 30 31 32 32 32 32 32 29 25 24 23 24 24 24 24 24 25 25 25 26 27 26 26 25 25 24 24 26 28 29 30 34 38 41 44 42 40 37 35 36 37 37 37 36 35 34 33 34 36 39 43 44 45 43 -9999 -9999 -9999 -9999 -9999 -9999 -9999 -9999 -9999
22 22 23 24 25 26 26 27 28 29 28 26 25 24 24 23 23 23 22 22 22 21 21 21 21 21 22 23 25 27 28 28 30 31 31 31 31 31 31 31 28 26 25 25 25 25 25 25 25 25 25 24 25 25 26 26 25 24 25 25 26 28 28 29 33 36 40 43 43 43 40 37 37 37 37 38 37 36 34 32 34 36 41 47 47 -9999 -9999 -9999 -9999 -9999 -9999 -9999 -9999 -9999 -9999 -9999
23 23 23 22 23 23 24 25 25 25 24 23 23 24 23 23 23 23 23 22 22 22 22 22 21 21 23 25 27 29 29 29 31 32 31 30 30 31 30 29 28 26 26 26 27 27 26 26 25 25 25 24 24 23 25 27 25 23 25 26 27 27 28 28 31 34 38 42 45 47 43 39 38 37 38 38 38 38 35 32 34 36 43 -9999 -9999 -9999 -9999 -9999 -9999 -9999 -9999 -9999 -9999 -9999 -9999 -9999
24 24 23 22 22 22 23 23 23 24 23 23 23 23 23 23 23 23 23 23 22 22 22 22 22 22 23 25 27 29 31 32 32 32 32 32 32 32 32 31 29 28 29 29 30 30 29 28 29 29 27 24 24 23 25 26 26 25 25 25 25 26 26 27 29 32 36 40 43 46 44 43 42 40 42 43 39 35 35 36 38 41 46 -9999 -9999 -9999 -9999 -9999 -9999 -9999 -9999 -9999 -9999 -9999 -9999 -9999
25 25 23 22 22 22 22 21 22 22 22 23 23 23 23 23 23 24 23 23 23 22 22 22 22 22 23 24 27 29 32 35 34 33 33 34 34 34 33 32 31 29 31 33 33 33 32 31 32 32 28 25 24 24 25 26 27 27 25 23 24 24 25 25 27 29 33 37 41 46 46 46 45 43 45 48 40 32 36 40 43 46 -9999 -9999 -9999 -9999 -9999 -9999 -9999 -9999 -9999 -9999 -9999 -9999 -9999 -9999
25 25 24 24 24 25 24 22 22 22 22 22 22 23 23 23 23 23 23 23 23 22 22 22 22 22 23 25 26 27 30 33 33 33 34 35 35 35 35 34 34 34 36 37 36 35 33 31 30 29 28 27 28 28 27 27 27 26 25 23 24 24 24 25 26 28 32 35 41 46 47 49 47 45 45 44 38 32 36 41 45 49 -9999 -9999 -9999 -9999 -9999 -9999 -9999 -9999 -9999 -9999 -9999 -9999 -9999 -9999
25 25 25 25 27 28 26 24 23 22 22 22 22 22 23 23 23 23 23 23 23 22 22 21 21 21 23 25 25 25 28 31 32 33 35 37 37 37 37 37 38 40 40 41 40 38 35 31 29 26 28 30 31 32 30 27 26 26 25 24 24 24 24 24 26 27 30 33 40 46 49 52 49 46 44 41 36 31 37 42 47 -9999 -9999 -9999 -9999 -9999 -9999 -9999 -9999 -9999 -9999 -9999 -9999 -9999 -9999 -9999
24 24 24 25 26 26 25 24 23 23 23 23 23 23 23 23 23 23 23 23 23 22 22 21 21 21 22 23 23 24 26 28 29 30 31 32 32 33 31 30 32 35 34 33 32 31 29 28 26 24 26 27 28 29 27 25 28 30 27 24 25 25 25 24 26 27 29 31 37 43 44 45 43 40 38 36 35 33 39 45 49 -9999 -9999 -9999 -9999 -9999 -9999 -9999 -9999 -9999 -9999 -9999 -9999 -9999 -9999 -9999
