homework/week5_homework_files/or_precip_1983_12.asc
ncols 407
nrows 229
xllcorner -124.73958333333
yllcorner 41.73958333333
cellsize 0.02083333333
NODATA_value -9999
[rows 41 to 81 of 229, columns 94 to 187 of 407]
148 148 148 148 147 146 147 148 148 148 151 155 157 160 162 165 175 185 215 245 238 -9999 -9999 -9999 -9999 -9999 -9999 -9999 289 287 319 351 344 336 321 307 288 269 279 289 318 346 346 346 374 402 395 388 376 364 344 323 313 302 268 233 224 214 207 200 207 213 227 241 203 165 152 139 141 142 131 120 109 97 92 87 86 85 83 82 81 81 79 77 79 81 81 82 78 75 67 58 56 54
148 148 148 148 146 143 144 145 144 143 148 152 155 157 158 159 163 166 174 181 193 204 214 223 235 246 255 264 270 276 301 326 296 266 264 261 251 241 258 275 315 355 350 345 380 415 401 387 376 366 356 345 323 301 260 219 218 216 205 195 207 220 226 232 197 162 153 145 147 148 131 113 103 93 86 79 81 83 81 78 76 74 74 74 75 76 76 77 70 64 61 58 56 54
158 150 149 149 148 146 145 144 143 141 145 149 152 154 154 154 156 158 162 167 174 182 197 213 230 246 253 260 258 257 271 284 275 266 296 326 348 371 359 347 375 402 372 342 363 383 401 420 395 371 350 329 297 264 241 217 220 223 209 195 208 221 238 255 223 191 165 140 142 145 124 104 100 96 90 84 84 83 82 81 79 78 76 74 74 74 73 72 67 62 59 56 54 52
168 151 150 150 150 149 146 144 141 139 143 146 149 151 150 150 150 150 151 152 156 159 181 203 225 247 251 256 247 238 240 242 254 265 328 390 446 501 460 419 434 450 395 340 345 351 402 452 414 376 345 313 270 227 221 214 222 230 213 195 208 222 250 279 250 220 177 135 138 141 118 95 97 98 94 89 86 84 83 83 82 82 77 73 72 72 70 68 64 60 57 54 52 50
168 158 155 152 152 152 150 149 148 147 148 148 149 151 148 146 146 147 150 153 158 163 178 194 209 224 233 242 247 251 271 292 333 373 417 461 483 505 485 465 465 465 414 363 380 396 408 419 377 336 308 280 261 243 225 208 212 216 230 244 269 293 300 308 272 236 194 152 139 127 114 100 99 97 94 90 88 86 85 84 82 80 76 72 71 70 68 66 63 60 57 54 54 54
167 164 159 154 155 156 155 153 155 156 153 149 150 150 146 143 143 144 149 155 161 167 176 185 193 201 215 229 246 263 303 342 412 482 507 532 520 508 510 512 496 480 433 386 414 442 413 385 340 295 271 246 252 259 230 201 201 201 247 293 329 365 350 336 294 251 210 169 141 113 109 106 101 96 94 91 89 87 86 85 82 79 75 71 70 69 66 64 62 60 57 54 56 58
161 160 159 159 157 155 154 154 156 158 156 153 155 157 155 153 153 154 155 156 161 166 171 177 197 217 228 240 254 268 301 334 370 405 402 399 405 412 431 450 440 429 429 428 437 446 434 421 361 301 319 338 326 315 267 219 216 213 260 307 354 401 364 327 285 242 204 166 149 132 121 111 102 94 91 89 87 84 85 85 82 79 77 76 74 71 69 67 67 66 63 60 56 53
155 155 159 163 159 154 154 154 158 161 159 158 161 164 163 163 163 163 161 158 161 164 166 168 201 233 242 251 262 274 300 326 327 328 297 265 291 316 352 389 384 379 424 470 461 451 454 457 382 306 367 429 401 372 304 236 231 225 273 321 378 436 377 317 276 234 198 163 157 150 133 117 104 91 89 87 84 81 83 85 82 79 80 81 77 73 72 71 72 73 69 65 56 47
155 155 158 161 158 155 154 154 156 158 168 178 175 172 175 177 177 176 173 169 172 176 181 187 205 222 235 248 260 272 281 290 297 305 305 306 330 354 394 434 418 402 431 461 458 455 448 441 410 379 427 475 429 383 342 302 282 263 311 359 387 415 359 303 275 247 210 172 162 151 133 114 104 93 90 88 86 85 84 83 81 79 80 80 78 75 77 79 79 78 70 62 58 53
155 155 157 159 157 155 154 154 154 154 176 198 189 181 186 192 191 189 185 180 183 187 197 206 209 211 228 245 258 271 262 253 267 282 314 347 369 391 435 479 452 425 438 452 455 459 441 424 439 453 487 521 457 394 381 368 334 301 349 397 396 395 342 289 275 261 221 182 167 151 132 112 103 94 91 88 88 88 85 81 80 79 79 79 78 77 82 86 85 84 71 59 59 60
156 156 158 160 158 156 156 156 155 155 168 180 175 170 178 186 186 185 183 180 184 189 199 209 208 207 223 239 248 258 256 254 273 292 325 359 382 406 422 438 443 448 451 453 453 452 438 425 435 446 485 525 493 461 454 447 398 349 393 438 425 412 350 289 270 250 216 181 162 144 127 110 105 99 96 94 92 90 87 84 82 80 81 82 83 84 87 89 88 87 75 62 65 67
158 157 159 160 158 157 157 157 157 156 160 163 162 160 170 179 180 181 181 181 185 190 201 212 208 203 218 233 239 245 250 254 278 302 337 372 396 420 409 397 434 472 463 454 450 445 436 426 432 438 483 529 529 529 528 527 462 397 438 478 454 429 359 288 264 240 210 179 158 136 122 109 106 104 101 99 96 92 90 87 84 81 83 84 88 91 91 92 90 89 78 66 70 75
159 158 160 161 165 169 165 162 160 158 163 169 167 165 168 170 171 171 172 174 182 190 200 210 211 212 221 230 235 240 242 245 262 279 300 320 336 352 366 381 381 380 384 387 396 405 407 409 419 429 485 541 553 564 564 564 484 405 429 453 441 429 359 289 254 219 196 173 152 132 120 108 106 105 103 102 100 98 95 92 88 84 85 86 88 90 90 91 87 83 76 69 75 80
159 159 161 162 171 181 174 166 163 159 167 174 172 170 166 161 161 160 164 168 179 190 199 207 214 221 224 228 232 236 235 235 246 257 263 269 276 283 324 365 327 289 304 320 342 364 378 392 406 420 487 554 577 600 600 600 507 414 421 428 429 429 359 290 244 198 182 166 147 128 117 107 106 106 105 105 104 103 100 96 91 86 87 88 88 89 90 90 83 76 75 73 79 84
161 162 165 168 173 177 173 169 167 165 168 170 169 169 168 167 166 165 166 168 175 182 192 203 209 215 218 221 230 239 252 265 278 291 304 317 307 296 309 322 307 292 320 348 361 374 378 382 398 415 468 522 531 539 512 485 427 369 394 420 419 418 352 287 245 204 181 159 138 118 112 106 106 105 105 104 102 100 98 95 92 89 89 89 88 88 87 87 83 79 81 82 84 86
163 164 169 175 174 174 173 172 172 171 169 167 167 167 170 173 172 170 169 168 171 174 186 198 203 209 212 215 228 242 268 295 310 325 345 365 337 309 294 278 287 295 335 376 380 385 378 372 391 409 450 490 485 479 424 369 347 324 368 411 409 406 345 284 247 210 181 151 129 108 107 106 106 105 104 103 100 98 96 94 92 91 90 89 88 87 85 83 83 82 87 91 90 89
162 163 166 169 169 168 169 169 170 171 171 171 172 173 174 175 174 172 174 176 177 178 189 199 202 206 208 210 223 237 262 287 303 319 340 360 343 326 308 291 301 312 323 335 339 344 354 363 362 360 386 412 400 388 361 334 339 345 378 411 365 318 280 242 215 187 159 131 119 108 106 105 105 104 103 102 100 97 96 95 93 92 91 90 89 88 87 86 84 82 86 91 90 89
161 161 162 163 163 163 164 166 168 171 173 174 176 178 178 177 175 174 179 185 184 182 191 200 201 203 204 205 218 232 255 278 296 314 335 355 349 343 323 303 316 329 312 294 299 304 329 355 332 310 322 335 316 298 298 298 331 365 388 411 321 230 215 201 183 165 138 111 109 107 106 105 104 103 102 102 99 97 96 96 94 93 92 91 90 89 89 88 85 82 86 90 90 90
161 161 161 161 161 161 162 164 166 169 171 173 177 182 187 192 193 194 191 188 191 193 196 200 202 203 207 211 229 247 272 297 309 321 329 337 337 337 317 297 299 301 295 290 298 306 323 341 316 292 298 303 296 288 274 261 301 341 351 360 305 250 218 187 165 143 127 112 110 109 107 105 104 103 103 102 100 99 98 97 95 93 92 92 91 90 90 89 89 89 90 92 91 90
161 161 160 159 159 159 160 162 165 168 169 171 178 185 196 206 210 214 203 192 198 203 202 200 202 204 211 218 240 262 289 315 322 328 323 318 324 331 311 292 282 273 279 285 296 308 317 326 300 274 273 271 275 278 251 223 270 318 313 309 290 270 222 173 147 121 117 113 112 110 108 106 105 103 103 102 101 101 99 98 96 94 93 92 92 91 91 91 93 96 94 93 92 91
160 160 159 159 159 158 159 160 161 163 165 167 175 183 192 200 204 207 202 198 201 205 207 209 212 215 222 228 246 264 282 299 306 313 308 304 302 300 294 287 284 282 282 281 279 278 282 286 281 276 274 271 272 273 249 226 254 282 277 273 256 238 199 160 140 121 118 115 113 111 109 107 105 104 103 103 103 102 101 100 97 94 95 96 94 91 91 90 92 93 93 92 91 90
160 159 159 158 158 157 157 157 158 159 161 164 172 180 187 195 198 201 202 203 205 207 213 219 222 226 232 239 252 266 275 283 290 297 294 290 280 270 276 282 286 291 284 277 263 248 247 246 262 279 275 271 269 267 248 229 238 246 241 236 222 207 176 146 134 122 119 117 114 112 109 107 106 105 104 104 104 104 103 102 98 94 97 99 96 92 90 89 90 91 91 91 90 90
160 159 158 158 157 157 157 156 157 157 159 161 167 173 179 186 191 196 203 210 219 228 233 239 244 249 253 256 258 261 264 268 276 284 290 295 291 286 286 285 289 293 283 273 260 248 247 246 247 248 255 263 260 257 239 221 225 229 217 206 200 194 169 144 134 123 121 118 116 114 111 108 107 107 106 105 105 104 102 100 96 93 94 94 91 87 87 88 89 90 90 90 89 89
159 159 158 158 157 156 156 155 155 155 157 158 162 166 172 177 184 192 205 218 233 249 254 260 266 272 273 273 265 256 254 252 262 271 286 300 301 303 295 287 291 295 282 268 258 248 247 246 232 217 236 255 251 247 229 212 211 211 193 175 178 180 161 141 133 125 123 120 118 116 113 110 109 109 108 107 105 104 100 97 95 93 91 89 86 83 84 86 88 89 89 89 88 88
159 158 158 157 157 156 156 155 156 157 159 161 168 176 185 194 202 211 224 237 260 283 293 303 305 307 300 294 277 259 263 267 270 273 288 304 304 305 293 280 287 294 294 293 262 230 227 223 216 208 220 232 239 247 229 211 208 204 195 185 182 179 164 150 139 128 125 122 121 119 117 115 113 112 110 108 106 104 99 94 92 91 89 87 86 84 85 86 87 88 88 88 88 88
158 158 157 157 157 156 155 155 156 158 161 163 174 186 198 210 220 231 243 255 287 318 332 346 344 341 328 315 289 262 272 283 279 275 291 307 307 307 290 273 283 294 306 318 265 212 206 200 199 198 203 208 227 247 228 210 204 198 197 195 186 177 168 158 145 131 128 124 123 122 121 119 117 115 112 110 107 104 98 91 90 89 87 85 85 85 86 86 87 87 87 87 87 87
157 157 157 158 157 156 160 163 168 172 180 189 191 193 203 214 222 231 243 256 281 306 323 340 353 365 344 323 294 265 292 319 295 271 278 284 282 280 269 258 260 262 262 262 231 200 196 191 191 191 198 205 237 270 261 253 231 210 197 183 178 172 164 156 148 140 138 135 129 123 122 121 118 116 113 110 106 103 96 88 91 93 92 91 90 89 88 87 87 86 86 87 87 88
157 157 157 158 157 156 164 172 179 186 200 214 207 199 209 218 224 231 244 256 275 294 314 334 361 389 360 331 300 269 312 356 312 267 264 261 256 252 248 244 237 231 219 206 198 189 186 182 183 184 193 201 247 292 294 296 259 222 197 172 169 167 160 154 152 150 147 145 135 124 123 122 119 116 113 110 106 102 94 85 91 97 98 98 96 94 91 89 87 85 86 86 87 89
156 156 158 160 162 164 176 187 194 200 215 230 220 211 222 234 244 253 269 284 294 305 326 348 370 391 362 332 315 297 319 341 304 267 263 259 254 248 246 243 234 224 220 215 209 202 207 212 209 205 218 231 250 270 277 284 257 230 203 176 168 160 156 152 150 147 146 145 143 141 136 131 129 128 126 124 120 116 100 84 87 90 92 94 93 92 90 88 86 84 85 86 89 92
154 156 159 163 167 172 187 202 208 215 230 246 234 222 236 251 263 276 294 312 313 315 339 362 378 393 363 333 329 326 326 326 296 266 262 257 251 245 244 243 230 217 221 225 219 214 228 242 234 226 243 260 253 247 260 273 255 237 209 180 167 154 153 151 148 144 144 144 151 157 148 139 139 140 139 138 134 130 106 83 83 83 86 89 90 90 88 87 85 82 84 85 90 95
155 157 167 177 180 183 203 223 222 221 234 246 241 235 249 263 279 295 313 330 332 333 346 358 372 386 377 368 361 354 354 354 314 274 265 256 252 249 251 253 238 224 220 217 222 227 236 245 236 227 230 234 229 224 230 236 231 226 198 169 160 151 151 150 151 152 159 165 159 154 146 137 143 148 145 143 133 123 113 102 92 82 83 84 86 89 85 82 81 80 82 83 89 94
156 158 174 191 193 195 220 245 236 228 237 247 248 249 263 276 295 315 332 349 350 351 353 354 367 379 391 403 392 382 382 382 332 282 268 254 254 253 258 262 246 230 220 210 224 239 243 247 237 227 217 207 205 202 200 199 207 215 187 158 153 149 149 149 154 160 173 186 168 150 143 136 146 156 152 147 132 116 119 121 101 82 80 79 83 87 82 77 77 77 79 82 87 93
166 174 191 208 216 225 232 240 240 241 248 255 262 269 265 261 273 285 303 321 341 361 358 356 368 380 390 401 373 346 341 337 313 288 273 257 262 267 283 300 270 240 229 217 218 220 234 249 242 235 236 237 229 221 211 202 202 202 183 163 155 148 145 142 145 147 155 162 153 144 144 145 155 165 164 163 155 147 134 121 100 78 78 78 80 83 79 76 76 75 76 77 82 87
176 190 207 224 240 255 245 234 244 254 259 263 276 288 267 246 250 255 274 293 331 370 364 358 369 381 390 398 354 309 300 292 293 295 278 260 270 280 309 338 294 250 237 225 212 200 225 250 247 243 255 267 253 240 223 205 197 189 179 168 157 147 141 136 135 134 136 138 138 138 146 153 164 174 176 178 178 178 150 121 98 74 76 77 78 78 76 75 74 73 73 73 77 80
182 193 211 228 246 263 262 261 266 271 269 267 279 291 287 283 289 295 305 315 323 330 338 345 362 378 372 366 347 328 325 323 314 305 307 308 298 289 321 352 316 279 271 262 256 249 253 256 254 252 269 286 268 250 228 205 198 191 183 174 158 142 138 134 134 133 135 136 135 135 142 150 160 169 170 171 159 146 123 99 87 74 76 77 77 77 76 76 75 74 74 74 78 81
188 196 214 232 252 271 279 287 287 288 280 271 283 294 307 320 327 335 337 338 314 291 312 333 354 375 355 334 340 346 350 355 335 315 335 356 327 298 333 367 338 308 304 300 299 297 280 262 261 260 283 305 283 260 233 205 199 193 186 180 159 138 135 133 132 131 133 134 133 131 139 147 156 164 164 164 139 114 95 77 76 74 76 77 77 77 76 76 75 74 75 75 79 83
194 202 219 236 253 269 278 287 289 292 291 291 293 295 307 320 332 344 342 340 335 330 340 350 353 356 356 355 358 361 379 397 387 376 355 335 333 331 356 381 366 352 333 314 310 307 289 272 296 320 321 323 303 284 247 211 200 188 180 173 156 140 137 133 131 129 127 125 120 115 127 139 136 133 126 118 109 99 88 77 76 75 75 76 76 76 77 77 76 76 76 76 79 81
200 208 224 239 253 268 277 286 291 296 303 310 303 297 308 320 337 354 348 342 356 370 369 367 352 337 356 376 376 376 408 440 439 437 376 314 339 364 379 395 395 396 362 328 322 316 298 281 330 380 360 340 324 307 262 217 200 183 174 165 154 143 138 134 130 127 121 116 107 98 115 131 117 103 88 72 79 85 81 77 76 75 75 76 76 76 77 78 77 77 77 77 79 80
198 206 222 238 254 269 282 294 300 306 313 321 319 316 319 321 321 321 312 302 322 341 343 345 339 333 346 360 371 383 400 417 401 385 359 333 356 379 392 406 395 385 361 338 344 350 343 336 380 424 380 337 318 300 274 247 222 196 182 167 155 142 138 135 132 129 124 120 113 107 109 110 108 106 93 80 80 79 78 77 75 72 73 74 75 75 76 77 77 77 77 78 79 80
195 203 220 237 254 271 286 301 308 315 324 332 334 335 329 322 305 288 275 262 287 312 318 324 327 330 336 343 367 390 392 394 363 332 342 352 373 394 405 416 395 374 361 349 366 384 387 390 429 468 401 333 313 293 285 277 243 210 189 169 155 142 139 135 134 132 128 123 119 115 102 90 100 110 99 88 81 74 76 78 73 68 70 72 73 75 76 77 77 77 78 78 79 80
190 196 207 217 236 254 260 266 273 280 288 295 296 297 297 296 288 280 290 300 323 345 347 349 348 347 351 354 366 379 377 375 355 335 335 335 346 357 363 370 364 359 354 349 366 384 398 413 432 452 397 343 330 317 293 269 241 212 194 175 161 147 141 136 132 128 121 115 111 107 96 85 87 89 84 80 77 74 75 76 73 71 71 72 73 73 74 74 75 76 77 78 79 80
