homework/week5_homework_files/or_precip_1983_04.asc
ncols 407
nrows 229
xllcorner -124.73958333333
yllcorner 41.73958333333
cellsize 0.02083333333
NODATA_value -9999
[rows 90 to 134 of 229, columns 96 to 191 of 407]
96 102 110 117 119 121 135 150 145 140 136 133 133 133 132 131 131 131 125 120 128 136 150 164 165 165 168 170 144 117 117 117 111 106 98 90 78 67 72 78 73 68 87 106 117 128 96 64 57 51 51 51 43 36 36 37 33 30 27 24 24 25 25 25 26 27 27 27 28 28 28 28 28 28 27 27 27 27 27 28 28 28 29 30 30 30 31 31 31 31 31 31 30 29 33 37
94 98 102 106 108 109 117 125 126 127 131 135 134 133 127 120 119 118 117 116 126 135 145 155 157 159 161 163 151 139 129 119 114 109 93 77 70 63 66 68 70 72 90 108 120 133 100 68 61 53 49 45 39 33 39 45 38 31 28 25 25 25 25 25 26 27 27 27 27 27 27 27 27 27 27 27 27 27 27 27 28 28 29 30 30 31 31 31 31 31 31 31 31 30 32 34
91 95 94 94 96 98 99 100 107 114 126 138 136 134 121 109 107 106 110 113 124 135 140 145 149 154 155 157 159 162 141 120 116 112 88 65 62 60 59 58 68 77 94 111 124 137 105 73 65 56 48 40 35 30 41 52 43 33 29 25 25 25 25 25 26 26 27 27 27 27 27 27 27 27 27 27 27 27 27 27 28 28 29 30 30 31 31 31 31 32 32 32 31 30 30 30
90 95 95 95 95 96 98 100 109 118 120 122 121 121 114 108 114 120 123 126 138 150 152 155 154 153 151 150 145 140 130 119 116 113 92 71 72 72 80 87 93 98 107 116 123 130 102 74 64 54 46 39 35 32 42 52 43 35 31 28 26 25 25 25 26 26 27 27 27 27 27 27 27 27 27 27 27 27 27 27 28 28 29 30 31 31 31 32 32 33 33 33 32 32 32 31
88 94 95 95 94 93 97 101 111 122 114 106 106 107 107 108 121 134 137 140 153 166 165 165 158 152 147 143 131 119 119 118 116 114 96 77 81 85 101 117 118 119 120 121 122 123 99 75 63 52 45 38 36 34 42 51 44 37 34 30 28 26 26 25 26 26 26 27 27 27 27 27 27 27 27 27 27 27 27 27 28 29 30 30 31 31 32 32 33 33 33 34 33 33 33 33
85 90 94 97 95 93 106 119 114 109 103 96 97 97 98 100 109 117 129 140 141 143 146 149 146 143 138 132 127 121 122 122 119 115 98 80 83 86 102 118 119 120 122 124 122 120 95 71 57 43 39 35 35 34 45 55 46 38 34 30 29 27 27 26 26 26 26 26 26 26 27 27 27 27 27 27 27 27 27 27 28 29 29 30 31 32 32 32 33 33 33 34 34 35 35 34
81 86 93 99 96 94 115 137 117 97 92 87 87 87 89 91 96 101 120 140 130 120 126 132 134 135 128 121 122 123 125 126 121 116 99 83 85 88 103 118 119 120 124 127 122 116 91 66 50 34 33 33 34 35 47 59 49 39 34 30 29 28 28 27 27 26 26 26 26 26 27 27 27 28 28 28 27 27 27 28 28 28 29 30 31 32 32 32 33 33 33 33 36 38 36 35
82 85 91 96 92 88 101 115 102 89 88 87 88 88 93 97 101 106 117 128 132 137 138 139 143 146 138 130 127 124 132 140 127 114 99 84 89 94 107 120 118 115 117 119 113 106 86 65 50 35 33 32 34 35 46 56 49 41 36 31 29 27 26 25 25 25 25 26 26 26 27 28 28 28 29 29 28 27 27 27 28 28 29 31 32 33 33 33 34 35 34 33 34 36 34 33
82 84 89 93 88 83 87 92 87 82 85 88 88 89 96 103 107 111 113 115 135 155 151 146 152 157 148 139 132 125 139 154 133 112 98 84 92 100 111 122 116 111 111 111 104 97 80 64 50 35 33 32 33 35 44 53 48 44 37 31 28 26 24 22 23 25 25 25 25 26 27 28 28 29 29 30 28 26 27 27 27 27 29 31 32 34 34 34 36 38 35 33 33 34 32 31
82 84 86 89 85 82 84 86 86 85 88 90 93 95 96 96 101 106 110 114 123 131 131 132 140 149 149 150 153 156 159 163 134 106 95 84 93 102 106 110 106 101 101 101 97 93 77 62 51 40 37 35 39 43 45 47 45 43 37 32 28 25 23 22 22 22 22 23 23 23 25 27 26 25 25 26 27 28 27 26 25 23 25 27 29 31 30 29 31 32 31 29 30 30 31 33
82 83 84 85 83 81 81 80 84 88 90 92 97 102 96 90 95 100 107 114 111 108 112 117 129 141 151 161 174 187 180 172 136 100 92 84 94 104 101 99 95 92 92 92 90 88 74 60 52 44 41 39 45 50 46 42 42 42 37 32 28 24 23 21 20 19 19 20 21 21 24 26 24 21 21 21 25 29 27 25 22 20 21 23 25 28 26 25 26 26 26 26 26 27 30 34
81 82 84 85 83 81 81 81 87 92 94 95 97 99 95 91 96 102 118 134 135 136 132 128 130 131 144 157 172 187 193 198 152 106 95 85 95 105 102 100 98 96 96 97 97 97 80 62 53 45 41 37 41 44 40 37 38 38 35 31 28 24 23 22 20 19 19 20 20 21 23 25 22 19 19 19 21 24 22 20 20 19 19 19 20 21 20 19 20 21 21 21 23 25 28 31
81 82 83 85 83 81 82 83 89 96 97 97 97 97 94 92 98 103 129 154 159 164 151 139 130 122 137 153 170 187 206 224 168 112 99 85 95 105 103 101 101 100 101 102 104 106 85 64 55 45 41 36 37 37 35 32 33 35 32 30 27 24 24 23 21 19 19 19 20 21 22 24 20 17 17 17 18 18 17 16 17 19 17 16 15 14 14 14 14 15 16 16 20 23 25 28
85 92 92 92 91 91 92 92 97 102 104 107 111 114 116 118 111 103 119 135 150 165 163 162 151 141 156 172 177 182 188 194 154 114 99 84 92 101 102 103 109 115 116 117 115 112 90 68 60 52 45 37 36 34 33 31 31 32 30 29 27 25 25 24 22 20 20 19 19 19 19 19 17 15 16 16 16 17 16 15 15 16 16 15 15 14 14 13 14 14 15 15 17 19 20 22
90 102 100 98 100 101 101 102 105 108 112 116 124 132 138 145 124 103 110 117 141 166 175 184 173 161 176 190 183 176 170 164 140 116 99 82 89 97 101 106 117 129 130 132 125 119 96 72 65 58 49 39 35 32 31 29 29 29 28 27 27 26 26 25 23 22 21 19 18 17 16 15 14 13 14 15 15 15 14 13 14 14 15 15 15 14 14 13 14 14 14 14 14 14 15 16
98 103 98 93 95 97 107 117 120 122 121 120 122 124 132 140 127 114 123 132 147 162 165 168 157 146 152 158 160 162 157 152 126 100 94 88 96 105 110 115 124 133 135 137 127 116 103 89 75 61 50 40 35 31 30 29 29 29 28 27 27 26 25 24 23 22 21 19 18 17 16 15 15 14 15 15 15 15 15 14 14 15 15 15 15 14 14 14 14 14 14 14 14 14 15 16
105 104 96 87 90 93 113 132 135 137 131 125 120 116 125 135 130 124 136 148 153 158 155 151 141 130 128 125 137 149 144 140 112 84 88 93 103 114 120 125 131 136 139 142 128 113 110 106 85 63 52 40 36 31 30 29 29 29 28 27 27 26 25 23 23 23 21 19 18 17 16 15 15 15 15 15 15 15 15 15 15 15 15 15 15 15 15 14 14 14 14 13 14 14 15 16
102 103 104 106 116 127 134 141 135 129 123 117 119 121 123 125 125 124 132 140 142 144 139 134 124 115 120 125 136 148 135 122 102 83 89 95 106 117 129 141 140 140 139 138 131 124 120 116 91 66 59 51 42 34 32 30 30 29 29 28 27 27 25 24 24 23 21 20 19 18 17 16 16 15 15 15 15 15 15 15 15 15 15 15 15 15 15 15 14 14 15 15 17 19 21 22
98 102 113 124 143 161 155 149 135 120 114 109 118 127 121 116 120 124 128 132 131 130 123 116 108 100 113 125 136 146 125 104 93 82 90 98 109 121 138 156 150 144 139 134 134 134 130 126 98 70 66 62 49 36 34 31 30 30 30 29 28 27 26 24 24 24 22 20 19 18 17 16 16 16 15 15 15 15 15 16 16 16 16 16 15 15 15 15 14 14 15 17 20 24 26 29
112 121 125 129 146 162 164 166 144 123 118 112 118 123 119 116 123 130 127 124 120 116 113 109 107 104 111 118 131 144 125 107 94 82 93 104 113 123 140 157 153 149 150 151 153 155 138 121 96 72 66 60 51 42 38 34 33 31 29 28 27 27 25 24 24 25 22 19 18 17 17 17 17 17 16 15 15 16 16 16 16 16 16 16 17 17 17 16 15 15 18 21 23 26 27 29
126 139 137 135 149 163 173 182 154 126 121 116 117 118 118 117 127 136 126 116 110 103 103 102 105 108 110 112 127 142 125 109 96 82 96 110 118 125 141 157 156 154 162 169 172 175 146 116 95 73 66 58 53 48 43 38 35 32 29 26 26 26 25 23 25 26 22 18 17 17 17 17 17 18 16 15 16 16 16 16 16 16 17 17 18 19 18 18 16 15 20 24 26 28 28 29
133 141 145 148 148 148 152 155 138 121 118 116 116 117 114 111 115 120 115 110 107 103 103 102 104 106 107 108 113 118 110 101 94 87 95 103 107 110 123 136 145 153 162 171 182 194 167 140 106 71 65 58 56 54 49 44 41 37 33 29 27 26 23 21 22 23 20 16 16 17 17 18 18 18 17 16 17 17 17 17 17 17 17 17 17 17 17 17 16 16 18 20 22 25 26 27
140 144 152 161 147 133 131 129 122 115 116 116 115 115 110 105 104 104 104 105 104 103 103 102 103 104 104 104 99 95 94 93 93 92 94 96 96 96 106 115 133 151 162 174 193 212 188 164 117 69 64 59 59 60 55 50 46 41 36 31 28 25 22 19 20 21 17 14 16 18 18 18 18 18 18 18 18 18 18 17 17 17 16 16 16 16 16 17 16 16 16 16 19 22 24 26
146 140 138 136 125 113 120 127 120 113 114 115 115 114 110 106 105 104 105 105 105 105 104 102 104 106 109 111 110 108 106 104 98 92 96 100 106 112 123 134 145 157 163 168 177 185 173 161 117 72 71 70 71 71 65 59 54 49 42 35 30 26 23 21 21 21 17 14 16 18 18 18 17 17 17 17 18 18 18 18 17 16 16 16 16 16 16 17 16 16 16 16 18 20 20 21
152 136 124 112 102 93 109 125 118 111 112 114 114 114 110 107 106 105 105 106 106 107 104 102 105 108 113 118 120 122 119 115 103 92 98 103 116 128 140 152 157 163 163 163 161 158 158 158 117 75 78 81 82 83 75 68 63 57 48 38 32 27 24 22 21 20 17 13 15 18 17 17 17 17 17 17 17 18 18 18 17 16 16 16 16 17 17 17 17 17 17 17 17 17 17 16
127 121 125 130 122 113 127 142 135 128 127 125 124 123 116 108 107 105 106 106 107 108 107 106 108 111 115 120 123 126 123 121 114 107 110 114 121 129 136 143 147 150 154 159 156 153 152 150 128 105 104 102 95 88 83 78 73 68 57 46 38 31 28 26 24 21 18 15 16 17 17 17 17 17 17 17 17 17 17 17 17 17 16 16 16 16 16 16 17 17 17 17 16 16 15 15
102 106 127 148 141 134 146 159 152 146 141 136 134 133 121 109 108 106 106 107 108 110 110 110 112 114 118 121 126 130 128 127 125 123 123 124 127 129 132 134 136 137 146 154 151 148 145 142 139 135 129 123 108 93 90 87 83 79 66 53 44 35 32 30 26 22 20 18 17 17 17 17 17 17 17 17 16 16 16 17 17 18 17 16 16 16 16 16 16 17 17 17 16 14 14 14
129 138 144 150 151 152 149 146 143 140 138 136 135 135 129 124 124 124 119 113 114 115 113 111 110 109 112 114 119 124 125 126 127 128 124 121 125 129 132 136 139 143 148 153 151 150 141 133 129 126 120 114 102 90 85 80 75 71 62 54 45 37 33 29 25 21 19 17 17 17 17 17 17 17 17 17 16 16 16 17 17 18 17 16 16 16 16 16 17 17 17 16 15 14 14 14
157 169 161 153 162 170 152 133 134 135 135 135 136 137 137 138 140 142 131 119 119 119 116 112 109 105 106 106 112 118 122 126 129 132 125 118 123 128 132 137 143 149 150 152 151 151 137 124 120 116 111 106 96 87 80 72 67 62 59 55 47 39 33 28 24 21 19 17 17 16 16 16 16 16 16 16 16 16 16 16 17 18 17 16 16 16 16 16 17 18 16 14 15 15 15 14
139 142 140 138 144 150 142 134 133 132 130 127 126 126 130 134 132 130 127 124 124 124 121 118 116 114 109 103 113 123 124 124 128 131 128 125 127 130 133 137 141 145 146 147 145 142 133 123 119 115 112 110 103 96 85 74 67 60 56 51 45 39 33 28 25 21 19 17 17 16 17 17 17 17 17 17 16 16 16 16 17 17 16 16 16 16 16 16 17 17 16 15 15 16 15 15
121 115 119 123 127 130 133 135 133 130 124 119 117 115 122 130 124 118 123 128 128 128 127 125 124 123 112 100 114 128 125 123 126 130 131 133 132 132 134 137 139 140 141 141 138 134 128 122 118 115 114 113 109 105 90 76 67 59 53 48 43 39 33 28 25 22 20 17 17 17 17 17 17 17 17 17 17 16 16 16 16 16 16 15 15 16 16 16 16 16 16 16 16 16 16 15
115 112 116 119 122 124 125 126 125 124 121 118 116 114 121 128 123 119 122 125 122 119 120 120 120 119 112 104 109 114 113 112 116 120 122 125 127 129 132 136 138 140 140 140 132 125 121 117 115 113 110 107 96 84 75 65 61 57 51 46 41 36 31 27 24 21 20 18 18 18 18 18 18 18 18 18 17 17 17 16 16 16 16 16 16 16 16 16 16 17 17 18 17 16 14 13
108 109 112 116 116 117 117 116 116 117 117 117 115 113 119 126 122 119 120 121 116 110 113 116 116 116 112 107 104 100 101 101 106 111 114 116 121 125 130 135 137 140 139 138 127 116 114 112 112 112 107 101 82 63 59 55 55 55 49 44 38 33 29 26 23 20 20 20 20 20 20 20 19 19 19 19 18 17 17 17 16 16 17 17 16 16 16 16 17 17 18 19 17 15 13 11
109 109 111 113 115 118 120 122 124 125 127 128 124 121 121 121 118 116 115 114 112 110 113 115 117 118 117 116 115 115 115 114 117 120 121 122 125 129 131 133 135 137 137 137 125 113 109 105 105 105 99 94 74 55 52 49 49 50 45 40 36 31 27 24 22 20 20 21 21 21 21 21 21 20 20 19 18 17 17 17 16 16 16 16 16 16 16 15 16 16 16 17 16 14 13 12
110 109 110 111 115 118 123 129 131 133 136 139 134 128 122 116 114 112 110 107 109 111 112 114 117 120 122 124 127 129 128 127 128 129 128 127 130 132 132 131 132 134 135 136 123 110 104 97 97 97 92 87 67 47 45 43 44 45 40 36 33 30 25 21 21 21 21 21 22 22 22 22 22 22 20 19 18 17 17 17 16 16 16 15 15 15 15 15 15 15 15 14 14 14 14 13
111 109 109 109 113 118 120 122 126 129 137 144 133 123 119 115 114 114 112 111 110 109 109 110 111 113 113 113 116 119 120 121 126 132 136 141 138 136 130 124 123 122 119 117 107 97 93 90 88 86 81 76 60 44 41 38 36 35 33 31 28 25 23 20 21 21 22 23 24 25 27 29 28 26 23 20 18 17 17 16 16 16 15 15 15 15 15 15 14 14 13 13 13 13 13 13
112 108 107 106 112 119 117 116 121 125 137 148 133 118 115 113 114 115 115 114 111 108 106 105 105 105 103 101 105 109 111 114 124 135 145 155 147 140 129 118 114 110 104 98 90 83 83 84 79 75 71 66 54 41 37 33 29 25 26 26 24 21 20 20 21 22 23 25 26 27 31 35 33 31 26 21 19 17 16 16 16 15 15 15 15 14 14 14 14 13 12 12 12 12 12 12
114 112 111 110 111 112 114 116 119 123 130 138 128 118 115 112 115 117 116 114 112 110 110 110 112 114 113 112 114 116 117 119 124 129 136 142 140 138 125 113 108 102 93 85 80 76 75 75 71 68 63 59 49 38 34 29 27 25 24 23 21 20 20 20 22 24 26 27 29 31 33 36 34 33 28 23 20 17 17 16 16 16 16 15 15 15 16 17 16 16 14 13 13 12 12 12
117 116 114 113 109 105 110 115 118 121 124 127 123 118 115 111 115 119 117 115 113 112 113 115 118 122 122 122 122 122 123 125 124 124 127 130 133 136 122 108 101 94 83 72 71 69 67 66 63 60 56 51 43 36 31 26 25 25 22 19 19 19 19 20 23 26 28 29 32 35 36 36 36 35 30 25 22 18 17 16 16 16 16 15 15 15 17 19 18 18 16 14 13 13 12 12
130 132 131 130 122 114 116 119 116 114 117 120 116 113 112 111 115 120 116 112 112 112 112 113 113 114 114 114 117 120 122 123 123 122 124 126 128 129 116 103 96 89 78 66 65 65 63 61 60 58 53 48 40 31 28 24 23 22 21 19 19 19 19 20 24 28 29 31 34 37 38 40 39 38 33 29 25 21 19 17 17 17 16 16 18 20 21 22 20 18 17 16 15 14 13 13
142 148 148 148 135 122 122 123 115 107 110 112 110 108 109 110 116 121 115 109 110 112 111 111 108 105 106 106 113 119 120 121 121 121 122 122 122 123 110 98 91 84 72 60 60 61 59 57 56 55 50 45 36 27 24 22 21 20 19 19 18 18 19 20 25 30 31 32 35 39 41 43 42 41 37 33 29 25 21 18 18 17 17 16 20 24 25 25 22 19 18 17 16 15 14 14
138 136 136 136 135 133 131 129 118 108 108 109 107 106 107 108 112 115 113 110 111 112 111 109 107 105 108 112 115 119 120 122 121 120 121 122 123 124 110 96 88 81 68 55 56 56 54 52 50 48 42 36 30 24 23 22 20 19 19 18 19 20 22 23 27 30 34 38 40 42 46 50 48 47 43 39 34 29 25 20 18 17 17 16 19 21 21 21 20 18 17 17 16 15 15 14
133 124 124 125 134 144 139 135 122 109 107 105 104 103 104 106 107 109 111 112 112 112 110 107 106 105 111 117 117 118 120 122 121 120 121 122 124 125 109 93 86 78 64 51 51 51 49 48 45 41 34 28 24 21 21 21 19 18 18 18 20 21 24 26 29 31 38 45 45 46 51 57 55 54 49 44 39 33 28 23 19 16 16 16 17 17 18 18 17 17 17 17 16 16 15 15
126 124 126 127 133 139 142 145 134 122 121 119 113 107 107 106 109 111 112 113 112 112 114 116 113 109 109 108 112 116 117 118 118 118 120 122 126 131 112 93 81 69 58 48 46 45 44 43 39 34 29 24 23 21 21 21 20 19 19 18 20 21 22 24 28 32 40 48 48 49 50 51 51 52 49 47 41 34 29 23 20 18 18 18 18 18 18 18 18 17 17 17 16 16 15 15
119 124 127 130 132 135 146 156 146 135 134 133 122 111 109 107 110 114 113 113 113 112 119 125 119 113 106 100 107 114 114 114 115 116 119 122 129 136 115 93 77 60 52 45 42 39 38 38 33 28 24 20 21 21 21 21 21 21 20 18 19 20 21 22 27 32 41 50 51 53 49 45 47 49 49 50 43 35 30 24 22 19 19 19 19 18 18 18 18 18 17 17 17 16 15 14
