homework/week5_homework_files/or_precip_1983_12.asc
ncols 407
nrows 229
xllcorner -124.73958333333
yllcorner 41.73958333333
cellsize 0.02083333333
NODATA_value -9999
[rows 164 to 204 of 229, columns 188 to 281 of 407]
117 125 125 126 125 124 127 131 128 126 126 125 114 103 103 103 102 100 107 113 109 104 99 94 90 86 86 86 84 81 79 77 73 70 70 71 71 71 74 77 80 83 89 94 94 93 94 94 92 90 89 89 92 95 99 104 105 106 107 107 110 112 109 105 100 95 95 96 97 97 98 99 99 100 100 100 101 102 101 100 101 102 100 97 97 97 99 102 103 104 102 100 99 97
123 132 131 131 127 123 119 115 113 112 114 115 120 125 114 104 108 112 117 122 116 110 103 96 93 89 87 84 80 77 74 71 68 66 66 67 67 68 71 74 77 80 85 89 90 90 90 90 87 84 85 86 89 92 97 102 104 106 107 107 108 109 107 105 103 101 101 100 102 103 103 103 103 102 103 103 104 106 105 105 104 104 105 106 103 100 103 105 106 108 106 104 104 105
128 138 137 135 129 123 111 99 98 98 102 105 126 147 126 106 115 124 128 132 123 115 107 99 96 93 88 82 77 72 68 64 63 62 62 63 64 65 68 71 74 77 81 84 86 87 87 87 83 78 81 84 86 88 95 101 104 107 107 107 107 107 106 106 107 108 106 104 107 109 108 108 106 105 105 106 108 110 110 110 108 106 111 115 110 104 106 108 110 112 110 108 110 112
165 163 139 115 111 107 101 95 96 98 107 116 127 137 130 123 124 126 128 130 124 119 111 103 97 91 84 76 72 68 65 62 60 57 58 59 61 62 64 66 70 73 77 82 83 85 84 84 80 77 78 79 82 85 95 105 107 109 112 116 111 106 108 110 113 116 114 112 113 115 114 113 111 110 109 108 109 110 113 116 114 112 115 118 114 110 110 109 112 115 118 121 119 117
202 188 142 95 94 92 91 90 94 97 113 128 128 128 134 139 134 128 128 128 126 123 115 106 98 90 80 70 67 63 62 60 56 52 53 55 57 59 60 61 65 69 74 79 80 82 82 81 78 76 75 75 79 83 96 109 110 111 118 125 115 105 110 115 119 124 122 120 120 121 119 118 117 116 113 110 111 111 116 122 120 119 119 120 118 117 113 110 114 119 127 135 128 121
179 148 122 97 94 92 90 89 91 94 114 135 128 121 130 138 134 131 128 125 122 118 115 112 101 90 82 74 71 67 63 60 56 52 52 52 54 56 57 58 63 67 71 75 78 82 79 77 76 75 75 75 81 88 97 107 107 108 110 111 113 115 121 126 125 125 124 123 124 126 123 120 119 117 114 111 114 116 119 123 124 125 125 125 125 124 120 115 120 125 132 139 130 121
157 108 103 99 95 91 89 88 89 91 116 141 128 114 126 137 135 134 128 122 118 114 116 118 104 90 84 79 75 70 65 59 56 53 51 49 51 53 54 55 60 65 68 72 76 81 77 73 74 75 75 75 84 93 99 104 105 105 101 97 111 125 131 137 131 126 126 126 128 131 127 123 121 119 116 112 117 121 122 123 127 131 131 130 131 132 126 120 125 131 137 143 132 121
153 103 101 99 94 89 88 87 88 90 111 133 134 134 129 124 126 127 125 122 119 116 115 114 104 94 89 83 80 76 69 63 59 56 53 50 51 53 53 54 58 63 66 68 72 77 73 69 72 75 76 78 85 92 97 103 105 107 101 95 108 121 126 131 131 130 130 129 133 136 133 129 124 120 119 118 120 123 125 128 132 136 134 131 132 132 133 133 136 138 142 146 136 125
149 99 99 99 93 88 87 86 87 89 107 125 139 154 133 111 116 121 121 122 120 118 114 111 105 99 94 88 85 82 74 66 62 59 55 51 52 52 52 52 57 62 63 65 68 72 69 66 71 75 78 80 85 90 96 101 105 109 101 92 105 117 121 126 130 134 133 133 137 142 138 134 127 121 122 123 124 126 129 132 137 141 137 133 133 133 140 146 146 145 147 149 140 130
149 99 97 94 91 88 86 84 86 89 102 116 127 138 131 124 117 110 114 118 118 118 114 110 105 99 95 90 86 83 76 70 65 60 56 53 53 54 54 55 60 65 65 65 67 69 68 68 72 76 78 80 84 89 94 100 99 98 94 90 97 105 110 116 123 129 127 125 127 129 127 124 122 119 122 126 127 129 134 139 140 141 138 135 133 132 139 147 150 153 151 149 141 132
149 99 94 89 89 88 85 82 85 88 98 108 115 122 130 137 118 99 106 114 116 117 114 110 104 99 96 93 88 83 79 75 68 61 58 54 54 55 56 57 63 69 67 65 65 65 68 71 73 76 78 80 84 87 93 98 93 87 88 88 90 92 100 107 115 124 121 118 117 117 116 115 116 118 123 128 130 132 139 147 144 142 140 138 134 131 139 147 153 160 154 148 141 135
144 96 92 88 87 87 85 83 86 89 95 102 108 115 124 132 121 110 111 112 115 118 115 112 106 99 96 93 89 86 82 77 72 68 65 63 61 59 60 62 67 72 70 67 67 67 69 71 74 77 78 80 84 87 88 88 87 85 86 86 86 86 94 102 108 115 113 112 112 111 112 113 115 116 120 123 127 131 135 140 140 140 139 139 137 135 144 153 156 159 149 139 134 129
138 93 90 87 86 85 84 84 86 89 92 96 102 107 118 128 124 121 115 110 114 119 117 115 107 99 96 93 91 88 84 80 77 74 73 72 68 64 65 67 71 75 72 69 69 69 70 71 74 78 79 79 84 88 83 78 81 84 84 84 82 80 89 97 101 105 106 106 106 106 109 112 113 115 116 118 124 129 131 133 136 138 139 140 140 140 149 159 158 158 144 129 126 123
148 100 93 87 86 86 85 84 85 87 89 92 97 103 111 119 119 119 116 114 116 119 117 114 107 100 94 87 86 85 82 79 77 75 75 74 72 69 73 76 76 75 73 71 71 70 70 69 72 75 79 82 84 86 82 77 79 81 81 81 80 80 87 95 98 101 101 101 102 102 105 108 111 114 117 120 125 129 132 134 136 138 141 143 145 146 152 157 155 152 155 158 145 133
159 107 97 87 86 86 85 84 84 84 86 88 93 99 105 111 114 117 118 118 118 119 116 114 107 100 91 81 81 81 80 79 77 76 76 76 75 74 80 86 81 75 74 73 72 71 69 66 69 72 78 85 84 84 80 77 77 78 78 78 79 80 86 92 94 96 96 97 97 98 101 104 109 113 117 122 125 129 133 136 137 138 142 146 149 152 154 155 151 147 166 186 164 143
171 138 115 92 90 87 87 86 85 84 87 89 93 96 99 102 104 105 111 117 119 121 118 116 111 105 93 81 81 80 80 79 80 81 80 80 83 87 89 91 84 78 77 76 73 70 69 68 70 73 77 81 80 79 78 77 78 78 76 75 77 80 85 91 92 94 95 96 97 98 102 106 111 116 120 123 129 134 136 138 139 140 143 146 149 151 154 157 155 154 175 196 187 178
183 168 133 97 93 89 88 87 86 84 87 90 92 94 94 94 94 94 104 115 119 123 121 119 114 110 96 81 80 79 79 80 83 86 84 83 92 100 97 95 88 81 80 78 73 69 69 70 72 73 76 78 77 75 76 78 78 78 75 73 76 80 85 90 91 93 94 95 97 98 104 109 114 119 122 125 132 139 140 140 141 142 144 147 148 150 154 158 159 161 183 206 210 214
188 179 159 138 123 109 102 96 100 105 101 97 95 93 92 92 92 91 99 106 116 126 122 118 110 102 91 80 80 79 80 81 87 94 94 93 97 100 98 95 88 81 80 79 76 72 72 73 74 75 77 79 80 80 79 79 79 79 77 76 82 88 90 91 92 92 93 94 97 100 104 109 114 119 123 126 133 139 140 141 143 144 146 148 150 152 158 163 172 181 201 221 228 235
193 190 185 180 154 129 117 104 115 125 115 105 98 92 91 91 90 89 94 98 114 130 124 118 106 94 86 78 79 80 81 83 92 102 103 104 102 100 98 95 88 81 81 80 78 76 75 75 75 76 78 80 82 85 82 80 79 79 79 80 88 97 95 92 92 92 93 93 97 101 105 108 114 119 124 128 134 139 141 143 144 145 148 150 152 153 161 169 185 201 219 236 246 256
198 195 197 200 186 172 161 151 146 141 128 116 108 100 95 90 90 89 93 96 115 134 127 120 107 93 86 79 79 80 87 93 105 118 113 108 104 99 95 90 84 78 77 76 76 75 76 76 77 77 79 80 81 83 83 83 86 90 95 99 99 99 95 92 93 93 96 98 101 103 107 110 115 119 124 128 134 140 142 143 145 147 149 151 153 155 163 171 193 215 235 255 258 262
204 200 210 220 217 214 206 197 177 156 142 127 118 108 99 89 89 89 92 95 116 137 130 123 107 92 85 79 80 81 92 103 118 134 123 112 105 99 91 84 79 74 73 71 73 75 76 78 78 79 79 80 80 81 84 86 94 101 110 119 109 100 96 92 93 94 99 103 104 105 109 112 116 120 124 128 134 141 143 144 146 148 150 152 155 157 165 172 201 229 251 274 270 267
217 223 218 213 213 212 200 188 170 152 145 138 136 135 112 90 90 89 91 92 106 120 120 119 104 89 82 75 75 76 99 123 128 134 125 116 109 102 96 89 84 79 80 81 83 84 81 77 78 79 79 80 80 81 84 86 102 117 113 109 103 97 95 94 95 97 101 105 108 112 114 117 122 127 132 137 138 139 141 144 146 148 150 152 155 158 165 171 200 229 256 283 280 277
230 246 226 206 208 210 195 179 164 148 148 148 155 161 126 91 90 90 90 90 97 103 109 114 101 87 79 71 71 71 107 142 138 135 127 120 112 104 100 95 90 85 87 90 92 94 86 77 78 79 79 79 80 81 84 87 110 134 116 99 96 94 95 96 98 100 103 107 112 118 120 122 128 134 140 145 141 137 140 143 146 148 150 152 156 159 164 170 199 229 260 292 289 287
232 246 232 218 210 201 189 177 162 147 146 146 154 162 130 99 97 95 92 90 93 97 99 101 101 100 88 75 73 71 107 143 139 134 128 121 117 113 106 98 92 87 86 86 86 86 81 77 77 78 79 79 80 81 92 103 111 120 108 97 95 93 94 95 95 95 99 104 109 114 118 122 127 131 133 136 134 133 136 140 141 143 145 148 151 155 162 169 188 206 256 305 302 298
235 246 239 231 211 191 183 175 161 147 145 143 153 162 135 107 104 100 95 90 90 90 89 87 101 114 96 79 75 71 108 144 139 134 128 122 122 122 112 101 95 89 86 82 79 77 77 77 77 77 78 79 80 82 100 118 112 105 100 95 93 92 93 94 92 90 96 101 105 110 116 123 125 127 127 126 128 130 133 136 137 138 141 144 147 151 160 169 176 184 251 319 314 310
265 290 260 230 206 183 172 162 149 136 136 136 156 175 150 125 115 105 102 99 92 86 84 83 92 100 91 81 89 96 123 149 144 139 138 138 137 136 127 119 111 104 96 88 82 76 77 78 76 74 86 97 111 124 121 119 114 109 104 98 95 91 93 94 94 94 97 100 104 109 114 120 121 123 123 122 124 126 129 132 133 134 136 138 142 146 154 162 170 177 253 328 325 323
295 334 281 228 201 174 161 149 137 125 127 129 159 188 165 142 125 109 108 108 95 82 80 78 83 87 85 83 102 122 138 154 149 143 149 154 152 150 143 137 127 118 106 93 84 74 77 79 75 71 93 116 141 166 143 119 116 113 107 101 96 91 93 94 96 98 99 100 103 107 112 117 118 119 119 119 120 121 125 128 129 130 132 133 137 142 148 154 163 171 255 338 337 336
277 291 257 223 198 174 161 148 141 133 133 132 151 169 167 165 146 128 123 118 105 92 87 81 84 86 91 96 133 171 171 171 156 142 141 139 139 138 134 129 120 112 101 90 83 76 78 81 84 88 119 150 158 166 149 132 128 124 116 109 102 96 96 95 96 97 98 99 103 108 111 113 114 116 117 117 117 118 123 128 127 126 128 129 134 138 145 152 159 166 213 259 296 333
259 248 233 219 196 173 161 148 145 141 139 136 143 150 169 188 167 146 137 127 114 101 93 85 85 86 97 108 164 221 204 187 163 140 133 125 126 127 124 121 113 105 96 86 82 78 80 82 94 106 145 184 175 166 155 145 140 136 126 116 108 101 98 96 96 96 97 98 103 109 109 109 111 113 115 116 115 114 121 128 125 123 124 125 130 135 142 149 155 161 171 180 255 330
250 240 227 214 198 183 167 151 144 137 138 138 145 151 170 190 172 155 136 117 110 102 100 98 96 94 102 110 165 221 204 188 169 149 138 127 125 124 122 119 111 102 94 86 83 80 81 82 96 110 153 197 185 173 165 158 147 136 126 116 110 104 101 99 98 97 98 98 101 104 105 106 108 109 111 112 113 113 118 122 120 118 122 125 128 131 137 143 148 154 163 173 215 258
242 232 221 210 201 192 173 155 144 133 137 141 147 152 172 192 177 163 135 107 105 103 107 110 106 101 107 112 167 221 205 189 174 158 143 128 125 121 119 117 108 100 93 87 84 82 82 82 97 113 162 211 195 179 175 171 154 136 126 116 112 107 104 101 100 98 98 99 99 99 101 102 104 105 107 108 111 113 115 117 115 113 119 126 127 128 132 136 142 147 156 165 176 186
221 220 225 230 229 228 192 155 145 136 141 147 157 167 180 193 185 178 153 129 127 125 127 129 115 101 112 122 167 211 198 185 165 146 138 129 124 118 115 112 106 100 93 87 85 83 82 81 118 156 175 195 176 158 156 154 142 130 123 116 113 110 106 102 101 100 101 103 103 103 109 115 112 109 106 103 106 109 111 112 110 109 115 121 124 126 130 133 137 142 151 159 169 179
201 209 230 251 257 264 210 156 147 138 145 152 167 182 188 195 193 192 171 151 149 148 148 148 124 101 116 132 167 201 190 180 157 135 132 130 122 114 110 107 103 100 93 87 85 84 82 80 140 199 189 178 157 136 137 137 130 123 120 116 115 114 108 102 101 101 104 106 107 108 117 127 120 114 106 98 102 106 106 107 106 106 111 116 120 125 127 129 133 137 146 154 163 171
176 186 212 238 264 289 236 182 175 169 168 168 177 187 190 193 192 191 171 151 149 147 141 135 119 104 123 142 166 190 189 189 169 150 138 126 120 114 111 109 107 106 98 90 87 84 84 85 140 196 176 156 144 132 132 131 125 119 116 113 113 113 106 99 101 103 105 106 111 116 130 144 135 125 114 102 102 102 102 102 102 103 107 112 116 121 124 128 131 134 140 146 162 179
152 163 194 225 270 314 261 209 204 199 191 183 187 192 192 191 190 190 170 151 148 146 134 122 115 107 130 152 166 179 189 198 181 164 143 122 118 113 112 110 111 111 102 93 88 84 87 90 141 193 163 134 131 128 126 125 120 115 112 109 110 112 104 97 101 104 105 106 115 123 143 162 150 137 121 105 102 99 98 98 99 100 104 108 113 118 122 126 128 130 135 139 162 186
176 186 207 228 252 276 262 247 238 228 206 185 187 188 187 186 175 165 156 146 139 132 127 122 114 106 123 140 157 174 207 240 198 156 140 124 116 108 108 108 109 109 104 98 92 85 86 87 114 141 134 126 124 122 121 120 115 110 108 105 107 108 105 102 102 103 106 109 115 121 141 161 153 144 128 112 104 95 94 93 96 99 101 104 109 114 118 122 125 128 131 135 180 225
200 209 219 230 234 238 262 286 271 256 222 187 186 184 182 180 160 141 141 141 130 119 120 122 114 105 116 127 148 169 225 282 215 148 137 126 115 104 105 106 107 107 106 104 95 86 86 85 87 89 104 118 118 117 116 115 110 106 103 101 103 105 106 106 104 102 106 111 115 118 139 160 155 151 135 119 106 92 90 88 93 98 99 100 105 110 114 118 122 126 128 131 198 264
203 195 198 202 218 234 263 291 276 261 223 184 182 181 180 179 155 131 128 125 120 114 117 119 114 110 146 183 181 179 221 264 224 184 152 120 112 104 107 110 114 117 119 122 103 84 83 82 81 79 96 113 113 114 112 109 105 102 100 99 100 101 100 99 99 100 102 104 109 115 127 139 133 128 116 104 96 88 87 86 91 95 96 97 100 104 108 113 116 119 125 131 197 264
205 181 177 174 202 229 263 296 281 266 224 181 179 177 178 178 150 122 116 110 110 110 113 116 115 114 177 240 214 189 217 245 233 220 167 114 109 104 109 115 120 126 133 140 111 83 81 79 74 69 88 107 109 111 107 103 100 98 97 96 97 98 95 91 94 98 97 96 104 112 115 118 111 105 97 90 87 84 84 84 89 93 93 93 95 98 103 109 110 112 121 130 197 264
222 217 188 160 175 189 237 284 287 291 262 232 203 173 165 157 137 116 111 107 107 108 114 119 133 147 182 218 205 192 195 198 190 181 148 114 108 101 108 114 120 126 134 143 112 80 78 76 75 74 86 99 100 101 102 103 99 95 95 94 91 88 88 87 90 93 94 95 101 107 110 114 108 103 98 93 88 82 83 85 89 93 96 98 101 105 105 105 108 112 128 144 181 219
238 253 199 145 147 149 210 271 293 315 300 284 227 169 153 136 124 111 107 103 105 107 115 122 151 179 188 197 195 194 173 151 146 142 128 115 106 97 106 114 119 125 135 145 112 78 75 72 75 78 85 91 91 91 97 102 98 93 93 92 85 79 81 84 86 89 91 93 97 102 106 109 105 100 99 97 88 80 82 85 89 94 98 102 107 113 107 101 106 112 135 158 166 173
