homework/week5_homework_files/or_precip_1983_07.asc
ncols 407
nrows 229
xllcorner -124.73958333333
yllcorner 41.73958333333
cellsize 0.02083333333
NODATA_value -9999
[rows 0 to 46 of 229, columns 288 to 383 of 407]
-9999 -9999 -9999 -9999 -9999 -9999 -9999 -9999 -9999 -9999 -9999 -9999 -9999 -9999 -9999 -9999 -9999 -9999 -9999 -9999 -9999 -9999 -9999 -9999 -9999 -9999 -9999 -9999 -9999 -9999 -9999 -9999 -9999 -9999 -9999 -9999 -9999 -9999 -9999 -9999 -9999 -9999 -9999 -9999 -9999 -9999 -9999 -9999 -9999 -9999 -9999 -9999 -9999 -9999 -9999 -9999 -9999 -9999 -9999 -9999 -9999 -9999 -9999 -9999 -9999 -9999 -9999 -9999 -9999 -9999 -9999 -9999 -9999 -9999 -9999 -9999 -9999 -9999 -9999 -9999 -9999 -9999 -9999 -9999 -9999 -9999 -9999 -9999 -9999 -9999 -9999 -9999 -9999 -9999 -9999 -9999
-9999 -9999 -9999 -9999 -9999 -9999 -9999 -9999 -9999 -9999 -9999 -9999 -9999 -9999 -9999 -9999 -9999 -9999 -9999 -9999 -9999 -9999 -9999 -9999 -9999 -9999 -9999 -9999 -9999 -9999 -9999 -9999 -9999 -9999 -9999 -9999 -9999 -9999 -9999 -9999 -9999 -9999 -9999 -9999 -9999 -9999 -9999 -9999 -9999 -9999 -9999 -9999 -9999 -9999 -9999 -9999 -9999 -9999 -9999 -9999 -9999 -9999 -9999 -9999 -9999 -9999 -9999 -9999 -9999 -9999 -9999 -9999 -9999 -9999 -9999 -9999 -9999 -9999 -9999 -9999 -9999 -9999 -9999 -9999 -9999 -9999 -9999 -9999 -9999 -9999 -9999 -9999 -9999 -9999 -9999 -9999
-9999 -9999 -9999 -9999 -9999 -9999 -9999 -9999 -9999 -9999 -9999 -9999 -9999 -9999 -9999 -9999 -9999 -9999 -9999 -9999 -9999 -9999 -9999 -9999 -9999 -9999 -9999 -9999 -9999 -9999 -9999 -9999 -9999 -9999 -9999 -9999 -9999 -9999 -9999 -9999 -9999 -9999 -9999 -9999 -9999 -9999 -9999 -9999 -9999 -9999 -9999 -9999 -9999 -9999 -9999 -9999 -9999 -9999 -9999 -9999 -9999 -9999 -9999 -9999 -9999 -9999 -9999 -9999 -9999 -9999 -9999 -9999 -9999 -9999 -9999 -9999 -9999 -9999 -9999 -9999 -9999 -9999 -9999 -9999 -9999 -9999 -9999 -9999 -9999 -9999 -9999 -9999 -9999 -9999 -9999 -9999
-9999 -9999 -9999 -9999 -9999 -9999 -9999 -9999 -9999 -9999 -9999 -9999 -9999 -9999 -9999 -9999 -9999 -9999 -9999 -9999 -9999 -9999 -9999 -9999 -9999 -9999 -9999 -9999 -9999 -9999 -9999 -9999 -9999 -9999 -9999 -9999 -9999 -9999 -9999 -9999 -9999 -9999 -9999 -9999 -9999 -9999 -9999 -9999 -9999 -9999 -9999 -9999 -9999 -9999 -9999 -9999 -9999 -9999 -9999 -9999 -9999 -9999 -9999 -9999 -9999 -9999 -9999 -9999 -9999 -9999 -9999 -9999 -9999 -9999 -9999 -9999 -9999 -9999 -9999 -9999 -9999 -9999 -9999 -9999 -9999 -9999 -9999 -9999 -9999 -9999 -9999 -9999 -9999 -9999 -9999 -9999
-9999 -9999 -9999 -9999 -9999 -9999 -9999 -9999 -9999 -9999 -9999 -9999 -9999 -9999 -9999 -9999 -9999 -9999 -9999 -9999 -9999 -9999 -9999 -9999 -9999 -9999 -9999 -9999 -9999 -9999 -9999 -9999 -9999 -9999 -9999 -9999 -9999 -9999 -9999 -9999 -9999 -9999 -9999 -9999 -9999 -9999 -9999 -9999 -9999 -9999 -9999 -9999 -9999 -9999 -9999 -9999 -9999 -9999 -9999 -9999 -9999 -9999 -9999 -9999 -9999 -9999 -9999 -9999 -9999 -9999 -9999 -9999 -9999 -9999 -9999 -9999 -9999 -9999 -9999 -9999 -9999 -9999 -9999 -9999 -9999 -9999 -9999 -9999 -9999 -9999 -9999 -9999 -9999 -9999 -9999 -9999
-9999 -9999 -9999 -9999 -9999 -9999 -9999 -9999 -9999 -9999 -9999 -9999 -9999 -9999 -9999 -9999 -9999 -9999 -9999 -9999 -9999 -9999 -9999 -9999 -9999 -9999 -9999 -9999 -9999 -9999 -9999 -9999 -9999 -9999 -9999 -9999 -9999 -9999 -9999 -9999 -9999 -9999 -9999 -9999 -9999 -9999 -9999 -9999 -9999 -9999 -9999 -9999 -9999 -9999 -9999 -9999 -9999 -9999 -9999 -9999 -9999 -9999 -9999 -9999 -9999 -9999 -9999 -9999 -9999 -9999 -9999 -9999 -9999 -9999 -9999 -9999 -9999 -9999 -9999 -9999 -9999 -9999 -9999 -9999 -9999 -9999 -9999 -9999 -9999 -9999 -9999 -9999 -9999 -9999 -9999 -9999
-9999 -9999 -9999 -9999 -9999 -9999 -9999 -9999 -9999 -9999 -9999 -9999 -9999 -9999 -9999 -9999 -9999 -9999 -9999 -9999 -9999 -9999 -9999 -9999 -9999 -9999 -9999 -9999 -9999 -9999 -9999 -9999 -9999 -9999 -9999 -9999 -9999 -9999 -9999 -9999 -9999 -9999 -9999 -9999 -9999 -9999 -9999 -9999 -9999 -9999 -9999 -9999 -9999 -9999 -9999 -9999 -9999 -9999 -9999 -9999 -9999 -9999 -9999 -9999 -9999 -9999 -9999 -9999 -9999 -9999 -9999 -9999 -9999 -9999 -9999 -9999 -9999 -9999 -9999 -9999 -9999 -9999 -9999 -9999 -9999 -9999 -9999 -9999 -9999 -9999 -9999 -9999 -9999 -9999 -9999 -9999
-9999 -9999 -9999 -9999 -9999 -9999 -9999 -9999 -9999 -9999 -9999 -9999 -9999 -9999 -9999 -9999 -9999 -9999 -9999 -9999 -9999 -9999 -9999 -9999 -9999 -9999 -9999 -9999 -9999 -9999 -9999 -9999 -9999 -9999 -9999 -9999 -9999 -9999 -9999 -9999 -9999 -9999 -9999 -9999 -9999 -9999 -9999 -9999 -9999 -9999 -9999 -9999 -9999 -9999 -9999 -9999 -9999 -9999 -9999 -9999 -9999 -9999 -9999 -9999 -9999 -9999 -9999 -9999 -9999 -9999 -9999 -9999 -9999 -9999 -9999 -9999 -9999 -9999 -9999 -9999 -9999 -9999 -9999 -9999 -9999 -9999 -9999 -9999 -9999 -9999 -9999 -9999 -9999 -9999 -9999 -9999
-9999 -9999 -9999 -9999 -9999 -9999 -9999 -9999 -9999 -9999 -9999 -9999 -9999 -9999 -9999 -9999 -9999 -9999 -9999 -9999 -9999 -9999 -9999 -9999 -9999 -9999 -9999 -9999 -9999 -9999 -9999 -9999 -9999 -9999 -9999 -9999 -9999 -9999 -9999 -9999 -9999 -9999 -9999 -9999 -9999 -9999 -9999 -9999 -9999 -9999 -9999 -9999 -9999 -9999 -9999 -9999 -9999 -9999 -9999 -9999 -9999 -9999 -9999 -9999 -9999 -9999 -9999 -9999 -9999 -9999 -9999 -9999 -9999 -9999 -9999 -9999 -9999 -9999 -9999 -9999 -9999 -9999 -9999 -9999 -9999 -9999 -9999 -9999 -9999 -9999 -9999 -9999 -9999 -9999 -9999 -9999
-9999 -9999 -9999 -9999 -9999 -9999 -9999 -9999 -9999 -9999 -9999 -9999 -9999 -9999 -9999 -9999 -9999 -9999 -9999 -9999 -9999 -9999 -9999 -9999 -9999 -9999 -9999 -9999 -9999 -9999 -9999 -9999 -9999 -9999 -9999 -9999 -9999 -9999 -9999 -9999 -9999 -9999 -9999 -9999 -9999 -9999 -9999 -9999 -9999 -9999 -9999 -9999 -9999 -9999 -9999 -9999 -9999 -9999 -9999 -9999 -9999 -9999 -9999 -9999 -9999 -9999 -9999 -9999 -9999 -9999 -9999 -9999 -9999 -9999 -9999 -9999 -9999 -9999 -9999 -9999 -9999 -9999 -9999 -9999 -9999 -9999 -9999 -9999 -9999 -9999 -9999 -9999 -9999 -9999 -9999 -9999
-9999 -9999 -9999 -9999 -9999 -9999 -9999 -9999 -9999 -9999 -9999 -9999 -9999 -9999 -9999 -9999 -9999 -9999 -9999 -9999 -9999 -9999 -9999 -9999 -9999 -9999 -9999 -9999 -9999 -9999 -9999 -9999 -9999 -9999 -9999 -9999 -9999 -9999 -9999 -9999 -9999 -9999 -9999 -9999 -9999 -9999 -9999 -9999 -9999 -9999 -9999 -9999 -9999 -9999 -9999 -9999 -9999 -9999 -9999 -9999 -9999 -9999 -9999 -9999 -9999 -9999 -9999 -9999 -9999 -9999 -9999 -9999 -9999 -9999 -9999 -9999 -9999 -9999 -9999 -9999 -9999 -9999 -9999 -9999 -9999 -9999 -9999 -9999 -9999 -9999 -9999 -9999 -9999 -9999 -9999 -9999
-9999 -9999 -9999 -9999 -9999 -9999 -9999 -9999 -9999 -9999 -9999 -9999 -9999 -9999 -9999 -9999 -9999 -9999 -9999 -9999 -9999 -9999 -9999 -9999 -9999 -9999 -9999 -9999 -9999 -9999 -9999 -9999 -9999 -9999 -9999 -9999 -9999 -9999 -9999 -9999 -9999 -9999 -9999 -9999 -9999 -9999 -9999 -9999 -9999 -9999 -9999 -9999 -9999 -9999 -9999 -9999 -9999 -9999 -9999 -9999 -9999 -9999 -9999 -9999 -9999 -9999 -9999 -9999 -9999 -9999 -9999 -9999 -9999 -9999 -9999 -9999 -9999 -9999 -9999 -9999 -9999 -9999 -9999 -9999 -9999 -9999 -9999 -9999 -9999 -9999 -9999 -9999 -9999 -9999 -9999 -9999
-9999 -9999 -9999 -9999 -9999 -9999 -9999 -9999 -9999 -9999 -9999 -9999 -9999 -9999 -9999 -9999 -9999 -9999 -9999 -9999 -9999 -9999 -9999 -9999 -9999 -9999 -9999 -9999 -9999 -9999 -9999 -9999 -9999 -9999 -9999 -9999 -9999 -9999 -9999 -9999 -9999 -9999 -9999 -9999 -9999 -9999 -9999 -9999 -9999 -9999 -9999 -9999 -9999 -9999 -9999 -9999 -9999 -9999 -9999 -9999 -9999 -9999 -9999 -9999 -9999 -9999 -9999 -9999 -9999 -9999 -9999 -9999 -9999 -9999 -9999 -9999 -9999 -9999 -9999 -9999 -9999 -9999 -9999 -9999 -9999 -9999 -9999 -9999 -9999 -9999 -9999 -9999 -9999 -9999 -9999 -9999
-9999 -9999 -9999 -9999 -9999 -9999 -9999 -9999 -9999 -9999 -9999 -9999 -9999 -9999 -9999 -9999 -9999 -9999 -9999 -9999 -9999 -9999 -9999 -9999 -9999 -9999 -9999 -9999 -9999 -9999 -9999 -9999 -9999 -9999 -9999 -9999 -9999 -9999 -9999 -9999 -9999 -9999 -9999 -9999 -9999 -9999 -9999 -9999 -9999 -9999 -9999 -9999 -9999 -9999 -9999 -9999 -9999 -9999 -9999 -9999 -9999 -9999 -9999 -9999 -9999 -9999 -9999 -9999 -9999 -9999 -9999 -9999 -9999 -9999 -9999 -9999 -9999 -9999 -9999 -9999 -9999 -9999 -9999 -9999 -9999 -9999 -9999 -9999 -9999 -9999 -9999 -9999 -9999 -9999 -9999 -9999
-9999 -9999 -9999 -9999 -9999 -9999 -9999 -9999 -9999 -9999 -9999 -9999 -9999 -9999 -9999 -9999 -9999 -9999 -9999 -9999 -9999 -9999 -9999 -9999 -9999 -9999 -9999 -9999 -9999 -9999 -9999 -9999 -9999 -9999 -9999 -9999 -9999 -9999 -9999 -9999 -9999 -9999 -9999 -9999 -9999 -9999 -9999 -9999 -9999 -9999 -9999 -9999 -9999 -9999 -9999 -9999 -9999 -9999 -9999 -9999 -9999 -9999 -9999 -9999 -9999 -9999 -9999 -9999 -9999 -9999 -9999 -9999 -9999 -9999 -9999 -9999 -9999 -9999 -9999 -9999 -9999 -9999 -9999 -9999 -9999 -9999 -9999 -9999 -9999 -9999 -9999 -9999 -9999 -9999 -9999 -9999
-9999 -9999 -9999 -9999 -9999 -9999 -9999 -9999 -9999 -9999 -9999 -9999 -9999 -9999 -9999 -9999 -9999 -9999 -9999 -9999 -9999 -9999 -9999 -9999 -9999 -9999 -9999 -9999 -9999 -9999 -9999 -9999 -9999 -9999 -9999 -9999 -9999 -9999 -9999 -9999 -9999 -9999 -9999 -9999 -9999 -9999 -9999 -9999 -9999 -9999 -9999 -9999 -9999 -9999 -9999 -9999 -9999 -9999 -9999 -9999 -9999 -9999 -9999 -9999 -9999 -9999 -9999 -9999 -9999 -9999 -9999 -9999 -9999 -9999 -9999 -9999 -9999 -9999 -9999 -9999 -9999 -9999 -9999 -9999 -9999 -9999 -9999 -9999 -9999 -9999 -9999 -9999 -9999 -9999 -9999 -9999
-9999 -9999 -9999 -9999 -9999 -9999 -9999 -9999 -9999 -9999 -9999 -9999 -9999 -9999 -9999 -9999 -9999 -9999 -9999 -9999 -9999 -9999 -9999 -9999 -9999 -9999 -9999 -9999 -9999 -9999 -9999 -9999 -9999 -9999 -9999 -9999 -9999 -9999 -9999 -9999 -9999 -9999 -9999 -9999 -9999 -9999 -9999 -9999 -9999 -9999 -9999 -9999 -9999 -9999 -9999 -9999 -9999 -9999 -9999 -9999 -9999 -9999 -9999 -9999 -9999 -9999 -9999 -9999 -9999 -9999 -9999 -9999 -9999 -9999 -9999 -9999 -9999 -9999 -9999 -9999 -9999 -9999 -9999 -9999 -9999 -9999 -9999 -9999 -9999 -9999 -9999 -9999 -9999 -9999 -9999 -9999
-9999 -9999 -9999 -9999 -9999 -9999 -9999 -9999 -9999 -9999 -9999 -9999 -9999 -9999 -9999 -9999 -9999 -9999 -9999 -9999 -9999 -9999 -9999 -9999 -9999 -9999 -9999 -9999 -9999 -9999 -9999 -9999 -9999 -9999 -9999 -9999 -9999 -9999 -9999 -9999 -9999 -9999 -9999 -9999 -9999 -9999 -9999 -9999 -9999 -9999 -9999 -9999 -9999 -9999 -9999 -9999 -9999 -9999 -9999 -9999 -9999 -9999 -9999 -9999 -9999 -9999 -9999 -9999 -9999 -9999 -9999 -9999 -9999 -9999 -9999 -9999 -9999 -9999 -9999 -9999 -9999 -9999 -9999 -9999 -9999 -9999 -9999 -9999 -9999 -9999 -9999 -9999 -9999 -9999 -9999 -9999
-9999 -9999 -9999 -9999 -9999 -9999 -9999 -9999 -9999 -9999 -9999 -9999 -9999 -9999 -9999 -9999 -9999 -9999 -9999 -9999 -9999 -9999 -9999 -9999 -9999 -9999 -9999 -9999 -9999 -9999 -9999 -9999 -9999 -9999 -9999 -9999 -9999 -9999 -9999 -9999 -9999 -9999 -9999 -9999 -9999 -9999 -9999 -9999 -9999 -9999 -9999 -9999 -9999 -9999 -9999 -9999 -9999 -9999 -9999 -9999 -9999 -9999 -9999 -9999 -9999 -9999 -9999 -9999 -9999 -9999 -9999 -9999 -9999 -9999 -9999 -9999 -9999 -9999 -9999 -9999 -9999 -9999 -9999 -9999 -9999 -9999 -9999 -9999 -9999 -9999 -9999 -9999 -9999 -9999 -9999 -9999
-9999 -9999 -9999 -9999 -9999 -9999 -9999 -9999 -9999 -9999 -9999 -9999 -9999 -9999 -9999 -9999 -9999 -9999 -9999 -9999 -9999 -9999 -9999 -9999 -9999 -9999 -9999 -9999 -9999 -9999 -9999 -9999 -9999 -9999 -9999 -9999 -9999 -9999 -9999 -9999 -9999 -9999 -9999 -9999 -9999 -9999 -9999 -9999 -9999 -9999 -9999 -9999 -9999 -9999 -9999 -9999 -9999 -9999 -9999 -9999 -9999 -9999 -9999 -9999 -9999 -9999 -9999 -9999 -9999 -9999 -9999 -9999 -9999 -9999 -9999 -9999 -9999 -9999 -9999 -9999 -9999 -9999 -9999 -9999 -9999 -9999 -9999 -9999 -9999 -9999 -9999 -9999 -9999 -9999 -9999 -9999
-9999 -9999 -9999 26 26 27 27 27 28 28 28 27 28 28 29 30 31 33 36 39 41 43 42 40 41 41 38 36 40 44 49 54 58 62 64 67 70 72 79 86 87 88 87 86 84 83 80 76 73 70 80 91 78 65 68 71 74 76 73 70 -9999 -9999 -9999 -9999 -9999 -9999 -9999 -9999 -9999 -9999 -9999 -9999 -9999 -9999 -9999 -9999 -9999 -9999 -9999 -9999 -9999 -9999 -9999 -9999 -9999 -9999 -9999 -9999 -9999 -9999 -9999 -9999 -9999 -9999 -9999 -9999
25 25 25 26 26 27 26 25 26 26 26 26 26 27 28 29 31 33 36 40 41 42 41 40 40 40 38 37 41 46 50 55 59 64 67 70 71 71 80 89 87 85 88 90 88 85 82 79 75 71 77 84 73 61 60 59 60 62 66 70 69 68 62 57 51 44 44 44 41 38 40 41 44 47 48 48 43 39 39 38 38 38 33 28 30 33 36 39 -9999 -9999 -9999 -9999 -9999 -9999 -9999 -9999
25 25 26 26 26 26 25 24 24 24 24 25 25 26 27 28 30 33 37 42 41 40 40 39 39 39 38 38 43 48 51 55 61 67 70 73 72 71 81 91 87 82 88 95 91 88 85 82 77 72 74 77 67 57 51 46 46 47 59 70 65 60 55 51 45 38 36 35 33 31 33 34 40 46 47 48 39 30 29 29 29 29 27 26 34 42 37 32 40 -9999 -9999 -9999 -9999 -9999 -9999 -9999
26 27 27 27 26 25 25 24 24 25 25 26 26 26 27 28 30 33 37 40 40 40 39 39 39 38 43 47 49 50 54 57 60 64 66 68 72 77 85 92 86 81 85 89 86 83 82 80 74 67 67 67 62 57 54 52 50 47 55 62 58 54 49 44 38 32 35 37 36 35 39 42 44 47 47 47 42 37 36 34 33 32 34 36 39 42 36 30 36 41 -9999 -9999 -9999 -9999 -9999 -9999
27 29 28 28 26 24 24 24 25 26 26 26 26 27 27 28 30 33 36 39 39 39 39 39 38 38 47 57 54 52 56 59 60 61 62 63 73 83 88 93 86 79 81 82 81 79 79 78 70 62 59 57 57 56 57 58 53 48 51 53 51 49 43 37 32 27 33 39 39 40 44 49 49 48 47 46 46 45 42 39 37 34 40 45 43 42 35 28 31 34 45 -9999 -9999 -9999 -9999 -9999
27 28 28 28 27 27 26 26 27 27 27 26 26 26 26 26 28 30 33 36 37 38 37 37 37 37 47 57 58 59 62 64 64 64 67 70 77 84 84 85 83 82 79 77 73 69 69 69 63 57 60 64 61 59 57 55 52 48 50 52 51 50 43 36 36 35 39 42 43 44 48 51 50 49 47 45 45 44 42 40 41 41 45 50 48 45 39 33 33 33 40 47 -9999 -9999 -9999 -9999
27 28 28 28 28 29 29 29 28 28 27 26 25 24 24 24 26 28 31 34 35 36 36 36 36 37 47 58 62 66 67 69 68 68 72 76 81 86 81 76 80 84 77 71 65 59 59 59 56 53 62 70 66 62 57 53 51 48 50 51 51 51 43 35 39 43 44 46 47 49 51 54 52 50 47 44 44 44 43 42 45 47 51 55 52 48 43 38 34 31 34 37 42 -9999 -9999 -9999
27 28 28 28 29 29 29 29 29 29 28 27 26 26 26 26 27 28 30 32 33 33 34 34 37 40 49 58 63 68 69 69 70 71 76 81 83 85 80 74 76 77 73 70 67 65 67 68 65 62 65 68 64 60 57 54 52 50 49 49 49 49 43 37 41 44 46 47 48 49 52 55 52 48 47 46 48 50 48 45 47 48 50 52 51 50 47 43 37 30 35 39 43 46 -9999 -9999
27 28 28 29 29 29 29 29 29 29 28 28 27 27 28 28 28 29 29 30 30 31 32 32 38 44 51 58 64 71 70 70 72 74 79 85 85 85 79 73 71 70 69 68 70 71 74 77 74 70 68 66 63 59 57 55 53 51 49 47 47 48 44 40 43 45 47 49 49 49 53 57 52 47 48 49 52 55 52 49 49 49 49 48 50 52 50 48 39 29 35 41 43 45 -9999 -9999
26 28 28 28 29 29 29 29 29 29 29 28 28 27 27 28 28 28 29 29 30 31 31 31 35 40 49 58 62 66 67 67 70 73 75 77 80 82 79 76 75 74 74 74 74 74 72 70 63 57 55 53 53 52 52 52 50 48 45 43 44 44 43 43 44 46 47 49 49 49 50 51 50 49 51 53 53 53 51 50 50 51 52 52 54 56 52 48 41 34 36 37 38 40 38 36
26 28 28 28 28 29 29 29 29 29 29 29 28 27 27 28 28 28 28 29 30 31 30 29 32 36 47 58 60 62 63 63 67 72 71 70 74 79 79 80 79 78 79 81 79 76 69 62 53 44 42 41 42 44 47 49 47 44 41 39 40 41 43 46 46 46 47 48 49 50 47 45 48 51 54 57 54 50 50 50 52 54 55 56 57 59 54 48 44 39 36 34 34 34 35 35
27 28 28 28 28 28 28 28 28 28 28 27 26 25 25 24 25 26 28 30 32 35 36 36 39 41 46 50 53 55 57 58 63 68 71 73 75 78 75 73 73 73 74 75 73 71 62 53 51 49 46 44 43 43 45 46 44 43 41 39 40 41 43 45 46 47 48 49 50 51 48 46 48 50 52 55 53 51 51 51 52 53 54 55 57 58 52 46 44 41 39 37 35 33 33 34
27 29 28 27 27 27 27 27 27 27 26 25 24 23 22 21 23 24 28 31 35 39 41 43 45 47 45 43 46 49 51 53 59 64 71 77 77 76 71 66 67 68 69 70 67 65 55 45 49 54 50 47 44 42 43 43 42 41 41 40 41 42 43 45 46 48 49 49 51 52 49 46 48 50 51 52 52 52 52 51 52 53 54 54 56 57 51 45 44 43 42 40 36 31 32 33
27 28 27 27 27 27 27 27 26 26 25 24 23 23 22 22 26 30 33 37 39 41 43 44 46 48 48 49 52 56 58 61 64 68 70 72 71 70 66 62 61 61 62 63 61 60 52 44 46 49 47 45 44 43 44 46 44 43 43 42 44 45 44 43 46 49 50 51 53 55 51 48 49 50 50 49 52 55 54 54 54 53 54 54 53 52 49 46 46 47 44 41 39 36 35 33
27 27 27 27 27 26 26 26 25 25 24 22 23 23 22 22 29 35 39 43 44 44 44 44 47 49 52 54 59 63 66 69 70 71 69 67 65 64 60 57 55 53 55 56 55 54 49 43 43 44 44 44 44 43 46 48 46 45 45 45 46 48 45 42 46 51 52 53 55 57 53 50 50 50 48 47 52 58 57 56 55 54 54 53 51 48 48 48 49 50 46 41 41 42 38 34
26 27 27 27 26 26 26 25 26 26 25 25 25 26 26 27 32 37 40 43 44 44 44 43 45 46 50 53 55 56 60 65 68 71 68 64 61 57 54 51 50 48 50 52 50 47 45 42 44 45 45 45 45 45 46 48 46 45 45 45 47 48 46 44 47 49 51 53 55 56 53 49 51 53 50 47 52 57 55 54 53 53 53 53 50 47 46 45 48 50 49 48 44 40 36 31
25 26 26 26 26 26 25 25 26 27 27 27 28 29 30 31 35 39 42 44 44 45 43 41 43 44 48 52 50 49 55 61 65 70 66 62 56 50 48 46 44 43 45 48 44 40 41 42 45 47 46 45 46 47 47 47 46 46 46 46 47 48 47 47 47 47 50 53 54 56 52 49 52 56 52 48 52 56 53 51 51 51 52 53 50 47 44 42 46 50 53 55 47 38 33 28
24 26 26 26 26 26 26 27 27 28 28 28 30 32 33 35 37 39 40 41 42 44 44 44 44 44 46 47 48 50 57 64 68 71 69 66 60 53 48 43 41 40 41 42 40 39 40 41 43 44 43 43 43 43 45 46 46 46 47 47 48 49 48 48 48 48 50 52 53 55 52 50 52 55 51 48 50 52 51 50 50 51 50 48 48 47 45 44 48 52 52 51 44 37 35 34
24 25 25 26 26 26 27 28 28 28 29 30 32 34 36 38 38 39 39 39 41 43 45 46 46 45 44 43 47 51 59 67 70 73 71 70 63 56 48 40 38 37 36 36 37 37 39 40 41 41 41 40 40 40 43 46 46 47 48 49 49 50 49 49 49 49 50 51 52 54 52 51 52 53 51 48 49 49 49 49 50 51 47 44 45 47 47 46 50 54 51 47 42 37 38 39
23 24 25 25 26 26 27 27 28 28 29 29 32 34 35 36 36 37 38 40 41 42 44 45 45 45 42 39 47 55 61 67 68 70 65 60 55 51 46 41 39 37 38 38 39 39 39 39 39 38 38 38 39 40 42 45 45 45 46 47 48 50 50 50 50 49 49 50 50 51 49 48 48 49 47 46 46 46 47 47 48 48 46 44 46 48 48 48 48 48 45 43 40 37 38 39
22 23 24 25 25 26 26 26 27 28 28 28 31 34 34 34 34 35 38 41 42 42 43 44 45 45 41 36 48 60 63 66 66 67 58 50 47 45 43 41 39 37 39 41 41 41 39 38 37 35 35 35 38 41 42 43 43 44 44 44 47 50 51 51 50 49 49 48 48 48 47 45 44 44 43 43 43 43 44 45 45 45 45 44 46 48 49 51 47 42 40 38 38 38 39 40
22 24 25 25 26 27 28 28 29 29 29 28 29 30 31 31 33 35 37 40 41 42 44 47 47 48 46 44 50 56 56 56 59 62 55 48 45 41 41 41 38 35 38 40 40 41 40 39 38 37 37 37 41 45 44 42 43 43 44 44 47 50 51 52 50 48 48 47 47 47 44 41 41 40 40 39 39 39 40 40 41 41 41 41 42 42 45 47 45 42 40 38 40 43 43 42
23 24 25 26 27 28 29 31 31 30 29 28 27 26 27 28 32 35 37 38 40 42 46 49 50 51 52 53 53 52 50 47 52 58 52 47 42 38 39 40 36 33 36 40 40 41 40 39 39 38 39 39 44 49 46 42 43 43 44 44 47 49 51 52 50 48 47 46 46 46 42 38 37 36 36 36 35 35 35 36 36 37 37 38 37 37 40 44 43 42 40 38 43 48 46 44
24 25 26 27 28 29 29 30 29 28 27 26 26 26 27 28 30 32 34 35 37 40 44 48 49 49 49 48 51 54 49 45 47 50 48 46 43 40 37 34 35 35 38 41 42 42 41 41 40 40 41 41 45 49 46 43 44 44 44 45 46 48 49 50 47 45 44 44 43 41 38 35 35 35 33 32 31 31 31 31 33 34 34 35 35 36 39 42 43 45 43 40 43 46 46 47
25 26 28 29 29 29 29 29 28 26 25 23 25 26 27 28 29 29 30 31 34 37 43 48 48 48 45 43 49 55 49 44 43 41 43 45 44 43 36 29 33 37 40 43 43 44 43 42 42 43 43 43 46 49 47 45 45 44 45 45 46 48 48 48 45 42 42 42 39 37 35 33 33 34 31 28 27 26 26 27 29 31 31 32 33 35 37 39 44 49 46 42 43 44 46 49
27 28 29 29 29 30 28 27 26 26 25 23 24 25 26 27 28 30 31 32 34 36 38 41 41 41 41 42 50 58 49 41 40 39 40 41 42 43 37 31 34 38 41 44 45 46 46 46 45 43 44 44 46 47 50 52 49 47 45 44 44 43 43 42 41 39 39 39 37 35 33 31 30 29 28 28 27 26 26 27 29 31 33 35 35 36 39 43 45 48 45 42 44 45 47 48
28 30 30 29 30 31 28 25 25 25 24 24 23 23 24 25 27 30 31 32 33 35 34 33 33 34 37 40 50 61 49 37 37 36 37 38 41 44 38 33 36 39 41 44 46 48 49 50 47 44 44 45 45 46 52 59 54 49 46 44 41 39 38 36 37 37 37 36 35 33 31 29 27 24 26 28 27 26 26 27 29 31 34 38 38 38 42 46 46 46 44 42 44 47 47 48
