homework/week5_homework_files/or_precip_1983_04.asc
ncols 407
nrows 229
xllcorner -124.73958333333
yllcorner 41.73958333333
cellsize 0.02083333333
NODATA_value -9999
[rows 45 to 89 of 229, columns 192 to 287 of 407]
13 13 13 13 13 13 13 13 13 12 13 15 15 15 14 14 14 15 15 15 15 15 15 15 16 16 16 16 16 16 16 16 17 17 17 17 17 17 17 16 17 17 18 18 19 20 21 21 20 19 19 19 20 20 21 22 22 23 24 25 25 25 25 25 25 25 27 30 30 30 30 30 30 31 32 33 34 35 35 36 36 37 38 39 38 38 37 36 35 34 32 31 31 30 31 31
15 15 14 14 13 13 13 13 13 13 14 15 15 16 15 15 15 15 14 14 14 15 14 14 15 17 17 17 17 17 17 17 18 19 18 18 17 17 17 17 18 19 19 20 20 21 21 22 21 21 21 21 21 22 23 23 24 25 26 27 27 27 26 26 27 27 28 30 30 31 30 30 32 33 34 35 36 37 38 39 39 39 40 42 41 39 39 40 38 37 35 34 33 32 33 33
15 15 15 14 14 14 14 14 14 14 15 16 16 17 16 16 15 14 14 14 15 16 16 15 16 17 17 17 17 17 18 18 18 19 19 19 19 19 18 18 18 19 19 19 20 21 21 22 22 22 22 22 23 24 25 26 26 27 28 28 29 29 30 30 30 30 31 32 33 33 33 32 33 35 35 35 36 37 39 41 41 41 41 42 41 40 40 40 39 39 37 34 34 34 35 35
16 15 15 14 14 14 15 16 16 16 16 17 17 18 17 17 15 14 14 14 16 17 17 17 17 17 17 17 18 18 19 19 19 19 19 20 20 21 20 20 19 18 19 19 20 20 21 22 22 23 24 24 25 25 27 28 28 29 29 30 31 32 33 34 34 33 34 34 35 36 35 34 35 37 36 35 36 38 40 42 42 43 42 41 41 40 40 40 40 40 38 35 36 36 36 37
17 15 15 16 15 15 16 17 17 17 16 15 17 18 18 17 17 17 17 17 17 17 18 19 19 19 19 20 19 18 19 21 21 20 20 20 20 21 21 21 21 21 22 23 22 22 22 22 22 23 24 25 26 27 29 30 30 31 30 30 31 32 33 34 34 34 34 34 35 36 37 37 38 38 37 37 38 39 39 40 41 42 41 39 40 40 40 40 40 40 38 37 39 40 40 40
17 16 16 17 17 16 17 18 18 19 17 14 16 19 18 17 18 20 20 20 19 18 19 20 20 21 21 22 20 18 20 22 22 22 21 20 21 21 22 23 23 24 25 26 25 23 22 22 22 23 24 26 28 29 31 32 32 32 32 31 32 32 33 34 34 34 35 35 36 37 39 41 40 39 39 39 39 39 39 39 40 41 39 37 38 40 39 39 39 39 39 39 42 45 44 44
18 17 18 19 18 18 19 21 20 19 16 13 17 20 20 19 21 22 21 20 20 20 21 21 22 22 24 26 24 21 21 21 23 24 23 22 23 23 24 25 25 25 26 26 25 23 24 24 24 24 25 26 27 28 30 31 32 33 33 33 34 34 35 35 36 36 36 36 36 36 38 40 39 39 38 37 37 37 38 38 38 38 37 36 37 39 39 39 39 39 39 39 40 42 43 44
19 19 20 20 20 20 22 24 22 20 16 12 17 22 22 22 23 24 22 20 21 21 22 22 23 23 26 30 27 24 22 20 24 27 26 25 25 25 26 27 27 26 26 26 25 24 25 25 25 25 25 25 26 27 29 30 32 33 34 35 36 37 37 37 38 39 38 37 36 35 37 38 38 38 37 36 35 34 36 37 36 35 35 35 36 38 38 38 38 38 38 39 39 39 41 44
20 20 20 21 21 21 20 20 18 17 14 11 17 23 24 25 26 27 25 24 23 22 24 25 27 28 31 33 31 29 26 24 24 25 25 26 26 26 26 26 26 27 27 27 26 26 26 27 27 27 27 27 28 29 29 29 31 33 34 35 35 36 37 38 38 38 38 37 37 36 37 38 38 38 37 36 35 34 35 36 35 34 35 36 36 36 36 36 37 37 38 39 39 39 40 40
20 20 21 22 22 22 19 16 15 14 13 11 18 24 26 28 29 30 29 28 25 22 25 28 31 33 35 36 35 33 31 28 25 23 25 27 27 27 26 25 26 27 27 28 28 28 28 28 29 29 29 28 29 30 29 29 31 33 33 34 34 35 37 38 38 38 38 38 38 37 37 37 37 37 36 36 35 34 34 34 34 33 34 36 35 34 35 35 35 35 37 39 39 39 38 37
25 25 24 24 25 26 24 22 18 14 16 19 20 22 24 27 29 32 31 31 29 27 30 32 33 34 35 35 34 34 31 28 27 26 26 27 27 27 27 27 28 28 28 29 30 30 29 28 30 31 31 30 31 32 32 32 32 32 33 34 35 37 38 38 38 37 38 40 39 39 38 38 38 38 38 38 36 34 34 34 33 31 35 38 36 34 34 34 35 35 39 43 43 43 43 43
30 29 27 25 28 30 29 27 21 15 20 26 23 20 23 25 30 34 34 33 33 32 34 36 36 35 35 34 34 34 31 28 28 29 28 27 28 28 29 29 29 29 29 30 31 33 31 28 31 33 33 33 34 35 35 36 33 31 32 34 36 38 38 38 37 36 38 41 41 41 40 38 38 38 39 40 37 35 34 33 32 30 35 39 36 33 34 34 34 34 41 47 47 47 47 48
28 28 27 26 27 29 27 24 19 14 20 25 24 24 26 28 31 35 36 38 37 37 37 37 37 38 37 36 35 34 33 31 30 29 30 31 30 30 31 31 31 31 32 33 33 34 33 32 32 32 33 34 35 36 37 38 37 36 36 37 39 42 41 40 39 38 40 42 44 45 44 43 43 43 43 42 41 40 39 37 35 32 37 42 38 35 34 34 36 39 42 45 46 47 45 44
27 26 26 27 27 28 25 21 18 14 19 25 26 27 28 30 32 35 39 43 42 41 40 38 39 40 39 37 36 35 35 35 32 29 32 34 33 32 33 34 34 34 35 36 35 34 35 36 34 31 33 36 37 38 39 40 41 41 40 39 42 46 44 42 40 39 41 44 46 48 48 47 48 48 46 45 45 46 43 41 38 35 40 45 40 36 35 34 39 43 43 43 45 47 44 40
27 27 27 28 27 26 26 25 20 15 21 27 28 29 32 35 37 39 42 46 46 46 44 42 42 42 41 40 39 39 38 38 35 32 33 33 34 35 36 37 38 39 39 40 40 39 40 40 36 32 33 34 35 37 38 39 40 42 42 42 44 47 46 45 46 46 48 51 52 53 53 52 51 51 50 49 49 50 48 46 41 36 42 47 43 40 39 37 41 46 46 47 47 48 47 45
27 27 28 28 27 25 27 29 23 16 23 29 30 32 36 40 41 43 46 50 51 52 49 46 45 45 43 42 42 43 42 42 38 35 33 31 35 38 40 41 42 43 44 44 44 45 45 44 39 33 33 32 34 36 37 38 40 42 43 45 46 47 48 49 51 52 55 58 58 58 58 57 55 53 53 53 53 53 52 51 44 38 43 48 47 45 42 39 43 48 49 50 50 49 49 50
28 28 28 29 27 26 28 29 23 17 22 26 28 30 33 37 38 40 43 47 48 48 45 43 42 42 42 41 41 41 41 41 40 39 38 37 36 36 39 43 44 46 45 44 46 47 45 43 40 36 37 37 38 38 40 41 40 40 41 42 46 49 53 56 57 59 59 59 61 62 60 57 56 55 55 55 56 56 55 54 48 42 44 46 43 39 38 37 40 43 44 45 47 48 48 49
28 29 29 29 28 27 28 29 23 18 21 24 26 28 31 34 35 37 40 44 44 45 42 39 39 40 40 40 39 39 40 41 41 42 42 42 38 34 39 45 46 48 46 44 47 49 46 42 41 39 41 42 41 41 42 43 40 37 38 39 45 52 57 63 64 65 63 61 64 66 62 58 58 58 58 58 58 59 58 58 51 45 44 44 39 33 35 36 37 38 40 41 43 46 47 47
29 29 29 29 28 28 28 27 24 22 23 25 24 22 25 27 30 33 34 34 36 38 38 39 38 37 38 38 39 39 42 44 45 47 48 48 44 39 43 47 48 50 48 46 47 48 46 44 43 42 43 44 44 44 44 45 45 45 47 49 53 57 59 62 64 66 64 62 64 66 64 62 62 61 60 59 59 59 59 59 53 48 44 41 36 31 31 32 33 34 37 39 41 43 44 45
29 29 29 29 29 29 27 25 25 26 26 26 21 17 19 20 25 30 27 24 27 30 35 39 37 34 35 37 38 40 43 46 49 52 54 55 49 44 47 50 51 51 49 48 47 47 46 45 45 45 45 46 46 47 46 46 50 54 56 58 60 62 62 61 64 67 65 64 65 66 66 67 66 65 63 60 60 59 59 59 55 50 44 38 33 28 28 29 29 30 34 37 39 41 42 43
30 30 30 30 30 30 28 26 27 28 27 27 22 17 23 30 33 37 35 34 37 39 41 43 43 43 43 43 43 44 48 53 54 55 55 56 53 50 50 50 52 53 52 50 49 47 47 46 46 47 47 47 49 50 53 55 57 60 61 63 64 66 67 68 69 71 68 65 65 65 64 64 63 63 61 60 60 59 59 58 53 48 43 38 33 28 28 28 29 30 33 36 38 40 42 45
30 30 30 31 31 31 29 27 29 30 29 28 23 18 28 39 41 43 44 45 46 48 48 48 49 51 50 50 49 48 53 59 58 58 57 57 56 56 53 50 53 55 54 53 50 48 47 47 48 49 49 49 51 53 59 64 65 66 66 67 68 70 72 74 75 75 71 66 65 64 63 62 61 60 60 60 59 59 58 57 52 47 43 39 34 29 28 28 28 29 32 35 37 39 43 47
31 31 31 31 31 30 29 28 30 31 29 26 27 27 34 41 43 45 46 46 47 48 50 51 54 57 58 58 57 57 59 60 59 58 59 59 58 58 56 55 54 53 55 56 54 52 52 52 54 56 54 51 54 56 58 60 61 62 66 70 69 69 70 72 72 72 69 66 65 63 62 61 61 60 60 59 59 58 58 57 51 45 41 37 36 34 35 37 36 36 39 43 43 43 45 47
32 32 32 32 31 29 29 28 31 33 28 24 30 37 40 44 45 47 47 48 48 49 52 54 59 63 65 67 66 66 64 62 60 59 60 61 60 60 60 60 55 51 55 59 58 56 57 57 60 63 58 54 57 60 58 56 57 59 66 72 71 69 69 69 69 69 67 65 64 63 62 61 60 60 60 59 59 58 57 56 50 44 40 35 38 40 43 45 44 44 47 50 49 48 48 48
32 32 32 32 31 30 31 33 36 39 31 24 31 39 43 46 48 50 51 53 54 54 60 66 67 68 70 71 72 72 67 63 62 62 62 62 64 65 63 60 57 54 57 61 60 60 59 58 60 62 60 59 60 62 60 59 61 62 65 68 66 63 64 65 64 62 63 63 62 62 60 58 58 59 58 57 57 56 54 52 48 44 40 37 37 38 40 42 43 44 46 48 49 50 54 57
33 33 33 32 31 30 34 38 41 45 34 24 32 41 45 49 51 53 55 58 59 60 69 79 76 74 75 75 77 78 71 64 65 66 65 64 67 70 65 60 59 57 59 62 63 65 62 59 60 61 62 63 64 64 63 63 64 65 64 64 61 58 59 61 58 56 58 61 61 61 58 56 56 57 56 55 55 55 52 48 46 43 41 38 37 36 37 39 41 44 45 45 49 53 60 67
34 33 33 34 34 35 37 40 42 44 36 27 35 42 50 57 60 63 63 64 66 68 70 73 71 68 71 74 76 79 72 66 65 64 65 66 67 69 66 63 63 64 65 66 66 65 63 62 61 61 61 61 60 60 60 60 61 61 60 58 57 56 55 53 52 52 52 52 51 50 49 48 50 52 49 45 44 43 41 39 39 38 36 33 32 31 32 33 36 39 39 40 43 45 53 60
34 34 34 35 37 39 41 42 43 44 37 30 37 44 55 66 70 73 72 70 73 76 72 67 65 62 68 73 76 79 74 69 65 61 64 67 68 68 67 66 68 70 70 71 68 66 65 64 62 61 59 58 57 56 57 58 58 58 55 52 53 54 50 45 46 48 46 44 42 39 40 41 44 46 41 35 34 32 31 30 31 33 31 28 28 27 27 28 31 34 34 34 36 38 46 53
35 35 35 36 39 42 43 44 40 36 32 27 35 42 54 66 65 65 68 71 73 75 74 73 70 68 71 74 75 76 73 69 67 66 67 68 68 69 69 68 68 69 69 70 68 66 64 63 63 62 61 59 59 58 57 56 56 56 54 52 52 52 49 45 45 44 44 44 43 41 40 40 43 46 43 40 40 40 38 37 38 40 38 36 33 30 32 34 34 35 38 42 45 48 50 52
35 35 36 36 40 44 45 45 37 28 26 24 32 41 54 66 61 56 64 73 73 73 76 78 76 74 74 75 74 73 71 70 70 70 69 68 69 71 71 70 69 67 68 69 67 65 64 63 63 64 63 61 61 60 57 54 54 54 53 51 51 51 47 44 43 41 43 45 43 42 40 38 42 45 45 45 46 47 46 44 46 48 45 43 38 34 37 40 37 35 42 49 53 57 55 52
34 34 35 35 40 44 44 45 37 29 26 24 29 34 41 49 48 47 58 68 69 69 71 72 71 70 72 75 73 72 70 68 67 67 66 65 65 66 65 65 64 63 63 62 62 61 60 59 59 60 61 61 60 59 56 52 52 52 51 51 50 50 49 47 46 45 46 46 46 45 44 43 43 42 42 42 43 44 43 43 45 47 45 43 41 39 41 42 41 41 43 46 50 54 55 55
33 33 33 34 39 45 44 44 37 30 27 24 25 27 29 32 35 38 51 64 65 66 66 66 66 67 71 75 73 71 69 66 65 65 63 62 61 60 60 60 59 58 57 56 57 57 56 55 56 56 58 61 59 58 55 51 51 51 50 50 50 50 50 49 49 49 49 48 48 48 48 48 44 40 39 38 39 40 41 42 44 46 45 44 44 44 44 45 45 46 45 43 47 51 55 59
33 33 34 34 39 44 43 43 37 31 28 25 24 24 28 33 39 44 53 62 63 65 65 66 66 66 68 70 69 67 65 63 62 62 61 61 60 59 59 58 58 57 56 55 54 53 54 55 54 54 57 61 59 58 56 53 52 52 51 51 51 51 51 51 52 53 53 52 51 50 49 48 46 43 41 39 37 35 38 41 43 45 44 44 44 44 45 45 46 47 46 46 47 48 52 56
33 33 34 34 39 44 42 41 37 33 30 27 23 20 28 35 43 51 55 59 62 64 64 65 65 66 66 66 65 63 62 60 60 59 60 60 59 58 57 56 56 57 56 55 52 48 51 54 53 51 56 61 60 58 57 55 54 53 52 51 51 51 52 53 55 57 57 56 54 52 50 48 48 47 43 39 35 31 36 41 42 43 43 43 44 45 45 45 47 48 48 48 47 46 49 53
34 34 35 35 39 42 39 37 34 31 28 25 24 23 27 31 35 39 47 54 57 60 62 63 64 64 64 64 63 62 63 64 61 57 57 57 55 54 53 53 53 53 52 51 49 47 49 50 50 51 53 55 54 53 53 53 53 52 52 51 52 53 52 51 53 55 56 57 54 50 49 48 47 45 42 39 37 36 39 43 43 43 43 42 42 42 43 44 43 42 46 49 52 55 56 57
34 35 36 37 38 40 36 32 31 29 27 24 25 26 27 28 28 28 39 49 53 57 59 62 62 63 62 62 62 62 65 68 61 55 55 54 52 50 50 50 49 49 48 46 46 46 46 46 48 50 50 49 49 49 50 51 51 52 52 51 53 54 52 49 51 52 55 58 54 49 49 49 45 42 40 38 39 41 43 45 44 43 42 42 41 40 42 43 40 37 44 50 58 65 63 61
33 34 34 35 36 38 35 33 31 29 28 27 28 29 29 29 30 32 41 50 53 57 59 61 61 60 60 59 60 62 61 60 56 53 52 51 51 50 50 50 50 50 50 49 48 47 48 49 49 49 49 49 49 49 49 50 50 50 50 51 53 55 53 51 52 54 56 59 55 51 49 48 45 43 41 40 41 41 43 44 44 44 44 43 42 41 42 42 39 36 39 41 48 55 57 59
32 32 33 33 34 35 34 33 31 29 30 30 31 31 30 30 32 35 43 52 54 57 58 60 59 58 57 56 59 62 57 52 51 50 49 49 50 51 50 50 50 51 52 52 50 48 50 52 50 48 48 48 48 48 48 48 48 49 49 50 53 55 54 52 54 57 58 59 56 53 50 47 45 44 43 42 42 42 43 44 44 45 45 45 44 42 41 40 38 36 34 32 39 45 51 57
31 31 31 32 33 35 34 34 33 31 31 32 32 33 31 29 33 37 44 51 52 54 53 53 51 50 51 51 53 54 52 50 52 53 53 53 55 58 54 51 54 58 55 53 54 55 54 53 51 48 47 47 47 47 47 48 47 47 49 51 54 57 53 50 51 52 54 56 54 52 49 45 45 44 44 43 43 43 44 44 45 45 46 46 45 44 42 39 38 36 35 34 38 43 49 55
29 30 30 30 32 34 34 35 34 34 33 33 34 35 32 29 33 38 45 51 51 51 48 46 44 42 44 46 46 47 48 49 52 56 56 57 61 65 58 52 59 65 59 53 57 62 58 55 51 47 47 47 46 45 46 47 46 46 49 53 56 58 53 47 47 47 50 53 52 50 47 44 45 45 45 45 45 44 44 45 45 45 46 47 46 46 42 38 37 36 35 35 38 40 47 53
29 30 30 30 31 32 33 34 34 34 35 35 35 34 35 36 37 39 44 49 47 46 47 48 47 46 46 45 47 49 50 52 54 56 55 55 60 64 63 61 63 64 61 57 59 62 59 56 54 52 49 46 45 45 47 48 47 45 49 53 55 56 51 46 48 49 49 49 48 47 46 45 46 48 47 47 46 45 45 45 45 45 48 50 48 46 44 43 42 40 38 35 36 36 40 44
29 30 30 30 30 30 32 34 34 34 36 38 35 32 38 43 41 40 43 46 44 41 46 50 51 51 48 45 48 51 53 55 55 55 54 54 58 63 67 71 67 63 62 61 61 62 60 58 58 58 52 46 45 44 47 50 48 45 49 53 53 54 50 46 48 51 47 44 44 44 45 46 48 50 49 48 47 46 45 45 45 45 49 53 49 46 47 48 46 45 40 35 34 32 34 36
29 29 30 31 31 30 33 35 35 35 37 38 36 34 38 43 41 40 42 44 42 41 43 45 47 50 50 50 51 51 53 55 55 55 57 60 64 69 69 69 69 68 67 66 68 69 64 59 59 59 52 45 45 44 48 52 50 48 50 53 52 51 48 44 45 47 45 44 44 44 45 45 46 47 47 46 46 46 48 50 50 51 50 50 48 46 47 47 46 46 41 36 34 33 33 33
30 29 31 32 31 31 34 37 37 37 38 39 37 36 39 42 41 41 41 41 41 40 40 40 44 49 52 55 53 51 53 56 56 55 60 65 70 74 71 67 71 74 73 72 74 76 69 61 60 60 52 44 44 44 49 54 53 51 52 52 50 48 45 43 43 42 43 44 44 44 44 44 44 44 44 44 45 46 50 54 55 56 52 48 47 46 46 47 47 46 41 37 35 33 32 31
33 32 32 32 33 34 35 37 38 39 39 39 37 35 37 38 40 42 41 40 40 40 42 43 44 44 48 53 52 52 54 56 58 61 64 68 70 72 70 67 67 67 67 67 72 78 70 61 62 63 54 45 43 40 46 52 53 53 54 54 52 50 46 42 42 41 43 44 44 44 44 44 44 44 44 44 44 45 47 50 52 54 51 47 47 46 46 46 45 43 41 38 39 39 40 41
