homework/week5_homework_files/or_precip_1983_07.asc
ncols 407
nrows 229
xllcorner -124.73958333333
yllcorner 41.73958333333
cellsize 0.02083333333
NODATA_value -9999
[rows 47 to 93 of 229, columns 96 to 191 of 407]
71 70 70 69 69 70 74 79 83 86 90 94 96 98 100 103 104 105 107 108 109 110 120 130 137 143 154 165 170 175 179 183 182 182 182 182 186 189 184 179 176 173 173 173 159 144 111 77 78 79 69 59 42 25 20 16 20 24 32 40 36 32 26 20 17 15 15 15 14 14 14 14 14 14 14 14 15 15 15 15 15 16 16 16 17 17 17 18 18 19 17 15 18 21 21 21
71 74 72 69 70 71 75 79 83 86 91 96 100 104 105 106 107 107 109 110 110 111 124 138 145 152 158 164 169 174 170 165 159 153 155 158 166 174 170 167 172 177 176 175 174 173 130 87 95 102 86 70 48 27 23 19 22 25 34 44 36 29 25 22 17 13 13 14 14 15 15 16 16 16 17 17 17 17 17 17 17 17 17 18 18 18 19 20 21 22 17 12 17 21 22 22
70 73 72 71 73 75 78 81 86 91 96 101 104 107 108 108 109 110 112 115 116 116 124 131 141 151 158 164 166 167 165 162 160 157 161 164 170 176 173 170 173 176 175 174 171 167 146 124 127 130 99 68 54 40 34 27 31 34 37 39 34 29 27 25 21 17 16 15 14 13 15 16 17 17 17 18 18 17 17 17 17 18 20 22 23 24 25 25 22 19 17 15 20 24 23 22
70 73 73 73 76 79 81 83 89 95 101 106 108 110 110 111 111 112 116 119 121 122 123 124 137 151 158 165 162 160 159 159 160 161 166 171 175 178 176 173 174 175 174 173 168 162 161 161 160 158 112 66 59 53 44 36 39 43 39 35 32 29 29 29 25 20 18 15 14 12 14 16 17 18 18 19 18 18 18 18 18 18 23 27 29 31 30 29 23 16 17 19 23 27 25 23
71 74 74 75 78 80 83 86 90 94 96 98 102 107 108 109 110 110 113 116 119 122 122 121 134 146 153 159 158 158 156 155 158 160 167 174 176 177 175 173 173 173 172 171 167 162 167 172 171 169 146 123 117 111 83 55 58 62 59 56 46 37 35 33 28 22 19 16 14 12 13 14 15 16 17 18 18 18 18 18 19 19 24 29 31 33 32 31 23 15 19 22 25 28 27 25
72 75 76 77 79 82 85 89 91 93 91 89 96 103 105 107 108 108 110 112 118 123 121 118 130 142 147 153 154 156 153 151 156 160 169 178 177 176 175 173 172 172 171 170 166 162 173 183 182 180 180 180 175 170 122 74 77 81 79 77 61 45 41 37 31 24 20 16 14 12 12 12 14 15 17 18 18 18 19 19 20 21 26 31 33 35 34 33 24 15 20 26 28 29 28 27
74 76 79 81 84 86 90 94 95 97 95 93 95 97 97 98 100 102 107 111 117 122 123 124 132 140 144 148 149 150 147 144 145 146 150 154 165 175 170 164 164 164 162 159 157 155 169 183 195 208 191 175 176 177 137 97 96 96 95 94 70 47 40 34 29 24 20 17 14 12 12 12 13 14 14 15 15 15 17 18 20 22 25 29 31 33 29 25 21 16 22 27 29 30 29 28
75 77 81 86 88 91 95 98 100 101 99 96 93 90 89 89 92 96 103 110 116 122 126 130 134 139 141 143 144 145 141 137 135 132 132 131 153 174 165 155 156 157 153 149 149 149 165 182 208 235 202 169 177 184 152 119 115 111 111 111 80 49 40 30 27 23 20 17 14 12 12 12 12 12 12 12 12 12 15 18 20 23 25 26 28 30 23 17 17 18 23 29 30 31 30 29
75 78 83 87 89 91 94 97 97 97 95 93 93 93 92 91 92 93 99 104 111 119 123 127 131 135 138 140 142 144 143 142 146 149 146 143 150 158 157 156 156 156 151 145 145 144 149 153 168 184 167 151 154 157 133 109 111 113 111 109 81 52 44 36 29 22 18 15 13 12 12 12 12 12 12 12 12 11 14 16 18 20 22 24 24 25 22 19 22 25 27 30 30 31 31 30
75 79 84 89 90 91 93 95 94 93 92 90 93 96 95 94 93 91 95 98 107 116 120 125 128 132 134 137 140 144 146 148 157 166 161 156 148 141 148 156 156 155 148 142 140 139 132 125 129 132 133 133 131 130 115 100 107 115 110 106 81 56 49 42 32 21 17 12 12 12 12 12 12 12 12 12 11 11 12 14 16 18 20 22 20 19 20 21 27 32 31 30 31 32 32 31
72 75 79 82 85 87 90 92 94 96 96 95 96 97 96 95 97 98 99 100 109 118 121 123 127 130 133 136 139 143 146 149 156 163 160 157 152 148 152 157 155 154 147 141 140 139 133 126 126 126 126 126 122 118 111 104 109 115 95 75 61 46 40 34 26 18 15 12 12 12 12 12 12 12 12 11 11 11 12 13 14 15 17 20 21 23 22 22 27 32 32 31 32 32 32 31
69 71 73 76 79 83 86 90 95 99 99 99 98 97 97 96 101 105 104 103 111 120 121 122 125 128 131 135 138 142 146 150 155 160 159 157 156 155 156 158 155 152 146 140 139 138 133 128 123 119 119 119 112 106 107 108 111 115 79 44 40 36 31 26 20 15 13 12 12 11 11 11 11 12 11 11 11 11 11 11 12 12 15 18 22 27 25 23 28 32 32 32 32 32 31 31
66 68 70 72 75 78 84 90 92 95 98 101 105 108 109 111 110 109 110 111 114 118 120 123 126 130 134 137 142 146 149 152 156 159 157 154 153 151 152 152 151 149 145 142 142 142 135 128 125 121 120 119 106 93 98 104 104 103 79 56 43 31 26 21 17 13 12 12 11 11 11 10 10 10 10 9 10 10 10 10 11 12 15 18 23 29 29 28 30 32 32 32 31 31 30 29
63 65 66 67 70 73 81 90 90 91 97 103 111 119 122 125 119 112 115 119 117 116 120 124 128 132 136 140 145 149 152 155 157 158 155 151 149 147 147 146 146 146 144 143 144 145 137 128 126 123 121 120 100 80 90 100 96 91 79 67 47 26 21 16 14 12 11 11 11 10 10 10 9 9 8 8 8 8 9 9 11 13 15 18 24 31 32 33 33 32 32 31 31 30 28 26
62 63 64 65 68 71 77 82 84 87 93 99 107 114 117 120 117 114 117 119 120 122 125 128 131 134 137 140 144 147 150 153 156 159 154 150 148 145 155 166 153 141 139 138 136 135 128 122 120 118 117 116 96 76 80 84 80 75 67 58 42 26 21 16 14 11 11 11 10 10 10 10 9 9 9 9 9 9 9 9 11 13 17 20 25 31 31 32 32 32 31 31 30 30 28 27
60 62 63 64 67 70 72 74 78 83 89 95 102 110 113 115 116 116 118 119 123 127 130 133 134 135 138 140 143 145 148 151 155 159 154 148 146 143 164 185 160 135 134 134 129 124 120 115 114 114 113 113 92 71 70 69 64 59 54 48 37 27 22 17 14 11 11 11 10 10 10 10 9 9 9 9 9 10 9 9 11 14 18 22 26 30 31 31 31 31 31 30 30 29 29 28
63 65 66 66 69 71 72 73 76 78 83 89 95 102 106 110 115 119 124 129 132 135 136 138 137 137 138 139 141 142 145 149 154 160 165 170 168 165 171 178 161 144 141 138 131 124 113 102 103 104 100 96 83 70 67 65 58 51 47 42 34 25 20 15 13 11 11 11 10 10 10 10 10 10 10 10 10 10 11 11 15 18 22 26 28 31 31 31 31 31 30 30 30 29 29 28
66 67 68 69 70 71 72 73 73 74 78 82 88 93 99 104 113 123 130 138 141 143 143 143 140 138 138 138 139 139 143 146 154 161 176 191 190 188 179 170 161 152 147 143 134 124 107 90 92 94 87 79 73 68 65 62 52 43 39 36 30 24 19 14 12 11 11 11 10 10 10 10 10 10 10 10 10 11 13 14 18 22 26 30 31 31 31 31 30 30 30 30 29 29 29 28
68 70 70 71 71 71 73 74 75 77 83 89 95 101 106 111 120 128 139 150 155 160 155 150 148 147 143 140 151 163 155 147 159 172 183 195 187 179 169 159 153 148 130 111 104 97 91 85 85 86 85 84 75 65 62 58 51 44 41 37 33 28 23 18 14 11 11 11 11 10 10 10 10 10 10 10 11 13 17 21 23 26 28 30 30 31 31 30 30 30 30 29 29 29 29 29
71 72 72 73 72 72 74 76 77 79 87 96 102 109 114 119 126 133 148 162 170 178 167 157 157 157 149 141 164 186 167 147 165 183 191 198 184 170 159 148 146 144 112 80 75 69 75 80 79 78 83 89 76 63 59 54 50 46 42 39 35 32 27 21 16 12 11 11 11 11 11 11 11 11 11 11 12 14 21 27 29 30 30 30 30 30 30 30 30 29 29 29 29 29 29 29
74 75 75 76 76 77 80 82 87 91 93 95 101 107 112 117 124 131 143 155 164 172 170 169 162 156 149 141 166 190 167 144 149 154 157 161 151 140 131 122 119 115 97 79 75 72 74 76 75 75 86 98 88 79 71 64 53 41 38 35 32 29 25 21 18 15 13 12 11 11 11 11 11 11 11 11 12 14 21 28 28 29 30 30 30 30 30 29 29 29 29 29 29 29 29 29
77 77 78 78 81 83 86 89 96 103 99 95 100 106 111 116 123 129 139 149 157 166 173 181 168 155 148 141 168 194 167 141 132 124 124 124 117 110 103 96 91 86 82 79 76 74 73 72 72 71 89 106 100 94 84 74 55 36 34 32 29 27 24 21 19 18 15 13 12 11 11 11 11 11 11 11 12 13 21 28 28 28 29 29 29 29 29 29 29 29 29 29 29 29 29 29
81 82 82 82 86 90 92 94 101 108 104 101 107 114 119 124 132 139 144 148 153 159 162 166 157 148 149 150 163 176 156 136 130 124 121 118 114 110 105 100 94 89 87 85 84 83 81 79 78 78 83 88 88 89 83 78 58 39 35 31 28 26 22 18 18 18 16 15 13 12 12 12 12 13 13 13 14 15 20 25 26 28 29 29 29 29 29 29 29 29 29 30 30 30 29 29
85 87 87 86 92 97 98 100 106 113 110 108 115 122 127 133 141 148 148 148 150 151 151 151 146 142 150 159 159 159 146 132 128 123 118 112 111 109 106 103 97 92 91 91 92 93 89 86 85 84 77 69 77 84 83 82 62 41 35 30 27 25 20 15 17 18 17 17 15 13 13 13 13 14 14 14 15 17 19 22 25 28 28 29 29 29 29 29 29 29 30 30 30 30 30 29
87 89 89 88 96 103 103 103 110 117 116 115 121 126 132 138 144 150 149 148 148 148 148 148 146 145 153 161 161 161 146 131 126 122 117 112 110 108 102 97 91 84 85 87 88 90 85 81 78 74 68 62 65 68 72 76 57 37 33 29 26 22 20 17 16 16 15 15 14 13 13 14 14 14 14 13 16 19 20 21 24 27 28 30 30 29 29 29 30 30 30 30 30 30 29 29
89 92 91 90 100 110 108 106 113 120 122 123 127 131 136 142 147 151 150 148 147 145 145 145 146 148 155 163 163 163 146 130 125 121 116 112 109 106 98 91 84 77 80 83 85 87 81 76 70 64 59 54 53 51 61 71 52 33 31 29 24 20 19 18 16 14 14 13 13 13 13 14 14 15 14 13 17 21 21 21 24 27 28 30 30 30 30 30 30 30 31 31 30 29 29 29
91 95 98 101 103 106 109 113 119 126 125 124 125 127 129 131 136 141 146 151 147 144 144 144 142 140 142 143 143 143 134 126 120 114 112 111 112 114 103 92 86 80 81 83 86 89 91 93 88 82 72 61 54 47 51 55 44 33 30 27 24 21 19 17 16 14 14 14 15 15 16 16 17 18 19 20 21 23 23 23 25 27 28 30 30 30 30 30 30 30 31 31 30 30 30 30
92 98 105 112 107 102 111 120 126 131 128 124 123 123 121 120 125 130 142 154 148 142 142 142 137 132 128 123 123 123 123 122 115 108 108 109 115 122 108 93 88 83 83 84 87 91 101 110 105 101 85 68 55 42 41 39 36 34 30 25 24 23 20 16 15 14 15 15 16 17 18 19 20 21 23 26 26 25 25 24 25 27 28 30 30 30 30 31 31 31 31 31 30 30 30 30
94 99 106 114 113 112 118 124 127 129 127 124 125 125 128 130 132 133 136 140 137 135 138 141 138 135 130 126 130 135 133 132 129 126 116 107 116 126 114 102 98 94 95 97 97 98 102 105 101 97 82 66 53 40 37 34 33 32 28 24 23 22 19 17 15 14 15 16 17 17 19 20 21 21 22 22 23 23 24 25 26 28 28 29 30 30 30 30 30 30 30 30 30 29 29 29
95 101 108 115 119 123 126 128 128 128 126 124 126 128 134 141 138 136 130 125 126 128 133 139 138 137 133 128 137 146 144 142 143 144 125 106 118 130 120 111 108 105 107 109 107 105 103 100 96 92 79 65 51 38 34 30 30 30 27 23 22 21 19 17 15 14 15 16 17 18 20 21 22 22 20 18 20 22 24 26 27 28 29 29 30 30 30 30 30 30 30 30 29 29 28 27
97 102 108 114 118 122 125 128 129 130 128 126 128 129 135 141 139 137 132 127 128 128 129 130 134 138 133 128 136 144 143 142 134 125 116 106 119 131 126 120 113 107 108 110 107 105 103 101 95 88 76 64 51 38 34 31 30 30 27 24 22 20 18 17 16 15 16 16 17 19 19 20 20 20 19 18 20 23 24 25 27 28 29 29 29 30 30 30 29 29 29 29 29 29 29 28
98 103 108 113 117 121 124 128 130 132 130 128 129 130 136 142 140 138 134 130 129 129 125 121 130 138 133 128 135 142 141 141 124 107 107 106 120 133 131 129 119 109 109 110 108 105 103 101 93 84 74 63 50 38 35 31 30 29 27 24 21 18 18 17 17 17 17 16 18 19 19 18 18 17 17 17 21 24 25 25 27 29 29 29 29 29 29 29 29 29 29 29 29 29 29 29
98 101 107 113 119 125 128 130 132 133 131 129 129 129 130 131 129 126 125 125 126 126 125 123 128 132 131 130 134 137 135 134 120 107 107 106 118 129 125 121 115 109 111 114 111 109 109 110 92 75 67 59 54 49 41 34 31 29 25 22 20 17 18 18 18 18 18 18 19 19 19 19 19 18 18 19 22 25 25 25 27 29 28 28 29 29 28 27 28 28 29 29 29 29 29 29
97 100 106 112 121 130 131 132 133 135 132 129 129 129 125 120 117 114 117 119 122 124 125 126 126 126 129 132 132 132 129 126 116 106 106 106 115 124 119 113 111 109 113 118 115 113 115 118 92 66 61 56 58 61 48 36 32 28 24 21 18 16 17 18 19 19 20 20 19 19 20 20 19 19 20 20 23 26 25 24 26 28 28 28 28 28 27 26 27 28 28 29 29 29 29 30
95 96 99 101 105 109 110 111 115 118 118 118 119 120 118 117 118 120 123 125 127 130 130 130 131 132 136 140 137 135 126 116 110 103 102 102 106 110 109 107 108 109 116 123 120 117 115 113 93 74 69 65 61 57 47 36 32 27 24 20 19 17 18 18 19 19 19 20 19 19 20 20 19 19 19 19 21 23 24 25 25 25 25 25 25 25 26 26 27 28 28 29 29 29 29 30
92 92 91 91 89 87 89 91 96 101 104 106 109 111 112 113 120 127 129 131 133 135 135 134 136 138 143 147 143 138 122 106 103 100 98 97 96 96 99 101 105 108 118 128 125 122 115 109 95 82 78 74 64 53 45 37 32 27 23 20 19 18 18 18 18 19 19 20 19 19 19 19 19 19 18 18 19 19 22 26 23 21 22 23 23 22 25 27 27 28 29 29 29 29 29 30
93 93 92 91 94 97 97 96 97 98 99 100 103 106 106 107 112 117 119 122 125 127 130 133 137 141 137 134 130 126 118 109 108 107 104 101 101 101 104 107 114 121 126 131 133 135 118 102 90 78 71 65 57 49 42 36 31 26 23 20 20 19 18 17 18 18 19 19 19 19 19 18 18 18 20 21 22 23 25 27 24 21 22 23 23 23 25 28 29 29 30 30 30 29 29 30
95 94 93 91 99 108 105 102 98 94 94 94 97 100 101 101 104 107 110 113 117 120 126 132 138 143 132 120 117 114 113 112 113 114 110 106 106 105 109 113 123 133 133 134 141 147 122 96 85 74 64 55 50 45 40 35 30 24 23 21 20 20 18 17 17 18 19 19 18 18 18 17 17 17 21 25 26 26 27 28 25 22 23 24 24 23 26 29 30 31 31 31 30 29 29 30
95 95 94 93 98 102 101 100 100 101 103 106 106 107 108 108 111 115 123 131 129 126 124 122 122 123 116 108 109 111 111 111 111 110 108 107 113 120 120 121 127 134 137 141 147 154 125 95 83 70 62 54 49 44 37 31 28 25 23 21 20 19 18 17 18 18 19 19 18 18 17 16 18 20 23 26 27 29 29 29 27 25 26 26 26 25 27 29 30 30 31 32 32 33 31 29
95 96 96 96 96 96 97 98 103 108 112 117 115 114 115 116 119 123 136 149 141 133 122 111 107 103 100 96 102 107 108 109 108 107 107 107 121 134 132 129 132 135 141 148 154 161 127 94 80 66 60 53 48 43 35 27 26 25 23 21 19 17 18 18 18 19 19 18 18 17 16 15 19 22 24 27 29 32 31 30 29 29 29 28 28 27 27 28 29 30 32 33 35 36 32 29
103 104 102 100 102 104 105 106 108 109 111 113 113 112 115 119 122 125 137 149 141 132 124 115 108 100 98 96 99 103 107 112 111 110 114 118 122 126 128 129 132 136 152 168 185 202 146 90 80 69 61 52 45 37 30 23 23 22 22 22 20 18 18 18 18 19 18 18 18 17 18 18 21 24 27 30 31 32 32 32 31 31 30 30 29 29 30 30 31 32 33 35 36 38 35 33
112 111 108 105 108 112 113 114 113 111 110 110 110 110 116 122 125 128 138 149 140 132 126 120 108 97 96 95 97 98 106 114 113 113 121 130 124 118 123 129 133 137 162 188 216 244 165 87 79 72 62 52 41 30 25 20 19 19 22 24 22 19 19 18 18 18 18 18 17 17 19 21 23 25 29 33 33 33 33 34 33 32 32 32 31 31 32 33 33 33 35 37 38 40 38 37
107 111 109 107 108 109 122 135 121 107 107 108 109 110 115 121 122 123 120 117 112 107 110 113 106 98 97 97 95 94 102 110 115 119 123 127 125 122 130 137 144 150 166 182 192 201 141 80 68 56 51 45 37 28 26 24 24 24 22 21 20 18 18 18 18 19 19 19 18 17 21 26 27 28 30 33 34 36 36 35 34 33 33 33 32 32 33 33 34 34 36 38 42 47 45 43
101 110 109 108 107 106 131 156 130 103 105 106 108 109 115 121 120 119 102 85 83 82 94 107 103 99 99 99 94 90 98 107 116 126 125 124 126 127 136 145 155 164 170 177 168 159 116 74 57 40 40 39 32 26 27 29 29 29 23 17 17 18 18 18 18 19 19 20 19 18 24 30 30 31 32 33 36 39 38 37 36 34 34 34 34 33 33 33 34 35 37 40 47 54 51 48
100 108 107 107 105 104 116 129 116 103 104 105 106 107 110 113 109 105 94 83 82 81 86 90 86 82 86 91 97 103 109 115 120 124 122 119 121 123 128 133 142 152 155 158 157 157 117 78 59 41 37 34 29 24 32 39 33 27 22 18 18 17 18 18 18 18 19 19 19 19 23 28 28 27 28 29 31 34 35 35 34 33 34 36 36 36 36 35 37 39 42 44 49 54 51 49
100 105 105 105 103 102 102 101 102 102 103 104 105 105 105 105 98 91 86 81 81 81 77 73 69 65 74 83 100 116 120 123 123 123 118 113 116 119 119 120 130 139 139 139 147 155 118 81 62 42 35 29 26 22 36 50 38 25 22 18 18 17 17 17 17 17 18 19 19 19 23 27 25 24 24 24 27 30 31 32 32 32 35 38 38 39 38 38 40 43 46 49 51 54 52 49
95 101 102 104 102 100 100 101 101 101 102 102 103 103 104 106 104 103 100 96 97 97 92 88 86 84 88 91 101 112 117 122 125 128 121 114 116 118 119 121 127 133 138 143 143 144 113 83 64 45 37 30 26 22 35 49 37 26 22 19 18 18 18 18 18 18 18 19 19 19 23 27 26 25 25 25 27 29 30 31 32 34 36 38 39 41 41 41 43 46 52 57 58 60 58 57
