homework/week5_homework_files/or_precip_1983_04.asc
ncols 407
nrows 229
xllcorner -124.73958333333
yllcorner 41.73958333333
cellsize 0.02083333333
NODATA_value -9999
[rows 45 to 89 of 229, columns 288 to 383 of 407]
33 35 38 41 42 43 41 40 38 36 35 34 36 38 41 44 48 52 52 52 52 53 54 55 54 54 54 54 56 58 51 44 43 41 40 39 39 39 35 30 33 35 37 38 39 40 41 42 40 39 41 44 48 51 46 42 35 29 29 28 30 32 37 41 43 46 47 48 49 49 48 47 47 47 47 47 46 45 47 48 49 50 50 51 52 52 50 48 43 37 33 28 35 42 41 40
35 38 41 45 43 41 40 40 38 35 35 35 38 40 44 47 51 54 55 56 54 52 52 52 53 54 54 55 59 62 52 42 40 38 37 36 37 38 34 30 33 35 38 40 41 42 43 44 42 39 43 47 49 50 50 51 42 32 29 27 28 29 33 36 39 42 43 45 46 47 46 46 46 46 47 48 47 46 48 49 50 50 51 51 52 53 54 54 44 35 32 29 35 42 42 41
37 40 41 43 42 41 40 38 38 38 37 36 40 43 45 48 52 56 56 56 55 53 55 56 56 55 58 61 60 60 52 43 39 34 34 34 34 35 33 32 34 36 39 42 43 45 49 52 51 50 49 47 54 60 59 59 53 47 43 39 35 31 33 35 38 41 42 44 44 45 45 45 45 44 46 48 47 47 48 49 50 50 50 51 52 53 49 45 42 39 36 33 36 38 40 42
39 42 42 42 41 41 39 36 39 41 39 37 41 46 47 48 53 57 57 56 56 55 58 60 58 56 62 67 62 58 51 45 38 31 31 31 31 31 32 34 35 37 40 43 45 47 54 60 60 61 54 48 59 70 68 66 64 61 56 52 42 32 33 33 36 39 41 43 43 42 43 45 44 43 45 47 48 48 49 50 50 50 50 50 52 53 45 36 40 43 40 38 36 34 38 42
41 42 43 45 42 38 37 36 36 36 35 34 38 42 45 47 51 55 54 53 52 52 54 57 56 55 56 58 57 57 49 42 36 30 30 31 30 30 34 38 43 49 49 50 52 54 60 66 62 57 56 55 62 68 69 69 68 67 62 57 50 44 40 36 37 39 40 42 41 41 43 44 43 43 46 49 49 49 50 50 50 49 49 48 49 49 46 43 46 49 43 37 35 32 38 44
43 42 45 48 42 35 36 36 33 31 31 32 35 39 43 46 49 53 51 50 49 48 51 53 53 53 51 49 52 56 47 38 34 29 30 30 30 30 36 42 51 60 58 56 59 61 66 71 63 54 58 62 64 67 69 72 72 73 68 62 59 56 47 39 38 38 39 40 40 40 42 43 43 43 47 51 50 50 50 51 50 49 47 45 46 46 48 49 52 55 46 37 34 31 38 45
42 41 43 44 39 33 33 33 32 31 31 32 35 39 41 43 46 49 48 48 47 47 48 50 48 46 44 42 46 50 43 37 33 29 29 29 29 29 34 39 51 63 62 61 64 67 69 72 68 63 64 65 71 77 80 84 80 75 83 91 83 75 60 45 46 48 45 42 41 41 42 42 43 43 45 48 49 49 50 51 50 49 48 47 50 53 52 52 51 51 46 42 37 32 41 50
41 39 40 40 36 31 30 30 30 31 31 31 35 39 39 40 43 45 45 45 45 45 46 46 43 39 37 36 39 43 39 35 31 28 28 29 29 29 32 35 50 65 66 66 69 72 72 73 73 72 70 68 77 86 91 96 87 78 99 120 107 94 72 51 54 57 50 44 43 42 42 42 42 43 44 45 47 49 50 51 50 49 49 48 54 60 57 54 51 48 47 46 39 32 43 54
39 38 38 37 34 31 30 29 28 27 27 28 32 36 37 38 40 42 42 43 40 38 39 40 38 36 37 37 39 41 36 32 30 28 28 28 28 28 31 34 41 49 51 54 66 78 77 75 77 80 73 67 77 87 94 101 95 89 106 123 116 110 87 65 78 91 75 58 51 44 44 44 44 44 45 46 47 49 52 54 52 49 50 51 58 64 57 49 50 50 52 54 43 33 40 47
37 37 35 34 32 31 30 29 26 23 24 25 28 32 34 36 37 38 39 40 35 30 32 33 33 34 36 39 38 38 33 28 28 28 28 28 28 28 30 33 33 33 37 42 63 84 81 78 82 87 76 65 76 87 97 107 104 100 113 126 126 126 103 79 102 125 99 73 60 47 47 46 46 45 46 46 48 49 53 58 53 49 52 54 61 69 57 44 49 53 57 62 48 33 37 41
42 41 41 41 39 36 34 32 29 25 24 23 26 29 30 31 33 35 36 37 33 29 30 31 31 31 33 35 34 34 30 27 27 27 28 28 28 28 30 32 33 33 35 38 52 67 75 83 85 87 80 74 78 83 87 91 98 106 112 118 123 129 107 86 110 134 120 106 83 61 54 47 48 48 48 48 50 52 55 58 60 63 59 56 62 69 61 53 60 66 60 53 45 36 43 51
47 46 47 49 45 40 38 36 32 27 25 22 23 25 26 27 30 33 33 34 31 27 28 29 29 29 30 31 31 30 28 25 26 27 28 28 29 29 31 32 33 33 33 33 41 49 69 89 88 87 85 83 80 78 76 74 93 112 111 110 121 132 112 93 118 143 141 139 107 75 62 49 50 51 50 49 52 56 57 58 67 76 67 58 63 69 65 62 71 80 62 45 41 38 49 60
45 45 47 49 45 41 40 39 35 31 27 23 24 25 28 30 32 35 32 30 30 29 30 30 31 31 31 31 32 34 31 27 28 28 29 29 29 30 31 33 33 33 34 35 42 49 66 84 88 91 93 95 95 94 93 93 99 104 108 113 124 136 123 111 129 148 149 150 127 105 104 103 79 55 60 64 63 62 62 62 70 79 68 57 67 77 72 67 65 64 59 54 46 37 50 62
43 45 47 49 45 41 42 43 38 34 29 25 25 25 29 33 35 37 31 26 29 32 31 30 32 34 32 30 34 38 33 29 29 30 30 30 30 30 32 33 33 34 35 36 42 49 64 79 87 96 102 108 109 110 111 112 104 97 106 115 127 139 134 129 141 153 157 161 148 135 146 158 109 60 69 78 74 69 68 67 74 81 69 57 71 86 79 72 60 48 56 64 50 36 50 64
47 49 50 51 50 49 48 48 43 38 33 28 29 30 32 35 34 33 32 32 34 36 36 36 36 37 36 35 37 39 37 36 33 31 31 30 30 30 32 33 34 34 39 44 50 56 67 79 87 96 103 111 113 115 115 115 108 102 111 121 127 133 138 142 138 135 143 151 151 152 152 151 124 96 107 118 112 106 93 80 85 89 76 63 78 93 84 74 74 75 67 58 53 49 55 61
51 53 53 54 55 56 54 52 47 42 37 32 33 35 36 36 33 29 33 37 39 41 41 41 41 41 41 41 40 40 41 42 37 32 31 30 30 31 32 33 34 34 44 53 58 63 71 79 87 96 105 114 117 119 118 117 112 107 117 127 127 127 141 154 136 117 129 141 155 170 157 145 139 133 146 158 151 143 118 94 95 97 83 69 85 101 89 76 89 101 77 53 57 61 59 58
51 53 55 56 57 59 58 57 55 53 47 40 40 40 42 44 42 40 42 44 44 44 44 44 44 44 45 45 44 43 44 45 40 34 34 33 33 34 35 36 36 36 43 50 54 58 64 71 82 93 106 119 120 122 123 123 121 119 120 121 128 136 146 155 138 122 134 146 151 156 147 137 135 133 145 158 151 143 129 114 110 106 96 86 95 104 96 88 87 87 72 58 65 72 66 60
50 53 56 58 60 61 61 61 63 65 57 48 47 46 49 52 51 50 51 51 49 46 47 48 48 48 49 50 48 46 47 48 42 36 36 36 36 37 38 39 38 37 42 47 50 53 58 63 76 89 106 123 124 126 128 130 130 131 122 114 130 146 151 156 141 127 139 151 147 143 136 128 130 132 145 158 151 144 139 134 125 115 109 103 105 108 104 101 86 72 68 64 73 83 72 61
47 50 52 55 57 59 60 61 64 67 63 60 57 54 53 52 52 51 54 57 56 54 53 52 51 50 52 55 53 50 50 49 43 38 37 37 37 37 37 38 39 40 47 53 53 54 59 65 75 86 100 114 118 123 128 132 136 139 135 131 137 143 143 143 139 135 141 147 147 147 139 131 132 134 141 147 145 142 137 131 123 114 112 110 110 110 104 98 86 73 78 84 83 83 72 61
45 46 49 52 54 56 58 60 64 68 69 71 67 63 57 52 52 52 57 63 62 62 59 56 54 52 56 60 57 55 52 50 44 39 39 38 38 37 37 37 40 42 51 59 57 54 61 67 74 82 93 105 113 121 128 134 141 148 148 148 145 141 136 130 137 143 143 143 146 150 141 133 134 136 136 136 139 141 135 129 121 114 115 117 115 112 104 96 85 74 89 103 93 83 72 61
47 48 55 61 63 64 64 64 65 66 65 63 62 61 60 59 55 52 56 60 60 60 60 60 58 57 58 60 58 56 53 49 46 43 40 38 36 35 36 36 38 39 46 53 63 73 76 79 76 73 84 95 102 109 122 134 138 142 145 147 145 144 138 133 139 145 151 158 154 150 148 146 143 140 137 135 134 134 132 130 123 116 115 114 112 109 103 96 89 81 86 92 79 66 53 41
49 51 60 69 71 73 70 68 66 64 60 55 58 60 63 66 58 51 54 57 58 59 61 63 62 61 61 61 59 57 53 49 48 46 42 37 35 32 34 36 36 37 42 46 69 91 91 91 78 65 75 85 91 97 116 135 136 136 141 145 146 146 141 135 141 147 160 173 162 151 154 158 151 143 138 133 130 127 129 131 125 119 115 112 109 107 102 97 93 88 84 80 65 50 35 20
51 54 62 69 72 74 74 73 70 67 63 60 60 61 61 60 55 51 54 56 57 58 60 62 63 64 63 62 59 55 51 47 44 40 37 35 32 30 30 31 32 34 38 41 56 70 82 95 91 87 87 87 97 107 121 135 137 139 142 145 145 145 144 143 146 149 155 161 159 157 156 156 150 145 142 138 138 137 135 132 127 121 116 111 108 105 99 93 91 89 84 78 60 42 41 40
52 57 63 69 73 76 77 78 73 69 66 64 63 63 58 54 52 51 53 55 56 57 59 62 65 67 66 64 58 52 49 45 39 34 33 32 30 28 27 26 29 32 34 37 43 49 73 98 104 110 99 88 102 117 126 135 138 142 143 144 144 143 147 152 151 151 150 149 156 163 158 154 150 147 145 144 145 147 141 134 128 122 116 111 107 103 96 89 89 89 83 76 55 34 47 60
59 61 64 67 71 74 75 76 73 70 67 64 62 60 59 58 56 55 56 57 56 55 60 65 66 66 64 61 54 47 43 38 35 31 30 29 27 26 26 27 29 32 35 38 43 49 63 78 86 94 88 81 91 101 110 119 124 129 135 140 136 132 138 143 147 150 138 126 139 152 154 156 147 138 137 135 138 140 137 134 127 121 115 110 105 99 93 87 84 81 69 57 50 44 53 62
66 66 65 64 68 73 73 74 73 71 68 65 61 57 59 62 60 58 58 59 56 53 60 68 67 65 62 58 50 42 37 31 30 28 27 25 24 24 26 28 30 32 35 39 44 49 53 58 68 79 77 74 80 85 94 104 110 117 126 136 129 122 128 135 142 150 126 102 122 142 150 158 144 129 128 127 130 133 134 134 127 119 114 108 102 96 91 85 79 74 56 38 46 53 59 64
62 63 63 63 65 67 68 68 67 66 64 63 60 58 59 61 60 59 61 62 59 57 64 72 71 71 68 64 55 46 37 29 28 28 25 22 22 22 23 24 28 31 35 38 42 46 54 63 66 70 66 63 68 73 83 93 104 115 120 126 122 119 118 118 121 125 116 107 123 139 145 150 136 121 119 116 117 119 117 116 112 108 106 104 96 88 83 77 72 68 55 43 49 55 62 -9999
57 61 62 62 62 62 62 62 61 61 61 61 60 59 59 60 60 60 63 65 63 61 68 76 76 77 73 69 60 50 38 26 27 27 23 20 20 20 20 21 26 31 34 38 40 43 55 68 64 61 56 51 56 61 72 83 98 113 114 116 116 117 109 100 100 100 106 113 125 137 140 143 128 113 109 105 105 104 101 98 97 97 98 99 90 80 75 69 66 62 54 47 52 57 65 -9999
54 56 55 54 57 61 61 62 61 61 59 58 57 56 58 59 60 60 63 66 65 64 73 83 84 86 80 74 62 50 39 28 27 25 23 20 20 20 20 20 24 27 32 36 38 41 46 52 51 50 49 47 52 58 70 83 95 107 109 111 111 110 104 98 99 99 99 99 108 117 121 124 115 106 101 96 94 92 87 83 84 84 86 87 80 72 74 75 65 55 51 47 56 65 -9999 -9999
51 51 48 45 52 59 60 61 61 61 58 54 53 53 56 59 60 61 64 68 67 67 78 90 93 95 87 78 64 49 40 30 26 23 22 21 21 20 20 20 22 24 30 35 37 38 38 37 38 40 42 44 49 54 69 83 93 102 104 107 105 104 100 96 97 99 92 85 91 97 102 106 103 100 93 86 83 80 74 68 70 72 74 75 69 63 72 81 64 47 47 46 59 72 70 -9999
55 54 52 50 50 50 55 60 62 63 59 55 54 52 55 58 57 55 57 59 58 58 69 81 87 94 87 81 69 57 45 33 28 24 22 21 21 20 20 20 21 22 26 30 33 36 34 32 34 37 37 38 43 47 57 67 74 82 85 89 91 94 91 89 92 95 90 84 87 91 92 93 95 97 86 75 72 68 67 65 65 64 67 69 64 59 64 69 66 64 55 46 60 74 70 -9999
58 57 56 56 48 41 51 60 62 64 60 57 55 52 55 57 53 49 50 50 50 49 60 72 82 92 87 83 74 65 51 36 30 24 23 21 21 20 20 20 20 20 23 25 29 33 31 28 30 33 33 33 37 40 45 50 56 62 66 70 77 84 83 82 87 92 87 83 83 84 82 80 87 94 79 64 61 57 60 62 59 57 60 63 58 54 55 56 68 80 63 46 60 75 69 -9999
57 58 59 61 55 50 50 50 51 51 53 54 55 55 55 56 54 52 51 50 49 49 56 62 72 82 84 86 79 71 65 59 52 45 34 22 21 21 21 20 20 20 21 22 25 28 26 24 27 30 29 29 33 36 39 42 46 50 53 56 64 72 75 79 83 88 87 87 85 83 78 73 81 88 80 72 65 58 58 58 56 54 56 59 56 53 58 63 61 59 58 58 64 71 72 -9999
56 58 63 67 62 58 49 40 39 39 45 52 55 58 56 54 54 54 52 50 49 49 51 52 62 72 81 90 84 78 79 81 74 67 45 22 22 21 21 20 20 20 20 20 21 23 22 21 24 27 26 25 29 32 34 35 36 37 40 42 51 60 68 75 80 84 87 90 86 81 74 66 74 82 81 80 69 59 57 54 53 52 53 55 54 53 62 71 55 38 54 69 68 67 -9999 -9999
56 55 62 69 66 64 56 49 46 44 45 45 47 48 49 50 50 50 51 51 49 46 46 46 50 55 64 72 74 75 78 81 73 65 45 25 23 22 21 21 20 20 20 20 21 21 21 21 24 27 25 23 27 31 31 32 34 36 38 40 45 50 56 61 67 72 75 78 76 74 70 66 69 71 75 79 73 67 62 57 56 55 56 57 57 58 61 64 57 50 60 70 71 -9999 -9999 -9999
56 52 61 71 71 70 64 58 53 48 44 39 39 39 42 46 46 46 49 53 48 44 42 40 39 38 46 55 64 73 77 81 72 63 45 27 25 23 22 21 21 20 20 20 20 20 21 21 24 28 25 22 25 29 29 29 32 36 37 38 39 40 44 47 54 61 63 66 66 67 67 67 63 60 69 78 76 75 67 60 59 58 59 60 61 62 59 57 60 62 67 72 -9999 -9999 -9999 -9999
59 59 66 73 73 73 68 63 60 57 52 48 48 49 48 48 46 44 45 46 44 42 40 38 38 37 42 47 53 59 68 77 74 70 54 38 33 28 26 23 22 21 21 21 21 21 21 22 24 26 24 22 25 28 28 28 31 34 36 38 40 41 45 49 57 65 63 61 60 58 58 58 56 54 57 60 62 64 64 63 62 62 63 65 64 63 56 49 62 75 78 -9999 -9999 -9999 -9999 -9999
62 66 70 74 75 76 72 68 67 66 61 57 58 59 54 49 45 42 40 38 39 39 38 37 37 37 38 38 42 45 59 73 75 77 63 49 41 33 29 25 24 22 21 21 21 21 22 23 24 24 23 22 24 26 27 27 30 33 36 39 41 42 46 51 60 69 63 57 53 50 49 49 48 48 46 43 48 54 60 66 66 66 68 70 67 65 53 40 64 87 90 -9999 -9999 -9999 -9999 -9999
63 71 76 81 81 80 79 78 74 70 65 60 58 56 52 47 45 42 39 36 37 38 37 36 35 34 35 37 38 40 47 54 62 70 66 61 53 44 38 32 29 26 24 22 23 24 26 28 28 28 25 23 24 26 28 30 31 33 37 41 43 45 51 57 65 73 70 67 60 53 50 47 46 44 42 40 43 46 55 65 57 50 55 60 63 66 61 55 67 78 -9999 -9999 -9999 -9999 -9999 -9999
64 75 82 89 87 84 86 88 81 74 69 63 58 53 49 45 44 43 39 34 35 36 36 35 33 31 33 35 35 35 35 35 49 64 68 73 64 55 47 38 34 30 27 24 26 27 30 34 32 31 28 24 25 25 29 32 32 32 37 42 46 49 56 63 70 77 78 78 67 55 50 46 43 41 39 37 37 38 51 64 49 34 42 49 58 67 69 70 70 -9999 -9999 -9999 -9999 -9999 -9999 -9999
50 57 66 74 80 87 86 86 89 91 82 74 62 51 48 44 41 39 34 29 30 32 32 32 32 32 32 32 33 34 34 34 42 49 52 55 52 48 42 37 33 29 27 24 26 27 28 29 29 29 27 25 26 28 30 33 33 34 36 39 43 47 56 66 71 77 78 80 76 72 65 59 55 52 50 48 47 46 53 59 53 47 55 62 68 73 73 74 -9999 -9999 -9999 -9999 -9999 -9999 -9999 -9999
37 39 49 60 74 89 87 85 97 108 96 84 66 49 46 43 39 35 29 23 26 28 29 29 31 33 31 30 31 33 33 34 34 35 36 38 39 40 38 35 31 27 26 25 26 27 26 25 26 26 26 26 28 30 32 34 34 35 35 35 40 45 57 68 73 77 79 81 84 88 80 72 67 63 61 59 57 55 55 55 57 60 68 76 78 79 78 -9999 -9999 -9999 -9999 -9999 -9999 -9999 -9999 -9999
34 35 39 43 52 61 63 66 70 73 67 60 50 41 37 34 31 28 25 21 24 26 27 28 29 31 31 31 32 33 34 34 34 35 35 36 36 37 35 34 31 28 28 27 28 28 27 26 26 26 27 27 29 31 33 34 35 36 35 35 38 41 49 58 65 72 78 84 88 91 82 74 69 65 63 62 60 59 54 50 54 59 71 82 82 -9999 -9999 -9999 -9999 -9999 -9999 -9999 -9999 -9999 -9999 -9999
31 32 29 26 29 32 40 47 43 39 38 37 34 32 29 25 23 21 20 19 22 25 25 26 28 29 30 32 33 34 34 34 35 35 35 34 34 33 32 32 30 29 29 30 29 29 28 27 27 26 28 29 30 31 33 35 35 36 36 35 36 36 42 48 57 67 77 88 91 94 85 75 71 66 66 65 64 63 54 45 51 58 73 -9999 -9999 -9999 -9999 -9999 -9999 -9999 -9999 -9999 -9999 -9999 -9999 -9999
41 42 34 27 28 29 32 35 33 31 31 31 30 28 27 26 28 29 29 29 28 28 28 29 29 29 31 32 34 36 36 36 37 37 37 37 39 40 37 34 33 31 34 37 35 32 31 30 31 32 33 34 35 36 37 37 37 36 35 33 34 34 38 41 49 57 67 78 86 93 88 82 77 71 75 79 67 56 55 55 60 66 76 -9999 -9999 -9999 -9999 -9999 -9999 -9999 -9999 -9999 -9999 -9999 -9999 -9999
