homework/week5_homework_files/or_precip_1983_12.asc
ncols 407
nrows 229
xllcorner -124.73958333333
yllcorner 41.73958333333
cellsize 0.02083333333
NODATA_value -9999
[rows 123 to 163 of 229, columns 94 to 187 of 407]
201 213 220 228 235 242 250 259 265 271 279 287 301 315 315 315 360 405 411 417 422 427 415 403 391 379 387 395 388 381 388 395 393 392 396 399 402 404 417 429 440 451 455 460 478 496 466 436 413 390 377 364 367 369 328 287 281 275 274 273 258 244 219 194 179 164 158 153 149 145 144 142 145 147 141 135 126 117 111 104 101 97 97 97 94 91 88 85 83 81 78 76 77 78
206 223 233 244 238 233 249 266 279 291 298 306 324 343 321 300 345 391 401 411 401 392 392 392 385 378 394 409 410 411 417 422 417 412 411 409 402 395 414 433 452 470 465 460 485 510 469 428 402 375 359 342 337 332 297 262 258 255 260 265 249 233 210 187 176 165 160 156 151 146 143 141 146 151 143 135 124 113 107 100 99 97 97 97 94 91 88 85 81 77 76 76 75 75
227 245 239 233 230 227 249 272 274 276 295 314 328 341 328 314 318 322 330 338 361 385 388 390 386 382 374 366 368 370 379 387 390 392 405 418 435 453 453 453 449 446 440 434 439 444 422 401 382 363 355 347 335 323 287 251 240 229 230 230 224 217 199 181 174 167 160 153 150 146 143 140 142 145 140 135 124 113 104 96 95 93 92 90 89 87 85 82 79 77 75 73 73 72
249 267 244 222 222 221 249 277 269 262 292 323 331 339 334 329 291 254 259 265 322 378 383 388 387 386 354 322 325 329 340 352 362 372 399 426 469 511 492 472 447 421 415 409 394 378 376 373 362 351 352 352 333 315 278 241 222 203 199 195 198 201 188 176 172 169 160 151 149 146 143 139 139 138 137 135 124 112 102 92 91 89 87 84 84 84 81 79 78 76 74 71 70 68
253 276 263 250 245 239 243 246 253 260 288 316 325 335 333 330 291 251 265 279 326 373 375 377 390 402 387 372 373 375 373 371 378 385 404 422 446 469 468 467 440 414 400 386 365 344 343 341 328 314 311 309 300 291 259 227 212 197 194 191 189 187 178 168 165 162 156 150 148 145 142 138 137 137 136 135 122 108 100 92 89 86 83 80 80 81 79 78 78 77 76 74 74 73
258 285 281 278 268 258 236 215 237 259 284 309 320 331 332 332 291 249 271 294 331 367 367 366 392 418 419 421 421 421 405 389 394 399 408 418 423 428 444 461 434 407 385 363 336 309 310 310 293 276 271 265 267 268 241 213 202 191 189 188 180 173 167 161 158 155 152 149 147 145 141 136 136 135 135 135 119 103 97 92 87 83 79 75 77 78 77 77 77 78 77 77 77 78
304 316 321 326 318 311 283 256 266 275 272 268 285 302 293 283 276 270 295 320 316 313 317 321 342 362 365 367 378 390 395 401 405 410 414 419 418 418 428 437 420 403 377 351 317 283 288 293 280 268 263 259 259 258 231 203 194 185 181 176 172 168 164 159 157 155 153 151 146 142 141 139 139 138 136 134 120 106 98 91 85 80 77 74 74 74 75 77 78 78 78 78 78 78
350 347 360 374 369 364 330 297 295 292 260 228 251 273 253 233 262 291 319 346 302 258 267 275 291 307 310 313 335 358 385 412 417 421 420 420 414 408 411 413 406 398 369 339 298 257 266 275 267 259 256 253 250 248 221 194 187 180 172 164 164 164 161 157 157 156 154 152 146 140 141 143 141 140 137 133 121 109 99 90 83 77 75 72 71 70 73 76 78 79 79 78 78 78
347 363 340 318 317 317 324 330 325 319 275 231 239 246 236 225 243 260 285 310 308 306 318 329 330 332 325 319 354 390 403 416 425 434 432 430 425 419 425 430 416 403 371 339 294 249 260 271 264 257 251 245 233 221 207 192 186 179 171 163 163 163 160 158 160 163 159 155 152 148 146 144 144 144 142 140 130 119 108 98 88 79 74 70 70 71 73 75 76 78 78 78 78 78
345 379 320 262 266 270 317 363 355 346 291 235 227 219 218 218 224 229 251 273 314 355 369 383 370 357 341 325 373 422 421 421 434 447 444 441 436 431 439 447 427 407 374 340 291 242 254 266 260 255 246 238 216 195 192 190 184 179 170 161 161 162 160 158 164 170 164 158 158 157 152 146 147 148 148 148 138 129 117 106 93 81 74 68 70 72 72 73 75 77 77 78 78 78
288 303 282 261 276 291 325 359 370 381 343 306 294 283 270 257 244 230 257 284 307 329 329 329 346 362 373 384 389 393 402 411 427 443 446 449 461 473 467 460 447 434 374 314 277 239 238 237 232 227 221 215 205 195 194 194 190 186 177 167 166 164 162 160 164 169 165 161 162 163 157 150 146 143 143 144 139 134 121 108 96 83 77 70 70 69 71 73 74 75 76 78 78 78
232 228 244 260 286 312 333 355 385 416 396 376 362 347 322 297 264 231 263 295 299 304 289 275 321 368 405 443 404 365 383 402 420 439 448 456 486 515 495 474 467 460 374 288 262 235 222 208 204 200 196 193 194 195 196 197 195 194 184 174 170 167 164 162 164 167 165 164 167 170 162 154 146 138 139 141 140 138 124 110 98 86 80 73 70 67 70 72 72 73 75 77 78 78
252 252 257 263 302 342 367 393 415 438 412 386 372 357 323 290 262 235 264 294 294 295 300 306 321 335 362 388 396 404 428 451 465 478 478 478 488 498 484 470 442 415 346 278 255 232 220 208 204 199 196 193 195 196 197 197 193 188 180 172 169 165 163 162 164 167 165 163 164 165 161 157 150 144 141 139 133 128 117 106 98 90 83 77 78 78 77 76 76 76 77 79 79 79
272 276 271 266 319 371 401 430 445 460 428 396 382 367 325 282 261 239 266 293 289 285 311 338 320 303 318 333 388 443 472 501 509 517 508 499 489 480 473 465 417 369 318 268 248 229 219 209 203 198 196 194 195 197 197 197 190 182 176 170 167 163 162 162 164 167 164 162 161 160 160 160 155 150 143 136 127 117 110 102 98 94 87 81 86 90 85 80 80 79 79 80 80 80
297 318 353 389 388 388 416 444 437 431 420 410 391 371 332 294 274 254 286 319 319 318 324 331 346 361 370 380 397 415 446 478 484 491 486 480 496 512 601 690 552 414 328 241 229 216 248 281 271 260 230 199 203 208 204 199 190 181 176 172 166 161 161 162 164 167 163 160 158 156 154 151 145 139 132 126 121 116 108 100 97 94 90 86 90 94 89 84 85 85 84 82 83 83
322 360 436 512 458 404 430 457 429 401 413 424 399 375 340 306 287 268 307 345 348 352 338 324 372 420 423 426 406 386 420 454 460 466 463 461 502 544 730 915 688 460 337 215 209 204 278 353 338 323 263 203 212 220 210 200 190 181 177 173 166 159 160 162 165 167 162 157 155 152 147 142 135 129 122 115 114 114 106 98 96 94 93 92 95 97 93 89 90 91 88 85 85 86
330 334 386 438 454 471 484 498 466 434 433 431 390 349 316 283 290 298 338 377 397 417 393 370 394 417 425 434 438 443 459 475 474 474 456 438 451 465 568 671 558 445 328 211 229 247 300 353 329 305 260 216 213 210 204 199 190 181 177 174 167 160 161 162 162 162 157 152 148 144 141 138 132 126 120 114 110 106 103 99 99 98 95 93 95 97 95 92 92 93 90 88 89 89
338 307 336 364 451 538 539 539 503 467 453 439 381 322 291 260 294 328 369 410 446 481 449 416 415 415 428 441 470 500 498 496 489 482 448 415 400 386 406 426 428 431 319 207 249 291 322 353 320 288 258 228 214 200 199 197 189 181 178 175 168 162 161 161 159 157 152 147 141 136 135 135 129 123 119 114 106 99 100 101 101 101 98 94 95 97 96 95 95 94 93 92 92 92
366 335 374 413 459 506 494 482 456 431 424 418 385 352 311 270 309 348 390 432 441 449 432 415 405 394 421 447 488 529 541 553 523 493 471 450 411 373 365 356 359 362 303 244 287 329 344 360 366 371 315 258 232 205 200 194 189 184 179 174 168 162 162 161 159 157 153 149 142 136 134 132 128 124 120 115 108 102 101 99 102 105 102 98 99 99 98 96 96 96 94 92 93 93
394 362 412 461 468 474 450 425 410 394 396 397 389 381 331 280 325 369 412 454 435 417 416 415 394 374 414 454 506 559 585 610 557 504 494 484 422 360 323 286 290 294 288 281 324 367 367 367 411 455 372 289 250 211 201 192 190 188 180 173 168 163 162 161 159 156 153 151 143 136 132 129 127 125 120 116 111 105 102 98 103 108 106 103 102 101 99 98 98 98 95 93 93 94
394 373 402 430 435 441 415 388 383 377 386 394 393 393 352 311 320 329 357 385 374 363 366 369 369 369 398 427 488 548 576 603 553 504 494 484 422 360 328 295 297 299 296 294 291 287 287 286 308 331 289 247 228 210 201 193 189 186 179 172 168 163 161 160 156 152 148 143 139 134 131 128 126 124 119 115 110 105 103 101 103 106 104 102 101 101 100 99 99 99 98 96 96 96
394 385 391 398 403 408 380 352 356 360 376 391 398 404 373 342 316 290 303 316 313 310 316 323 344 365 383 401 469 538 567 596 550 504 494 484 422 360 332 304 304 304 305 306 257 208 207 205 206 207 206 205 207 208 201 194 189 184 178 172 168 163 161 159 154 149 142 136 134 132 129 127 125 122 118 114 110 105 104 103 103 103 102 101 101 101 101 101 101 101 100 100 99 99
391 372 389 406 398 391 367 344 343 341 364 388 399 411 394 377 355 334 329 324 338 351 368 385 380 375 373 370 444 519 540 562 533 504 459 414 377 339 324 309 308 307 314 320 292 263 236 208 208 209 209 209 223 237 218 199 191 183 177 172 166 161 160 159 154 148 142 136 131 126 123 120 117 114 111 109 106 103 102 101 101 101 100 100 100 99 100 101 101 102 102 102 101 100
387 359 386 414 394 373 355 337 330 322 353 384 401 417 414 411 395 379 355 332 362 393 420 447 417 386 362 339 420 501 514 527 515 504 424 344 331 318 316 314 313 311 322 333 326 318 265 211 211 211 212 212 239 266 235 204 193 183 177 171 165 159 159 159 154 148 142 136 129 121 117 114 109 105 104 103 102 101 100 99 99 99 99 98 98 98 100 101 102 102 103 103 102 102
380 381 403 425 392 359 346 333 327 322 351 379 411 442 434 426 411 397 376 354 377 400 429 459 436 413 417 421 433 446 478 510 534 559 506 453 407 361 337 313 312 311 308 305 293 281 252 223 218 213 211 209 220 231 212 193 203 214 209 203 195 186 180 175 168 162 155 148 137 126 120 113 109 104 103 101 100 99 98 97 98 100 100 100 100 101 102 103 103 103 103 103 103 102
372 403 419 435 390 346 337 328 325 323 349 375 421 467 454 441 428 415 396 376 392 408 439 470 455 440 472 503 447 391 442 492 553 613 588 562 483 404 358 312 311 311 293 276 259 243 239 235 225 215 211 206 201 196 189 181 214 246 241 236 224 212 202 191 183 176 168 160 146 131 122 113 108 103 101 99 98 96 96 96 98 100 101 101 102 104 104 104 104 104 103 103 103 102
352 357 374 390 358 326 324 322 332 343 368 393 406 419 417 415 425 435 415 395 408 421 434 448 438 428 439 450 439 429 475 522 549 576 559 542 473 403 345 287 317 346 315 284 269 254 247 240 229 219 211 204 217 230 248 267 278 290 279 268 257 246 241 235 224 213 189 165 151 136 126 117 111 106 103 101 98 95 95 95 98 101 102 102 103 104 105 105 105 105 104 104 103 102
331 312 329 345 326 307 311 315 339 363 387 411 391 372 380 388 421 455 434 413 424 435 430 426 421 416 407 397 432 466 509 552 546 539 531 523 463 403 332 261 322 382 337 292 279 265 255 245 234 222 212 201 233 264 308 352 343 333 316 299 289 280 280 280 265 250 210 170 156 141 131 120 115 110 106 102 98 93 94 95 98 101 103 104 104 105 105 106 106 106 105 105 104 103
325 313 321 328 330 333 342 352 355 357 368 379 364 349 367 384 410 435 410 386 391 397 395 392 396 399 395 391 420 449 471 493 483 473 482 491 449 407 371 334 364 394 337 280 272 263 252 241 229 217 226 234 276 318 337 356 341 327 310 294 286 277 276 275 261 246 219 193 183 173 156 138 130 121 114 106 101 95 95 96 99 102 103 104 105 105 106 107 107 106 106 106 105 104
319 315 312 310 335 359 374 389 370 351 349 347 337 326 353 381 398 416 387 358 358 359 359 359 371 382 383 384 407 431 432 434 420 407 433 459 435 412 409 406 406 406 337 268 264 260 248 236 224 211 239 267 320 372 366 360 340 320 305 290 282 274 272 270 256 242 229 215 211 206 181 156 144 132 121 111 103 96 96 97 99 102 103 105 106 106 107 107 107 107 107 107 106 104
343 342 330 318 329 340 343 347 336 326 324 323 320 316 329 341 361 381 362 342 349 356 365 375 387 400 397 395 403 411 412 412 409 406 419 431 413 396 384 372 371 370 334 297 288 278 256 233 231 228 261 295 322 350 346 342 329 317 303 289 281 274 261 249 239 229 222 215 214 213 206 198 166 135 124 113 105 97 97 98 100 101 103 105 106 107 107 108 108 108 107 107 106 105
367 369 347 325 323 321 313 305 303 301 300 299 303 307 304 302 324 346 336 327 339 352 371 390 404 417 411 405 398 392 391 390 398 406 404 403 391 380 359 338 336 333 330 326 311 296 263 230 238 245 284 322 325 327 326 324 319 314 301 288 281 273 250 228 222 217 216 215 218 221 231 240 189 137 126 115 106 97 98 100 100 101 103 104 106 108 108 109 108 108 108 107 106 105
380 376 362 347 343 340 327 315 323 331 321 312 314 317 312 307 321 335 334 334 341 348 363 378 389 400 397 394 389 383 384 384 397 409 397 385 379 372 355 338 336 333 330 326 305 284 257 229 243 256 295 334 332 330 328 326 316 306 293 280 268 256 234 213 205 198 194 190 205 220 224 228 184 140 126 112 105 97 100 102 102 101 102 102 106 109 110 110 110 109 108 107 105 104
392 384 377 370 364 358 341 325 343 360 342 324 326 327 319 311 318 325 333 341 342 344 355 366 374 383 383 383 379 374 376 378 395 412 390 368 366 365 351 338 336 333 330 326 299 271 250 229 248 267 306 345 339 333 331 328 312 297 284 271 255 238 218 198 188 179 172 165 192 219 217 216 179 142 126 110 103 97 101 105 103 101 101 101 106 111 112 112 111 109 108 106 104 102
378 383 378 374 369 364 358 352 357 362 349 335 340 345 336 327 330 334 337 341 353 366 377 388 382 376 377 379 374 368 371 375 393 412 405 398 378 357 337 318 311 304 297 291 273 255 243 231 245 258 287 317 311 306 303 301 293 285 277 269 255 241 223 204 194 184 180 175 189 202 198 193 168 143 127 111 104 96 96 96 96 96 95 94 98 101 106 112 110 109 107 104 102 99
363 382 380 378 374 371 375 379 372 364 355 345 354 363 353 343 343 342 342 341 364 387 399 411 390 369 372 375 369 362 366 371 391 411 420 429 389 349 323 297 286 274 265 255 247 239 236 233 241 250 269 289 284 279 276 274 273 273 270 267 256 244 227 210 200 190 188 185 186 186 178 170 157 144 128 112 104 96 92 87 90 92 90 88 90 92 101 111 110 109 105 102 99 97
373 393 390 387 378 368 368 368 364 359 354 348 358 367 375 382 375 369 359 350 374 398 402 407 394 380 385 389 378 366 370 374 392 410 410 410 369 329 312 294 281 268 259 249 241 233 231 230 235 240 254 268 268 268 269 270 266 261 254 246 237 227 218 208 196 183 177 171 176 182 174 167 151 134 125 115 105 95 90 85 85 85 86 87 88 89 96 102 103 103 103 103 99 96
384 403 400 397 381 365 361 357 356 354 353 352 362 372 396 421 408 395 377 359 384 409 406 403 397 392 397 403 387 371 374 377 392 408 399 391 350 309 300 291 277 262 252 243 235 226 226 226 228 231 239 248 252 257 262 267 258 250 237 225 217 210 208 207 191 176 166 156 167 177 171 164 144 124 121 118 106 94 88 83 81 79 83 86 86 86 90 94 95 97 100 103 99 96
372 381 379 376 367 358 355 351 349 347 346 345 349 353 376 398 404 411 393 375 387 398 399 400 398 396 396 396 385 373 375 376 380 384 377 370 330 291 283 275 266 257 250 243 233 223 224 225 226 228 237 246 251 255 267 280 273 266 246 227 218 208 212 215 196 177 171 165 165 166 158 151 141 131 124 117 107 97 91 86 83 80 81 81 82 82 86 89 90 92 95 97 96 95
361 358 357 356 354 352 348 345 342 339 339 338 336 334 355 375 401 427 409 391 389 388 393 398 399 399 395 390 383 376 376 375 368 361 355 349 311 273 266 259 255 252 247 243 231 219 222 224 224 224 234 245 249 253 273 293 287 282 256 229 218 207 215 223 201 178 175 173 163 154 146 138 138 137 126 116 108 100 95 89 85 81 79 77 78 79 81 84 85 87 90 92 93 95
347 347 345 344 342 340 337 334 338 342 342 343 343 344 363 383 399 416 406 397 381 366 369 371 379 386 381 376 376 377 377 378 371 364 340 316 291 266 261 256 253 250 247 245 238 231 232 233 233 234 240 247 244 242 249 257 254 250 236 221 210 199 205 211 198 184 179 174 167 160 150 141 139 137 129 121 114 107 102 96 91 86 84 82 83 84 88 91 92 92 93 95 98 102
