homework/week5_homework_files/or_precip_1983_04.asc
ncols 407
nrows 229
xllcorner -124.73958333333
yllcorner 41.73958333333
cellsize 0.02083333333
NODATA_value -9999
[rows 90 to 134 of 229, columns 192 to 287 of 407]
36 34 33 31 34 37 37 37 39 42 40 39 37 34 34 35 39 43 41 39 40 40 43 46 43 40 45 50 51 52 54 56 61 66 68 70 70 70 69 67 64 61 61 61 71 81 71 62 64 66 56 46 42 37 44 50 52 55 56 57 54 52 46 41 41 41 42 44 44 44 44 44 44 44 44 44 44 44 45 46 49 52 49 47 47 46 46 45 43 40 40 39 43 46 49 51
33 33 32 32 33 35 36 37 39 41 40 40 38 36 35 34 38 42 41 41 41 42 44 46 43 39 45 50 51 52 53 55 63 70 71 72 70 69 67 66 64 61 62 63 71 79 72 66 65 64 54 45 42 40 44 48 51 54 54 54 54 53 47 42 42 43 44 45 44 44 44 44 44 44 43 43 44 44 45 46 49 51 49 47 47 47 47 46 43 40 41 42 43 43 47 51
31 31 32 32 33 33 35 37 38 40 40 41 40 38 36 34 37 41 42 43 43 43 45 46 42 39 45 50 51 52 53 54 64 75 75 74 71 68 66 65 63 62 64 65 72 78 74 69 66 63 53 43 43 42 44 46 49 53 52 52 53 55 49 42 44 46 46 45 45 44 44 44 44 44 43 43 43 44 45 46 48 51 49 47 47 47 47 47 43 39 42 46 43 41 46 51
31 31 31 32 33 35 34 33 35 37 36 35 35 35 33 32 35 37 38 38 39 40 43 46 44 42 47 51 52 53 56 58 64 69 70 70 68 67 65 64 63 63 64 65 67 68 64 60 59 58 52 46 44 42 44 46 48 50 50 49 50 52 48 45 46 47 46 45 45 44 44 44 44 43 43 43 43 44 44 44 45 45 44 44 44 45 46 47 44 41 44 47 46 44 46 49
32 31 31 31 34 37 33 29 32 34 31 29 30 31 31 30 32 33 33 33 35 36 41 46 46 46 49 51 53 54 59 63 63 63 65 66 66 65 64 63 64 65 65 65 61 58 55 51 52 53 51 48 45 43 45 47 47 47 47 47 48 49 48 47 47 47 46 46 45 44 44 44 44 43 43 43 43 44 43 42 41 40 40 41 42 43 44 46 45 43 46 49 48 47 47 47
34 34 34 34 35 37 35 32 32 32 30 28 30 32 32 33 34 35 34 33 35 36 40 43 46 48 52 56 57 58 61 63 64 65 65 66 66 67 67 67 67 67 65 64 61 59 54 49 49 49 47 44 42 39 40 41 42 42 43 44 44 45 45 45 46 46 46 45 45 44 44 44 43 43 43 43 43 44 43 43 42 41 42 42 43 44 46 48 46 45 48 50 50 50 50 50
36 37 37 36 37 38 36 35 33 30 28 27 29 32 34 35 36 37 35 33 35 36 38 40 46 51 55 60 61 62 63 64 65 66 66 66 67 68 70 71 70 69 66 63 61 59 54 48 47 45 43 41 38 35 35 36 36 37 39 41 41 41 42 44 44 45 45 45 44 44 44 43 43 43 43 43 43 44 43 43 43 43 43 43 44 45 47 49 48 47 49 51 52 53 53 53
34 35 34 34 33 33 30 27 25 24 25 27 27 27 28 30 33 35 37 38 40 41 42 42 45 49 52 55 57 60 71 83 84 86 84 82 85 87 89 91 86 81 73 64 61 57 56 54 53 53 51 49 45 40 40 39 38 37 38 39 39 39 39 40 41 41 42 43 43 43 43 43 43 43 43 43 43 43 43 43 43 43 41 39 39 39 42 45 45 44 47 50 50 50 51 51
32 32 32 32 30 27 23 19 18 17 22 26 24 22 23 25 29 33 39 44 45 47 45 44 45 46 48 50 53 57 79 102 104 107 102 98 102 106 109 112 103 94 80 65 60 55 57 60 60 60 59 57 52 46 45 43 40 38 37 37 37 36 37 37 37 38 40 42 42 42 42 42 42 42 43 43 43 43 42 42 43 44 39 34 34 33 37 41 41 41 45 48 48 48 48 49
32 31 30 29 28 26 24 21 20 18 19 20 20 19 21 23 26 29 36 44 43 41 42 44 45 47 50 53 57 62 76 91 94 98 97 96 96 97 102 107 105 103 88 73 71 68 70 72 67 63 62 60 55 51 49 47 42 37 39 41 41 40 41 41 41 41 41 42 42 42 42 42 42 42 42 42 42 42 42 42 41 41 38 35 33 32 35 39 39 39 43 47 48 49 49 49
32 30 28 27 26 24 24 24 21 19 16 14 15 17 19 21 22 24 34 45 41 36 39 43 45 47 52 57 62 66 73 80 84 88 91 93 90 87 94 101 106 111 96 82 81 81 82 83 75 67 64 62 59 55 53 50 44 37 41 45 45 44 45 45 44 44 43 41 42 42 42 42 42 42 42 42 41 41 41 42 40 38 37 35 33 30 33 37 37 38 41 45 47 50 50 50
30 29 28 26 25 24 22 21 19 17 15 14 15 16 18 20 23 26 34 41 36 31 35 39 41 42 46 50 55 61 66 72 76 80 82 85 84 83 89 95 101 107 100 93 90 88 89 90 81 72 67 61 60 59 55 52 45 37 44 50 53 57 56 54 50 47 45 44 43 43 43 42 42 42 42 43 42 42 43 43 43 43 44 45 42 40 45 51 51 51 52 52 53 55 53 51
28 29 27 25 25 24 21 17 16 16 15 14 14 15 17 19 24 29 33 37 31 26 30 35 36 38 41 44 49 55 60 64 68 71 74 77 78 78 84 89 95 102 103 104 99 94 95 96 87 78 69 59 61 63 58 53 45 38 46 55 62 69 67 64 56 49 48 46 45 43 43 43 43 43 43 43 43 43 44 45 46 47 51 55 52 49 57 66 65 65 62 59 59 60 56 52
24 27 25 23 22 22 19 17 15 13 13 13 15 17 20 23 31 39 38 38 33 27 29 31 32 33 37 40 44 49 51 54 58 62 68 73 73 74 77 81 87 93 94 95 91 86 88 90 85 81 70 59 58 57 53 49 45 41 46 51 56 61 59 56 52 48 47 46 45 43 43 43 43 43 43 42 43 43 43 43 44 45 49 52 51 49 58 68 71 75 70 66 64 63 60 57
20 25 22 20 20 20 18 17 14 11 11 12 16 20 23 26 37 48 44 39 34 29 28 28 28 28 33 37 39 42 43 44 49 54 61 68 69 69 71 73 79 85 86 86 82 78 81 83 83 83 71 59 54 50 47 45 45 45 46 47 49 52 51 49 48 47 46 45 45 44 43 43 43 42 42 42 42 43 42 42 42 43 46 50 49 48 59 69 77 84 78 72 70 67 65 63
20 24 23 22 21 19 18 17 15 14 14 14 16 19 22 26 32 38 38 38 33 29 29 28 30 32 35 38 39 40 42 43 48 54 58 62 61 60 60 61 65 69 70 71 69 68 71 74 73 71 63 56 53 51 50 49 47 45 46 46 47 48 47 47 47 46 45 45 44 43 43 43 42 42 42 42 43 44 43 41 43 44 44 45 45 45 51 58 61 64 61 58 59 60 61 63
20 23 24 25 22 19 18 18 17 16 16 16 17 18 22 26 27 29 33 36 33 29 29 29 32 36 37 38 38 38 40 42 48 54 55 56 53 51 50 48 50 52 54 56 56 57 61 66 62 59 56 52 52 51 53 54 50 45 45 45 45 44 44 45 45 45 44 44 43 43 43 42 42 42 41 41 44 46 43 41 43 45 43 40 41 41 44 46 44 43 43 43 48 53 58 63
24 26 26 25 24 22 20 19 18 17 17 17 19 20 21 22 23 23 26 29 29 28 29 29 33 36 37 38 38 38 40 42 45 47 49 51 49 48 47 47 47 48 49 49 50 51 54 57 56 55 53 51 50 50 51 52 48 45 44 43 44 45 45 45 45 45 44 44 43 43 42 42 41 41 41 40 41 42 41 40 42 43 42 42 41 40 42 43 40 38 41 43 43 44 46 48
29 28 27 26 25 25 22 19 19 18 18 18 20 22 21 19 19 18 20 22 25 28 29 29 33 37 37 38 38 38 39 41 41 41 43 45 45 45 45 45 45 44 44 43 44 46 47 47 49 50 50 49 49 48 49 49 47 44 42 40 43 47 46 45 45 45 44 44 43 43 42 42 41 40 40 39 39 39 39 39 40 41 42 43 41 40 39 39 36 33 38 43 39 35 34 34
29 29 28 26 26 26 25 24 21 18 18 18 18 17 18 18 17 17 20 23 25 27 30 32 33 34 36 38 38 39 40 41 42 42 42 42 42 43 43 43 43 43 43 42 44 45 45 46 46 47 47 48 48 48 49 50 47 44 42 41 42 44 45 45 45 45 44 44 43 43 43 42 41 41 40 39 39 38 38 38 38 39 39 40 39 38 38 38 36 34 36 38 36 35 34 34
29 29 28 27 27 26 27 28 23 17 18 18 15 12 14 16 16 16 20 24 26 27 31 35 33 32 35 38 39 40 41 41 42 43 41 40 40 40 41 41 41 42 42 42 43 44 44 45 44 43 45 47 47 48 49 50 47 44 42 41 41 41 43 45 45 45 44 44 44 43 43 42 41 41 40 39 38 38 37 37 37 37 37 37 37 37 36 36 35 35 34 32 33 34 34 34
27 28 27 26 25 25 25 26 21 17 18 19 17 16 17 19 19 20 22 24 27 31 33 35 34 33 36 38 39 40 40 41 41 42 41 40 40 40 40 40 41 41 41 41 42 43 43 44 45 46 47 49 49 48 48 48 46 44 43 41 43 45 45 46 45 45 44 44 45 45 44 43 42 41 39 38 37 37 37 36 36 36 36 35 35 35 35 34 34 34 33 32 33 33 33 33
26 26 26 26 24 23 23 24 20 16 18 20 19 19 20 21 22 23 24 24 29 34 35 35 35 35 37 38 39 39 40 40 40 41 40 40 39 39 40 40 40 40 40 40 41 42 42 43 45 48 50 52 50 48 48 47 46 45 43 41 44 48 47 46 46 45 44 44 46 47 45 43 42 41 39 37 37 36 36 35 35 34 34 34 34 33 33 33 33 33 32 32 32 32 32 32
21 21 22 22 22 23 22 20 18 17 18 19 20 22 21 21 22 23 25 27 30 33 34 35 35 35 36 37 38 38 39 40 40 40 40 40 40 40 40 40 40 40 40 40 42 43 43 44 45 47 49 50 51 51 51 50 48 46 44 41 43 46 45 44 44 44 44 43 44 44 44 44 44 44 41 39 38 37 36 35 35 34 34 34 34 34 34 35 34 33 32 32 32 32 32 32
17 17 18 18 21 23 20 17 17 17 17 18 21 24 23 21 22 23 26 29 30 31 33 34 35 35 36 36 37 37 39 40 40 40 40 40 40 40 40 40 40 40 40 41 42 44 44 45 46 47 48 49 52 55 54 54 51 48 45 42 43 43 43 42 43 44 43 43 42 41 43 46 46 46 43 40 39 37 36 35 35 34 34 34 34 34 35 36 35 33 32 32 32 32 32 32
15 16 18 20 23 25 21 17 17 17 17 17 19 21 22 22 23 24 26 29 30 31 33 35 36 36 36 36 37 38 39 40 40 40 40 40 40 41 41 42 42 42 41 41 43 44 45 45 45 45 45 46 48 49 50 50 48 45 44 42 41 40 40 40 41 41 41 40 40 39 43 46 48 51 48 45 43 40 39 37 36 34 34 34 34 34 35 36 34 32 32 32 32 33 32 32
14 14 18 22 25 27 22 17 17 17 17 17 18 18 21 23 24 25 26 28 29 31 34 36 37 37 37 36 37 38 39 39 39 40 40 41 41 41 43 45 44 43 43 42 43 44 45 46 45 43 43 43 44 44 45 46 44 43 42 42 39 37 38 38 38 38 38 37 38 38 42 46 51 55 53 50 47 43 41 39 37 35 34 34 34 34 35 36 33 30 31 32 33 33 33 33
14 15 17 19 22 26 23 20 19 18 18 17 19 20 23 27 29 32 34 36 36 37 39 41 40 40 38 36 36 37 38 40 40 40 41 41 41 42 43 44 44 43 42 42 43 44 44 44 45 45 45 45 46 47 47 47 48 48 47 45 42 40 39 37 38 38 37 36 37 38 41 45 50 55 52 49 45 42 39 37 36 36 34 33 33 32 32 33 30 28 29 30 30 31 31 31
15 15 15 16 20 25 23 22 21 19 19 18 20 21 26 31 35 39 42 44 43 43 44 45 44 42 39 35 35 35 38 40 40 40 41 42 42 42 43 43 43 43 42 42 42 43 43 42 45 48 47 46 48 50 49 49 51 53 51 48 45 42 40 37 37 37 36 35 37 38 41 43 49 54 51 48 44 40 38 35 36 37 34 32 31 30 30 29 28 26 27 28 28 28 29 29
15 14 15 15 17 19 19 19 18 18 18 17 18 19 24 29 33 37 38 39 39 39 41 43 41 40 37 35 35 35 37 39 40 41 42 42 42 42 42 43 42 42 42 41 42 42 43 44 48 51 51 50 50 51 51 52 54 55 56 56 50 43 41 39 38 37 36 35 35 36 38 40 47 54 50 47 43 40 38 37 36 36 34 31 30 30 29 28 27 26 26 26 27 27 27 27
15 14 14 14 14 14 15 16 16 16 16 17 17 17 22 27 31 34 34 34 35 36 38 40 39 37 36 35 35 36 36 37 40 42 42 42 42 42 42 42 42 42 41 41 41 41 43 46 50 55 54 53 53 52 54 55 56 57 61 64 54 45 42 40 39 37 36 35 34 33 35 36 45 53 50 46 43 40 39 38 37 35 33 31 30 29 28 27 27 27 26 25 25 25 25 24
13 13 14 14 14 14 15 15 15 16 16 16 16 16 21 26 28 29 32 34 35 35 36 37 37 36 35 35 35 35 36 36 38 41 40 40 40 40 40 40 40 40 40 39 40 40 43 45 49 52 54 57 57 58 57 57 61 65 70 75 66 56 51 45 41 38 39 39 37 34 35 36 40 43 43 43 40 36 36 36 35 34 32 30 29 28 28 27 27 27 27 26 26 25 25 25
12 13 13 14 14 14 14 15 15 15 15 15 15 16 20 25 25 25 30 35 34 34 34 34 35 35 35 34 35 35 35 35 37 39 38 38 38 38 39 39 38 38 38 38 39 40 42 45 47 50 55 60 62 64 61 58 65 73 79 86 77 68 59 50 44 39 41 44 39 34 35 36 35 33 36 40 36 33 34 35 34 34 31 29 29 28 28 27 27 27 27 27 26 25 25 25
12 13 13 13 13 13 14 14 14 14 15 15 15 16 18 21 23 24 29 33 33 33 34 35 35 35 36 37 35 34 34 34 35 37 36 35 36 36 36 36 36 36 37 37 39 40 44 47 49 52 55 58 59 61 61 61 65 69 71 74 70 66 59 53 46 40 41 42 37 32 32 33 31 30 33 36 33 30 31 31 30 30 29 27 28 28 27 27 27 27 28 29 28 26 25 25
13 13 13 13 12 12 13 13 14 14 14 15 15 15 17 18 21 24 28 31 31 32 34 36 36 36 37 39 36 33 33 33 34 35 34 33 34 34 34 33 33 34 35 36 39 41 45 48 52 55 56 57 57 57 60 64 65 65 63 61 62 63 59 56 49 42 41 39 35 30 29 29 28 27 30 33 30 28 27 27 27 26 26 26 27 27 27 27 27 28 30 32 29 26 26 25
13 13 13 13 13 12 13 13 13 14 14 14 15 15 18 20 22 24 28 31 32 33 34 35 35 35 36 37 35 33 32 32 32 33 33 32 33 33 32 32 32 33 34 35 38 41 45 50 51 53 54 56 57 58 60 62 64 65 62 59 57 56 51 47 44 42 39 36 33 29 29 28 27 26 28 29 28 27 27 27 27 26 26 26 27 29 28 27 28 29 30 32 29 26 26 26
12 13 13 13 13 13 13 13 13 13 14 14 14 15 19 22 23 24 28 32 33 35 35 35 35 35 35 36 34 32 31 31 31 31 31 32 32 31 31 31 31 31 33 34 37 41 46 51 51 51 53 55 57 59 60 60 63 66 61 56 52 48 43 38 40 43 38 33 31 28 28 27 26 26 26 26 26 26 27 28 27 26 26 26 28 31 29 27 28 30 31 32 29 25 26 26
12 12 13 13 13 13 13 13 13 13 13 13 14 15 17 20 22 23 26 29 31 32 33 33 33 33 33 33 31 29 29 29 29 30 29 29 29 30 30 31 31 32 33 35 37 39 44 48 48 49 50 51 52 53 54 55 57 59 56 54 49 44 41 37 39 41 37 32 30 29 27 26 26 26 26 26 26 26 26 27 27 28 27 26 27 28 28 28 28 28 28 29 28 27 27 27
12 12 13 13 13 13 13 13 13 13 13 13 13 14 16 19 20 22 25 27 28 30 31 32 32 32 31 30 29 27 27 27 27 28 27 25 27 28 29 30 31 32 34 36 37 38 42 46 46 46 46 47 47 48 49 50 51 52 51 51 45 40 38 37 38 40 35 31 30 29 27 26 26 25 25 26 26 26 26 26 28 29 28 26 26 26 27 28 27 26 26 26 28 29 29 28
13 12 13 13 13 13 13 13 13 13 13 13 14 15 16 18 19 20 22 25 27 29 30 30 30 29 29 28 27 26 25 25 26 27 25 23 25 27 28 30 31 32 35 37 38 38 41 43 43 43 42 42 43 44 44 44 45 45 46 46 41 37 35 34 35 35 32 30 29 28 28 27 26 26 26 26 26 26 26 26 27 28 27 26 26 26 27 28 28 27 27 27 28 30 29 29
13 13 12 12 12 12 12 13 13 13 13 13 14 15 16 17 17 17 20 23 25 28 28 29 28 27 26 25 25 25 24 23 25 26 24 21 23 25 28 30 31 33 35 38 38 39 40 41 40 40 39 37 38 39 38 37 38 39 40 42 38 33 32 31 31 30 29 28 28 28 28 27 27 26 26 26 26 26 26 26 26 26 26 26 26 26 27 27 28 29 28 27 29 30 30 30
14 13 13 12 12 12 13 13 13 13 14 14 15 16 17 17 18 18 19 21 23 25 25 26 25 25 24 23 23 22 22 23 23 24 23 21 23 25 27 30 31 32 35 38 38 37 38 38 38 37 36 35 35 36 34 33 34 35 36 38 36 35 35 34 33 31 30 28 28 28 28 28 27 27 27 27 27 26 26 26 26 26 26 26 26 27 27 27 27 28 27 27 28 28 29 29
14 13 13 13 13 13 13 13 13 13 14 15 16 17 17 18 18 18 18 18 20 22 22 23 23 23 22 21 20 19 21 22 22 22 22 22 23 24 27 29 31 32 35 37 37 36 36 36 35 35 33 32 32 32 31 30 31 32 33 34 35 36 37 37 35 32 30 29 29 29 28 28 28 27 27 27 27 27 26 26 26 27 27 27 27 27 27 26 27 27 27 26 26 26 27 29
14 13 13 13 13 13 13 13 14 14 15 15 16 17 17 18 18 18 18 18 19 20 21 21 21 21 21 20 20 19 20 21 21 21 21 21 22 23 25 27 30 33 35 37 36 35 34 33 32 32 31 30 29 28 28 28 29 30 31 33 34 35 36 37 36 36 34 32 31 31 30 29 28 27 27 27 27 27 27 28 28 27 27 27 27 27 28 29 29 29 28 27 27 27 27 28
14 13 13 13 13 13 13 14 14 15 15 15 16 17 17 18 18 18 18 18 19 19 19 19 19 20 20 20 20 19 20 20 20 21 21 21 21 21 23 25 29 33 35 36 35 34 31 29 29 29 29 29 27 25 26 27 27 28 30 33 33 34 35 37 38 40 37 35 34 33 31 29 28 28 27 27 27 27 28 29 29 28 28 27 27 27 29 31 32 32 29 27 27 27 27 28
