homework/week5_homework_files/or_precip_1983_07.asc
ncols 407
nrows 229
xllcorner -124.73958333333
yllcorner 41.73958333333
cellsize 0.02083333333
NODATA_value -9999
[rows 94 to 140 of 229, columns 96 to 191 of 407]
91 96 99 103 100 98 99 100 100 100 100 101 100 100 103 107 111 115 114 112 112 113 108 103 103 103 101 99 103 107 114 121 127 132 124 115 116 117 120 122 125 127 137 147 139 132 108 84 66 48 40 31 26 22 35 47 37 27 23 19 19 18 18 19 18 18 19 19 18 18 23 27 26 25 26 26 27 28 29 30 33 36 37 39 41 42 43 44 46 49 57 66 65 65 65 65
88 94 98 102 107 112 116 119 109 99 99 99 99 99 101 103 106 109 111 114 112 111 107 102 102 101 99 96 102 108 121 134 132 130 119 109 110 112 119 125 130 134 139 145 141 138 105 72 56 41 35 30 27 25 34 43 34 26 23 21 20 19 19 19 19 18 18 17 18 19 22 26 26 27 27 27 28 29 31 32 33 35 37 39 40 42 43 44 46 49 56 62 62 62 63 63
85 93 97 102 114 126 132 138 118 97 97 97 97 97 99 100 101 103 109 115 112 109 105 102 101 100 97 93 101 109 128 148 138 128 115 102 105 108 118 128 134 141 142 143 144 144 102 59 47 34 31 29 28 27 33 39 31 24 23 23 21 20 20 20 19 18 17 16 18 20 22 24 26 28 27 27 29 31 32 34 34 35 36 38 40 42 42 43 46 49 54 59 59 58 60 62
90 95 98 101 107 112 115 119 107 95 96 97 98 98 100 101 102 104 107 111 113 115 111 108 113 118 111 104 110 115 135 155 140 124 112 100 105 110 123 137 141 144 144 144 134 124 93 62 48 35 32 29 27 26 31 37 31 25 23 21 20 19 19 19 18 16 16 15 16 17 21 24 26 28 29 29 31 32 34 35 35 35 37 39 42 44 45 45 47 49 51 53 53 54 55 56
95 97 99 101 100 99 99 99 96 93 95 97 98 99 101 102 103 104 106 107 114 120 117 115 125 136 125 115 118 122 142 162 142 121 109 97 104 112 129 146 147 147 146 145 124 104 84 65 50 36 32 29 27 25 30 35 31 27 23 19 19 19 19 18 17 15 15 14 15 15 19 24 26 28 30 31 32 33 35 36 36 35 38 41 44 47 47 47 48 50 48 47 48 49 50 50
95 97 99 100 98 95 96 96 95 94 96 98 100 101 101 101 102 104 106 108 111 114 113 112 116 120 123 126 136 146 153 160 138 116 108 100 106 112 124 136 140 143 141 138 119 100 81 63 51 40 37 34 31 28 29 29 26 22 20 17 17 17 18 18 17 15 15 15 15 14 18 22 24 26 28 30 34 37 39 41 39 38 40 42 44 46 46 45 47 48 47 46 47 48 51 53
95 98 99 100 96 92 93 93 94 94 97 100 101 103 101 99 101 103 106 109 108 107 108 109 107 105 121 138 154 171 164 157 134 111 107 104 108 112 120 127 133 140 135 130 113 96 79 61 53 44 42 39 35 31 27 23 21 18 17 15 15 15 16 18 17 16 16 16 15 13 17 20 23 25 27 29 35 41 43 46 43 40 41 42 44 45 44 44 45 46 46 46 47 47 52 57
96 98 99 100 97 94 94 94 94 94 97 100 100 101 100 99 101 102 110 118 117 117 112 107 106 105 115 125 148 171 173 175 146 116 110 104 110 116 123 130 133 135 130 126 116 105 83 60 51 41 38 35 31 27 24 21 19 16 15 14 14 14 14 15 15 15 15 16 15 15 18 20 22 24 24 25 29 33 35 38 38 39 41 43 43 42 42 42 43 44 44 45 46 48 52 56
98 98 100 101 99 96 95 94 94 95 97 99 99 99 100 100 101 102 114 126 126 126 116 106 105 104 109 113 142 171 183 194 158 122 113 104 112 119 127 134 132 130 126 122 118 114 87 59 49 38 35 31 27 24 22 20 17 14 14 13 13 12 12 12 13 14 15 16 16 17 19 21 21 22 22 21 23 26 28 30 34 38 40 43 41 40 40 41 42 42 43 44 46 48 52 55
102 107 107 107 104 101 100 98 97 95 99 103 105 107 108 109 105 101 108 115 121 127 128 129 125 121 131 141 152 163 168 173 148 123 116 108 114 119 124 130 131 133 131 129 119 110 85 61 53 44 37 30 26 22 20 18 14 11 11 11 11 11 11 12 13 14 15 16 16 17 18 18 20 21 20 20 22 23 25 27 30 33 37 40 40 39 40 40 41 41 42 43 45 48 52 56
106 116 114 112 110 107 105 103 100 96 102 108 111 115 117 119 109 99 102 105 117 128 140 152 144 137 153 168 161 154 153 151 138 125 119 112 115 119 122 125 131 136 136 137 121 105 84 63 57 50 40 30 25 20 18 15 12 9 9 10 10 10 11 11 13 14 15 16 16 17 17 16 18 19 19 19 20 20 22 25 27 29 33 37 38 39 40 40 40 39 40 42 45 49 52 56
106 115 111 106 105 104 105 105 104 103 105 107 109 110 117 124 116 108 111 114 120 127 130 132 126 120 129 138 140 143 142 141 131 121 121 120 122 125 128 132 136 139 138 137 120 104 90 77 63 49 38 28 23 19 16 13 11 9 9 9 10 10 11 11 13 14 15 16 17 18 17 17 18 19 19 19 19 20 21 22 26 29 32 34 37 39 41 42 42 41 41 41 45 49 52 54
107 113 107 100 101 102 104 106 108 110 108 107 106 105 117 129 122 116 119 123 124 125 119 113 108 102 105 108 120 132 131 131 124 117 122 128 129 131 134 138 141 143 140 137 119 102 97 91 69 47 36 26 21 17 14 11 10 9 9 9 9 10 11 11 12 14 15 16 17 19 18 18 18 19 19 19 19 19 20 20 25 29 30 32 36 39 42 45 44 43 42 41 45 49 51 53
99 102 103 103 108 112 111 109 105 100 99 99 104 109 112 114 114 114 122 129 125 120 115 110 104 98 106 113 128 144 138 133 120 108 118 128 131 134 144 154 147 141 137 133 124 116 109 103 74 45 38 31 24 18 15 12 10 9 9 9 9 9 10 12 12 13 16 19 20 21 20 18 18 19 19 20 20 20 20 20 23 26 29 31 35 39 41 43 42 41 43 46 48 50 53 56
91 92 99 105 114 123 118 113 101 90 90 91 102 113 107 100 107 113 124 136 125 115 111 108 101 94 106 118 137 155 145 135 117 98 113 127 133 138 154 171 154 138 134 129 129 129 122 115 79 44 40 36 27 18 15 12 11 10 9 8 8 8 10 12 12 12 17 22 23 24 21 18 19 19 20 21 20 20 21 21 22 23 27 31 35 39 40 42 40 39 45 51 51 52 56 59
90 91 95 100 110 121 120 119 104 89 89 90 98 107 104 100 110 119 122 124 115 105 100 95 99 103 111 120 136 153 142 131 113 96 110 124 131 137 154 171 158 144 146 149 150 150 130 110 82 53 46 39 30 22 18 14 13 12 11 11 10 10 11 12 14 17 19 22 22 23 21 19 19 19 20 21 21 21 21 22 23 25 31 38 43 49 47 45 43 40 45 50 51 52 55 58
89 90 92 95 107 119 122 125 106 88 89 89 95 101 101 101 113 125 119 113 104 95 89 82 97 112 116 121 136 150 138 126 110 93 107 121 129 136 154 172 161 150 159 168 170 172 139 105 84 62 51 41 33 25 21 16 15 14 13 13 12 11 12 12 17 21 21 22 22 22 21 19 20 20 21 22 22 22 22 22 24 26 36 46 52 58 54 49 46 42 45 48 50 52 54 56
88 90 91 93 98 103 105 107 97 87 88 88 93 97 96 95 100 105 101 96 91 86 83 80 88 95 98 100 109 117 111 105 98 90 103 115 122 130 139 148 152 157 163 168 183 198 160 123 91 59 48 37 31 26 22 18 18 17 16 15 14 14 15 16 19 22 23 24 24 24 23 22 22 22 22 22 22 22 23 23 25 27 36 44 47 49 48 46 44 43 44 46 48 50 53 55
88 89 90 92 90 88 88 88 87 87 87 87 90 94 91 89 87 86 82 79 78 77 78 79 79 79 79 79 82 84 83 83 85 88 98 108 116 124 124 123 144 164 166 168 196 224 182 140 98 56 44 32 30 27 24 20 21 21 19 16 16 16 18 19 21 22 25 27 26 26 25 25 25 25 23 22 22 22 23 24 26 29 35 42 41 40 41 42 43 44 44 44 46 48 52 55
89 89 87 85 84 83 84 85 83 81 82 82 85 87 84 82 79 76 80 84 86 88 84 79 83 86 94 102 102 103 106 109 102 95 103 111 121 131 136 142 152 161 162 163 174 184 161 138 94 51 44 37 34 30 25 21 21 21 20 19 20 21 22 23 25 27 28 28 28 28 27 26 26 26 25 24 24 24 24 25 26 28 32 36 38 39 41 42 42 43 43 44 45 46 47 49
90 88 83 77 78 79 80 81 78 76 77 78 79 79 77 75 71 66 77 88 94 100 90 79 86 93 109 125 123 122 128 135 118 101 107 114 126 139 150 160 159 158 158 158 151 144 140 135 90 46 44 43 38 33 27 21 21 21 21 22 24 26 26 26 29 32 31 29 29 29 29 28 28 27 27 26 25 25 25 25 26 27 28 29 34 39 40 42 42 42 43 44 44 44 43 42
74 77 80 83 88 92 97 102 94 85 86 87 87 87 81 74 74 73 79 85 93 101 95 89 91 93 107 122 121 121 127 132 119 105 110 115 120 125 132 139 139 139 137 135 134 134 131 128 104 79 75 72 59 45 36 27 26 24 26 27 28 29 30 31 31 32 32 33 32 31 30 30 29 29 28 27 27 27 26 26 27 28 28 28 32 36 37 38 39 40 40 39 39 39 39 38
59 66 78 89 97 105 115 124 109 95 95 96 95 95 84 73 76 79 80 82 92 102 100 98 95 92 105 119 119 120 125 129 119 109 112 116 113 111 115 119 119 119 115 111 117 123 122 121 117 112 107 101 80 58 46 33 30 27 30 33 33 33 34 36 34 32 34 36 34 32 32 31 31 30 29 28 28 28 28 27 28 28 28 28 31 34 34 34 36 39 36 34 34 34 34 34
83 92 94 96 104 113 109 105 102 100 107 114 109 104 96 88 90 92 89 87 93 99 98 97 92 87 97 107 106 105 110 115 110 105 107 109 108 106 110 115 114 114 112 111 111 112 107 102 99 95 90 85 69 52 43 33 32 30 32 35 35 35 36 37 36 35 35 34 34 33 33 33 32 32 31 30 30 30 29 29 29 29 29 29 30 30 31 31 33 34 34 34 34 34 33 33
106 118 111 103 111 120 103 86 95 104 119 133 123 114 108 102 103 104 98 91 94 96 96 96 89 83 89 96 93 90 95 100 100 101 102 103 102 101 106 111 110 108 110 111 106 100 91 82 80 78 74 69 58 46 40 34 33 33 34 36 36 36 37 38 38 38 36 33 34 34 34 34 34 34 33 33 32 31 31 30 30 30 31 31 29 26 27 28 29 30 32 34 34 33 33 32
86 89 88 87 94 100 96 92 95 98 102 106 101 96 98 101 98 96 93 90 93 96 94 92 88 84 87 90 90 90 93 96 98 99 101 103 102 101 105 109 107 105 104 104 98 92 86 80 79 78 74 70 62 54 47 39 37 35 37 39 39 39 38 38 37 37 36 35 36 36 36 35 35 35 34 34 33 32 30 28 28 28 28 29 27 26 27 28 29 30 30 31 30 30 31 32
67 59 65 71 76 81 89 98 95 92 85 79 78 78 89 100 93 87 88 90 93 96 92 89 87 85 85 85 87 89 91 93 95 97 100 103 102 101 104 108 105 102 99 97 90 84 81 79 78 77 74 70 67 63 53 44 40 37 39 41 41 41 40 39 37 35 37 38 38 37 37 36 36 35 35 35 34 32 29 26 26 25 26 26 26 26 26 27 28 30 29 27 27 27 29 32
58 54 60 66 69 71 76 81 80 79 77 75 76 77 87 97 93 89 89 89 90 92 89 87 86 84 84 83 85 86 87 88 90 91 92 93 92 91 97 102 101 101 99 97 92 87 84 81 79 77 74 70 62 54 47 41 39 37 39 41 41 40 38 37 35 34 36 38 38 38 37 37 36 35 35 35 32 30 29 28 27 25 25 25 25 25 25 24 25 25 25 25 26 27 27 27
48 49 55 61 62 62 63 64 65 66 69 72 74 76 85 94 93 92 90 88 88 88 86 85 84 83 82 81 82 84 84 84 84 85 84 82 82 81 89 96 98 100 98 97 93 90 86 83 80 77 74 70 58 45 41 37 37 37 40 42 40 38 37 35 33 32 35 37 38 38 38 37 36 35 34 34 31 28 29 30 27 25 25 24 25 25 23 21 21 21 22 23 25 27 25 23
49 51 54 57 61 65 70 75 75 75 82 89 85 82 88 95 94 93 90 88 88 88 86 85 84 84 83 81 82 83 82 82 82 82 81 81 82 83 87 92 94 97 98 98 93 88 83 79 78 76 73 69 55 41 39 38 38 38 39 40 38 37 35 34 33 32 33 33 33 34 34 34 33 32 32 31 29 28 28 29 26 23 22 22 24 25 22 20 20 20 21 21 23 24 23 22
49 53 53 52 60 68 77 86 85 85 95 106 97 87 91 95 95 94 91 88 88 87 87 86 85 84 83 82 81 81 81 81 80 78 79 80 82 84 85 87 91 95 97 100 93 86 81 76 76 76 71 67 52 38 38 38 38 38 38 38 37 36 34 33 33 33 30 28 29 30 30 30 30 29 29 28 28 28 27 27 24 21 20 20 23 25 22 19 19 20 20 20 20 20 20 21
49 50 49 49 57 65 69 73 77 81 94 107 97 87 84 81 82 83 85 87 88 88 88 87 83 80 80 81 81 81 81 81 81 81 84 87 86 85 84 84 84 84 86 88 84 80 78 75 73 70 66 63 51 40 39 38 38 38 38 37 37 36 34 33 31 30 29 28 29 30 30 30 30 29 27 24 24 24 23 23 21 20 20 19 21 22 20 19 19 19 19 20 20 20 20 21
49 46 46 46 54 62 61 60 69 78 93 108 97 86 77 68 69 71 79 86 88 89 88 87 82 76 78 80 80 80 80 81 82 84 89 94 90 86 83 81 77 73 75 76 75 74 74 74 70 65 62 58 50 42 40 38 38 38 37 37 36 35 34 32 30 28 28 28 29 30 30 30 30 29 24 20 20 20 19 19 19 19 19 19 19 19 19 19 19 19 19 19 20 20 20 21
51 50 50 50 52 54 57 60 69 79 89 100 92 84 76 68 70 72 80 87 88 89 89 89 85 81 81 81 80 80 80 80 80 81 84 87 85 84 81 77 73 70 69 69 70 71 69 67 64 62 59 56 49 42 40 39 38 38 37 37 35 34 33 32 30 28 27 27 29 31 30 28 28 27 23 19 19 19 18 18 18 19 18 18 18 18 18 18 18 19 19 19 19 20 20 21
53 53 54 55 50 45 53 60 70 79 85 91 86 81 75 68 71 74 81 88 88 88 89 90 88 86 84 81 81 80 79 79 78 78 78 79 80 82 78 73 69 66 64 62 65 67 63 59 59 58 56 54 47 41 40 39 38 38 37 37 34 32 32 32 30 28 27 26 29 32 29 27 26 26 22 18 18 18 18 17 18 19 18 18 18 18 18 18 18 18 18 19 19 20 20 21
61 64 65 66 60 53 57 61 63 65 70 75 72 69 67 65 69 74 75 77 78 80 81 82 83 84 84 84 82 81 81 80 78 77 76 76 77 78 75 73 68 63 60 57 60 62 59 56 56 57 55 54 48 41 39 38 38 37 36 36 34 31 32 33 30 27 27 27 29 32 31 31 30 29 26 23 22 20 18 16 16 16 17 18 18 18 18 18 18 18 18 19 19 20 20 21
69 74 76 78 69 60 62 63 57 51 55 59 58 57 59 61 67 74 70 66 68 71 73 75 78 82 84 86 84 82 82 81 78 75 74 73 74 75 73 72 67 61 57 52 55 58 55 53 54 55 55 55 48 40 39 38 37 36 36 35 33 31 32 33 30 26 27 27 30 32 33 34 33 31 30 29 25 22 19 16 14 12 15 17 17 17 17 17 18 18 18 19 19 20 20 21
66 66 67 68 70 73 71 70 62 53 54 55 56 56 58 60 64 68 72 76 79 82 82 82 83 83 85 87 85 84 83 82 82 81 79 77 77 77 74 71 66 61 54 48 51 53 53 53 53 54 51 47 43 38 37 36 36 36 34 33 32 31 32 33 30 28 30 31 33 34 37 39 38 37 35 33 29 25 21 17 15 13 14 16 17 17 17 17 18 18 18 19 19 20 20 21
63 58 58 59 72 85 81 77 67 56 53 51 53 56 58 59 61 63 75 86 90 94 92 89 87 85 86 88 87 86 85 83 85 86 84 81 80 79 75 71 66 60 52 44 47 49 50 52 53 53 47 40 38 36 36 35 35 35 33 31 31 31 31 32 31 30 32 34 36 37 40 44 44 43 40 36 32 28 23 19 16 14 14 14 16 17 17 17 18 18 18 19 19 20 20 21
59 58 60 63 72 81 87 93 80 68 66 64 61 58 59 59 63 67 72 77 77 76 83 90 90 90 90 89 89 88 86 84 85 85 85 84 89 94 83 72 64 56 50 45 45 45 46 47 46 46 43 40 40 40 39 38 37 36 33 30 30 30 31 32 31 31 34 37 37 38 39 41 41 41 40 38 33 28 24 20 17 15 14 14 15 16 17 18 18 18 18 19 19 20 20 21
55 58 62 67 72 77 93 108 94 79 79 78 69 61 60 59 65 70 69 68 63 59 75 91 93 95 93 91 91 90 87 84 84 84 86 87 98 109 90 72 62 52 48 45 43 41 41 41 40 40 40 41 42 43 42 41 39 37 33 29 30 30 31 31 32 32 35 39 39 39 38 38 39 40 40 40 35 29 25 20 18 16 15 14 14 14 16 18 18 18 18 19 19 20 20 21
55 57 62 68 77 86 107 128 111 93 84 75 69 63 60 58 63 69 67 64 68 72 79 85 89 92 92 91 91 91 90 88 87 86 86 86 93 99 83 66 58 51 47 44 43 42 42 41 40 39 40 41 42 43 42 40 38 36 32 29 29 30 30 31 31 31 34 37 38 40 39 37 38 38 37 36 32 28 24 20 19 18 17 16 16 16 17 18 18 18 18 19 19 19 20 20
56 56 62 68 81 94 121 148 127 106 89 72 68 64 60 56 62 68 64 61 73 86 83 80 84 89 90 91 92 92 92 91 89 87 87 86 88 90 75 60 54 49 46 44 43 42 42 42 40 39 40 41 42 43 41 40 37 34 31 29 29 30 30 31 30 30 32 35 38 40 39 37 37 37 34 32 29 26 23 20 20 19 19 18 18 19 18 18 18 18 19 19 19 19 19 20
59 61 63 64 77 89 104 118 110 103 90 77 68 60 58 57 67 77 76 74 74 73 79 85 87 90 91 92 93 94 93 93 90 86 90 94 106 118 90 61 53 46 44 43 45 48 49 51 46 41 44 48 45 43 41 39 36 32 31 29 30 30 31 31 30 28 30 31 32 33 32 32 32 33 31 29 27 24 22 19 19 20 18 17 17 18 18 18 18 18 19 19 19 20 20 20
62 66 63 61 73 85 86 87 93 99 91 82 68 55 56 57 71 86 87 88 74 59 75 90 90 91 92 93 94 95 95 94 90 86 94 102 124 146 104 62 52 42 42 42 48 53 56 59 51 42 48 54 48 42 41 39 35 30 30 30 30 30 31 32 29 27 27 27 26 25 26 26 27 28 28 27 24 22 20 18 19 20 18 16 17 17 18 19 18 18 18 19 19 20 20 21
47 47 57 66 75 84 85 86 91 96 82 68 62 55 60 64 77 90 93 95 85 76 83 90 91 91 93 95 97 99 97 96 86 75 79 83 93 104 83 62 53 43 44 44 48 52 53 54 48 43 45 47 44 41 40 39 35 31 30 30 30 30 30 31 30 28 27 25 24 23 24 24 24 25 24 23 21 20 19 18 18 18 17 17 17 16 17 17 18 18 18 18 19 19 19 19
31 28 50 72 77 83 84 86 89 92 73 54 55 55 63 72 83 95 99 103 97 92 91 91 91 92 94 97 99 102 100 97 81 65 65 64 63 62 62 62 53 44 45 46 49 51 50 48 46 44 42 39 39 39 39 38 34 31 30 30 30 30 30 30 30 30 27 23 22 21 21 22 21 21 20 19 18 18 17 17 17 17 17 17 16 16 16 16 17 18 18 18 18 18 18 17
