homework/week5_homework_files/or_precip_1983_12.asc
ncols 407
nrows 229
xllcorner -124.73958333333
yllcorner 41.73958333333
cellsize 0.02083333333
NODATA_value -9999
[rows 164 to 204 of 229, columns 282 to 375 of 407]
97 96 96 96 95 95 93 91 96 101 100 99 101 104 109 114 127 140 171 203 182 160 158 156 149 143 124 106 104 101 97 92 85 77 79 81 84 88 83 77 77 77 80 84 88 93 86 79 76 72 67 62 60 59 54 49 57 65 73 82 88 95 99 102 101 100 100 100 101 101 100 100 100 100 101 103 104 105 106 106 105 105 105 104 105 107 108 110 112 114 111 108 105 -9999
101 97 98 98 98 98 97 97 101 106 109 111 110 109 115 121 136 151 191 230 225 220 193 165 156 146 133 120 113 106 99 92 87 82 85 89 91 93 88 83 81 79 80 81 82 83 79 75 73 71 64 57 56 55 52 50 57 64 70 76 82 88 92 96 97 98 99 100 102 104 102 100 100 99 100 101 104 107 108 109 107 105 104 103 104 104 107 109 117 125 121 118 112 -9999
105 98 99 100 101 102 102 102 106 111 117 123 119 114 121 128 146 163 210 257 268 280 228 175 162 149 142 135 123 111 101 92 89 86 92 97 98 99 93 88 85 82 80 77 75 73 71 70 70 70 61 53 52 51 51 50 56 62 66 70 76 82 86 89 93 96 98 100 104 107 104 100 99 99 99 100 105 109 111 112 109 106 104 102 102 102 105 109 122 135 131 127 119 -9999
112 107 106 105 107 110 108 106 108 109 120 130 137 145 146 147 169 191 228 265 285 304 263 221 214 207 174 140 130 120 110 100 103 106 104 101 102 103 98 92 88 83 80 77 74 71 69 66 66 65 59 54 52 51 52 52 58 64 68 73 79 85 89 93 95 98 99 101 103 106 102 99 99 98 99 101 104 106 107 107 106 105 102 99 101 102 104 107 119 132 128 125 118 -9999
118 116 113 110 113 117 114 111 109 108 122 137 156 176 171 166 193 219 246 273 301 329 298 267 267 266 206 146 138 129 119 108 117 126 115 105 106 108 102 95 90 85 80 76 73 69 66 63 62 60 57 54 52 50 52 55 60 65 70 75 82 89 92 96 98 99 101 102 103 104 101 99 98 97 99 101 102 103 103 102 103 103 100 97 99 102 103 105 117 129 126 122 117 -9999
120 119 118 117 120 124 123 121 126 131 136 142 163 185 208 231 250 269 279 289 312 335 310 285 257 229 187 146 136 127 127 126 137 149 136 124 119 115 108 101 95 89 84 79 75 71 69 66 63 60 57 55 53 51 53 54 60 66 70 75 77 80 84 87 91 95 97 99 100 101 99 97 97 96 97 99 100 100 100 100 102 103 100 98 99 101 102 103 111 118 119 121 118 -9999
121 122 123 124 127 131 131 131 142 153 151 148 171 194 245 296 307 318 311 304 323 341 322 304 247 191 168 145 135 125 135 144 158 171 157 142 132 122 114 106 100 93 88 83 78 74 71 69 64 59 57 55 54 53 53 53 60 66 70 74 72 71 75 79 85 91 94 96 97 98 97 96 95 95 96 97 97 97 98 99 101 103 101 98 99 100 101 101 104 108 113 119 119 -9999
126 126 132 138 145 153 172 192 200 208 197 187 196 205 254 304 325 346 335 323 335 346 301 256 216 176 162 148 141 133 143 153 159 166 154 142 134 126 119 111 100 88 83 78 75 72 70 68 64 60 58 55 54 53 53 53 58 64 67 70 69 67 70 74 77 80 84 88 90 93 94 95 95 96 97 97 97 97 97 98 101 104 106 108 105 102 102 102 103 104 116 127 124 -9999
130 130 141 152 163 175 214 253 258 263 244 225 220 216 263 311 342 373 358 343 347 351 279 208 185 162 156 151 146 142 152 161 161 160 150 141 136 130 123 116 100 83 79 74 72 70 68 67 64 62 59 55 54 53 53 52 57 61 64 66 65 63 65 68 69 69 74 79 83 87 90 94 95 97 97 97 97 96 96 97 101 105 111 118 111 105 103 102 101 101 118 135 130 -9999
135 137 151 166 187 209 247 285 302 318 298 277 272 267 302 338 348 358 355 352 321 290 238 186 177 169 164 159 156 154 158 161 157 152 147 142 135 128 121 113 98 82 77 72 70 68 66 64 62 60 58 56 54 52 52 52 54 56 58 60 59 59 62 65 68 70 76 82 86 91 93 95 96 96 97 98 97 96 96 96 100 104 112 120 115 111 107 104 103 102 110 118 116 -9999
140 144 162 181 212 242 280 318 346 374 352 330 324 319 342 365 354 343 352 362 295 229 197 164 170 176 171 167 167 166 164 161 153 144 144 144 135 126 118 110 95 81 76 70 68 66 64 62 60 58 57 56 54 52 51 51 51 51 52 53 54 56 59 62 67 71 78 85 90 94 95 96 96 95 97 98 97 96 96 95 99 103 113 123 120 117 111 106 105 103 102 101 102 -9999
137 145 173 200 232 263 296 330 359 388 380 373 358 343 355 368 364 360 357 353 282 211 195 178 168 158 155 152 163 175 169 164 156 149 149 148 135 122 113 105 97 90 80 71 67 64 61 59 58 56 56 55 54 52 52 51 51 51 52 52 53 55 58 62 67 71 77 83 88 94 99 105 104 102 103 104 105 105 106 106 112 118 127 136 136 137 122 108 109 110 113 116 116 -9999
135 147 183 219 251 283 313 342 372 402 409 416 391 367 369 371 374 377 361 344 268 192 192 193 167 141 139 138 160 183 175 167 160 153 153 153 135 118 109 99 99 99 85 71 66 61 58 56 55 54 54 54 53 53 52 52 52 52 51 51 52 54 58 62 67 71 76 80 86 93 103 114 111 109 110 111 112 114 116 118 125 133 140 148 153 157 133 109 112 116 123 130 130 -9999
145 158 197 236 269 302 334 366 392 418 422 426 411 396 395 393 387 381 328 274 235 196 188 180 163 145 152 160 172 184 177 171 161 152 149 145 133 121 112 102 96 90 81 72 67 61 58 55 54 54 53 53 52 51 52 53 53 53 52 51 52 53 56 59 63 67 74 80 85 90 100 111 109 107 108 108 111 113 115 117 120 124 129 133 140 147 128 109 118 127 139 151 155 -9999
156 169 211 254 287 321 356 391 413 434 435 435 431 426 421 415 400 385 295 204 202 200 184 167 158 150 165 181 183 184 180 175 163 151 144 138 131 124 114 105 93 81 77 73 67 61 58 54 54 53 52 52 51 50 51 53 54 54 53 52 52 53 54 55 59 62 71 80 84 87 98 108 106 105 106 106 109 112 114 116 115 115 117 119 128 137 123 109 124 138 155 172 180 -9999
178 178 222 267 307 348 376 405 416 428 427 427 429 431 431 431 388 345 267 189 198 208 189 170 160 150 152 155 159 163 157 152 143 134 127 120 115 111 105 99 91 84 79 75 68 60 57 54 53 53 52 52 51 49 52 54 54 55 54 54 54 54 56 59 63 68 76 84 85 87 91 95 98 101 103 106 108 110 110 111 110 109 109 110 115 120 114 109 123 137 175 213 224 -9999
200 187 233 280 327 375 396 418 420 421 420 419 427 435 441 447 375 304 239 174 195 216 194 172 161 149 139 128 135 141 135 128 123 117 109 102 100 98 95 92 89 86 81 77 68 60 57 54 53 53 52 52 51 49 52 54 55 56 56 56 55 55 59 63 68 73 81 88 87 86 84 82 90 97 101 105 106 107 107 106 104 103 102 101 102 103 106 109 123 136 195 253 269 -9999
226 217 244 271 322 374 389 405 406 407 413 419 433 447 432 416 338 260 219 179 191 204 193 183 171 159 152 144 148 153 144 136 128 120 111 103 99 95 91 87 84 80 76 71 66 60 57 54 54 53 53 52 52 52 53 54 55 55 56 57 57 57 61 65 68 72 80 87 90 92 92 92 95 98 99 99 103 108 106 105 102 99 97 95 97 99 102 105 114 122 176 230 248 -9999
251 247 254 262 318 374 382 391 392 393 406 418 439 460 423 386 301 215 199 183 187 192 193 194 182 169 164 160 162 164 154 144 133 123 113 104 98 92 87 83 79 75 70 66 63 60 57 55 54 54 53 53 53 54 54 55 55 55 56 58 58 59 63 67 69 71 79 87 92 98 100 102 101 99 96 92 101 109 106 104 99 94 92 90 93 95 98 102 105 109 157 206 226 -9999
263 265 267 269 300 330 348 366 372 378 395 413 442 472 425 379 297 214 197 179 178 177 173 170 167 164 164 165 164 163 149 134 125 115 108 100 95 90 86 82 78 73 69 65 62 59 57 55 55 55 56 56 56 56 57 57 58 59 59 60 60 60 63 65 68 70 77 84 90 95 100 104 105 106 103 100 102 104 103 102 100 98 95 92 94 97 100 103 105 107 135 164 181 -9999
275 284 280 277 282 286 314 341 352 362 385 408 446 484 428 372 292 213 194 175 169 163 154 145 152 158 164 170 166 162 143 125 116 108 102 96 92 88 85 82 77 72 69 65 62 59 57 55 56 57 58 60 59 58 59 60 61 63 62 62 62 62 63 64 67 69 75 81 87 93 99 105 109 114 111 108 103 99 100 100 101 102 98 94 96 98 101 104 104 105 114 123 137 -9999
284 292 293 294 291 288 304 319 343 367 398 428 452 476 417 357 279 200 182 164 159 154 147 140 155 171 172 172 162 153 136 119 111 103 99 94 91 88 85 83 79 74 70 65 63 60 60 60 60 61 61 61 62 62 61 61 63 64 65 66 67 68 67 67 69 72 77 83 89 94 101 108 111 113 108 103 101 99 99 99 99 99 96 94 95 96 99 103 104 104 111 118 126 -9999
294 301 306 312 301 289 294 298 335 371 410 449 459 468 406 343 265 188 170 153 149 146 140 134 159 184 179 174 158 143 128 113 106 98 95 92 90 87 86 85 80 76 71 65 63 61 63 65 65 65 64 63 64 66 64 61 64 66 68 70 72 74 72 70 72 74 79 84 90 96 103 111 112 113 105 98 98 99 99 99 97 96 94 93 93 94 98 102 103 104 108 113 116 -9999
303 309 316 323 318 314 314 315 350 386 398 409 420 431 379 326 248 170 159 148 143 138 136 134 152 170 165 161 147 134 123 111 104 98 94 90 88 85 84 83 79 75 71 66 66 65 66 67 68 69 70 70 70 70 68 66 66 67 68 70 73 76 76 75 78 81 85 89 91 93 98 104 103 103 100 97 97 98 98 98 95 93 92 90 89 87 92 96 98 100 105 110 115 -9999
313 317 326 335 336 338 335 332 366 400 385 370 382 394 352 310 231 152 147 142 136 130 132 134 144 155 151 148 136 125 117 108 103 97 93 89 86 83 82 82 78 75 71 67 68 70 70 70 72 74 76 78 77 75 73 70 69 68 69 69 74 79 80 80 84 87 90 93 91 89 93 97 95 93 94 95 96 96 97 98 94 89 89 88 85 81 86 90 94 97 103 108 114 -9999
327 332 339 345 352 359 377 396 413 430 405 380 376 371 308 245 194 144 140 137 133 129 129 128 139 150 145 140 129 118 110 103 99 95 91 87 85 83 84 84 80 75 73 72 72 73 74 74 77 79 81 83 83 83 81 78 75 72 71 71 75 79 81 84 87 89 92 95 94 93 95 97 96 94 94 94 94 95 96 97 91 85 86 86 84 81 84 86 90 94 98 103 109 -9999
342 348 352 356 368 380 420 459 459 459 425 390 369 349 264 180 158 136 134 131 130 128 125 122 133 145 139 132 121 110 104 98 95 92 89 86 85 84 85 86 81 76 76 76 76 77 78 78 81 83 85 87 89 92 89 86 81 75 74 73 76 78 83 88 89 90 94 97 97 97 97 98 96 95 94 93 93 93 94 96 89 82 83 84 83 81 82 83 87 91 94 97 105 -9999
350 366 368 369 386 402 432 463 454 446 370 293 274 254 212 170 151 133 130 126 125 124 122 120 127 135 126 118 112 106 100 94 92 89 87 85 85 84 85 86 83 80 79 79 79 80 81 81 83 84 85 86 89 91 88 86 82 77 77 78 80 83 86 90 92 93 96 99 100 101 102 102 99 96 95 94 93 92 91 90 87 84 84 83 83 82 84 85 91 96 97 98 102 -9999
357 385 384 383 403 423 445 466 449 432 315 197 178 160 160 160 145 129 126 122 120 119 118 118 121 124 114 103 102 101 96 91 89 87 86 85 85 84 85 85 85 84 83 81 82 83 84 84 84 85 85 86 88 90 87 85 83 80 81 82 85 88 90 92 94 96 99 101 103 106 106 107 102 97 96 96 93 90 88 85 86 87 85 83 83 84 86 88 94 101 100 99 100 -9999
307 355 355 354 389 423 433 442 388 333 256 179 166 152 151 151 139 128 124 121 118 114 113 112 111 110 104 99 97 96 92 88 87 86 85 85 85 85 85 85 85 85 84 83 83 84 84 84 86 87 86 86 89 91 88 85 84 82 83 85 87 89 92 96 98 99 101 103 105 107 105 103 99 96 95 94 93 92 88 85 86 86 85 84 84 85 86 87 92 96 99 101 103 -9999
256 326 326 325 374 423 421 419 327 234 198 162 153 144 143 142 134 126 123 121 115 110 107 105 100 95 95 94 92 91 88 85 85 85 85 85 85 85 85 86 85 85 85 84 85 85 85 85 87 88 87 87 90 93 89 86 85 84 86 88 89 90 95 100 101 103 104 106 107 109 104 99 97 96 94 92 93 93 89 84 85 86 85 85 85 85 86 87 89 91 98 104 106 -9999
233 286 282 278 297 315 318 321 266 212 179 145 140 136 135 134 128 121 119 116 110 105 105 105 99 93 93 93 91 89 87 85 85 85 85 86 86 86 86 86 86 86 85 85 86 86 85 84 86 87 87 87 88 90 88 85 86 86 88 89 90 90 93 96 99 102 104 105 107 108 106 104 102 99 99 99 97 96 90 85 86 87 86 86 86 86 87 88 91 93 97 101 105 -9999
209 247 239 231 219 207 215 222 206 191 159 128 128 127 127 126 121 116 114 111 106 100 102 105 98 92 92 93 90 87 86 85 85 85 86 87 87 87 87 87 87 87 86 85 87 88 86 84 85 86 86 86 87 88 86 85 86 88 89 90 90 91 91 92 97 102 103 104 106 108 109 110 106 102 104 107 102 98 92 85 86 87 87 86 87 87 88 90 92 94 96 98 103 -9999
209 240 230 221 212 204 240 276 235 194 159 124 123 121 121 121 118 115 124 133 122 112 110 108 99 89 89 89 88 86 86 85 86 86 89 92 92 91 91 91 91 90 89 89 96 103 100 98 92 85 86 88 89 90 90 91 91 91 92 94 93 92 93 95 99 103 104 105 107 109 110 111 109 107 109 112 105 98 93 87 88 89 88 88 84 80 85 90 92 95 99 104 105 -9999
210 234 222 210 205 201 265 330 264 198 159 120 118 115 115 115 114 114 134 155 139 124 117 111 99 87 86 85 86 86 86 86 86 86 92 98 97 96 96 95 94 93 93 92 105 118 115 112 99 85 87 89 90 91 95 98 96 94 95 97 95 93 95 97 101 104 105 105 108 111 111 112 112 112 114 117 108 99 94 88 89 91 90 89 80 72 81 90 93 96 102 109 107 -9999
237 250 228 205 230 254 285 316 241 166 142 117 113 110 114 118 114 111 132 154 145 137 125 113 103 93 91 89 88 86 87 88 94 100 107 114 121 128 122 116 113 110 106 101 108 114 135 156 123 91 90 90 92 93 96 100 102 105 103 100 98 96 99 103 106 109 109 109 110 111 111 111 110 110 111 111 103 94 93 91 90 89 89 89 84 79 82 85 88 92 96 100 99 -9999
265 266 233 201 254 307 305 302 218 134 124 115 109 104 112 120 114 108 130 153 151 150 133 116 107 99 96 93 90 86 88 89 101 113 121 129 145 160 149 137 132 127 119 111 111 111 155 199 148 96 94 92 93 95 98 102 109 116 110 104 101 99 103 108 111 113 113 114 113 112 111 110 109 108 107 105 97 89 92 94 91 88 89 90 88 86 83 79 83 88 89 91 91 -9999
268 272 240 207 239 270 253 236 183 129 119 108 106 104 109 114 111 108 118 128 142 157 142 126 124 122 110 98 95 92 94 96 108 119 132 144 158 172 170 167 167 167 138 110 108 106 131 155 132 109 101 93 93 93 96 98 116 133 126 119 114 108 111 115 117 119 118 116 114 113 112 111 108 106 105 104 101 98 97 95 93 91 91 91 90 89 87 85 86 88 88 87 89 -9999
271 278 246 214 224 234 202 170 147 125 113 102 103 103 106 108 107 107 105 102 133 164 150 137 141 144 124 103 100 97 100 103 114 125 142 159 171 183 191 198 202 206 158 109 105 101 106 111 117 122 108 94 93 92 93 95 123 150 143 135 126 117 119 122 123 125 122 119 116 114 113 112 108 103 103 103 105 106 102 97 95 93 93 92 92 91 91 90 89 88 86 84 87 -9999
228 237 225 213 213 212 187 162 142 122 111 100 100 100 106 112 110 107 103 99 132 164 152 140 132 125 113 100 101 101 114 127 126 125 145 165 179 193 201 210 206 202 154 106 106 105 107 108 116 123 108 92 92 92 93 94 122 150 146 142 135 127 128 129 131 133 132 131 124 118 116 113 110 107 105 104 107 109 107 104 100 97 95 93 93 93 92 92 92 91 91 91 90 -9999
185 196 205 213 202 191 173 155 137 119 109 99 97 96 106 116 112 107 101 95 130 165 154 143 124 105 101 98 101 104 127 151 138 125 148 171 186 202 212 221 209 197 150 103 106 109 107 106 115 124 107 91 92 93 93 94 122 150 150 149 143 137 137 137 138 140 142 143 133 122 118 114 112 111 108 105 109 112 112 112 106 100 97 95 94 94 94 94 94 94 96 97 94 -9999
