homework/Homework_5_files/or_precip_1983_08.asc
ncols 407
nrows 229
xllcorner -124.73958333333
yllcorner 41.73958333333
cellsize 0.02083333333
NODATA_value -9999
[rows 48 to 95 of 229, columns 192 to 287 of 407]
16 15 15 14 14 14 14 15 14 14 13 12 11 11 9 7 7 6 6 7 7 8 8 8 8 8 8 8 9 10 10 10 10 11 11 11 11 11 11 11 11 11 11 11 11 11 11 11 12 12 13 13 14 14 14 15 15 15 16 16 17 18 18 18 17 16 16 16 16 16 17 18 18 18 17 17 17 17 17 17 16 16 15 14 13 13 12 12 12 11 11 12 11 11 12 12
16 15 15 15 15 15 15 15 15 15 13 11 11 11 9 7 8 8 8 8 8 8 9 9 9 9 10 10 10 10 10 11 11 11 11 11 11 11 11 11 11 11 12 12 12 11 11 11 11 12 12 13 14 15 16 17 17 17 17 17 17 18 18 18 17 17 17 17 17 17 18 18 18 18 18 17 17 17 17 16 16 16 16 16 15 14 13 12 12 11 11 11 12 13 13 14
16 16 16 16 16 16 16 16 16 16 13 9 10 11 9 8 9 9 9 9 9 8 9 10 10 10 11 11 10 10 11 12 12 11 11 10 11 11 11 11 12 12 13 13 12 12 11 11 11 11 12 13 14 16 17 18 18 19 18 17 18 18 18 18 18 18 18 18 18 18 18 18 18 18 18 18 18 18 17 16 16 17 17 17 16 15 14 13 12 11 11 11 13 15 15 16
18 18 17 17 17 17 17 17 16 16 12 9 11 13 11 9 11 12 11 10 10 9 10 11 11 12 12 13 12 11 11 11 12 12 11 11 11 11 12 12 12 12 12 12 12 11 11 11 11 11 12 12 14 15 16 17 18 19 19 19 19 19 20 20 20 20 20 19 19 19 19 20 19 19 20 20 20 19 18 17 18 18 19 20 18 15 14 13 13 12 12 12 13 14 17 20
20 20 19 17 18 19 19 18 17 15 12 8 11 14 13 11 12 14 12 10 10 11 12 13 13 13 14 15 14 13 12 11 12 13 12 12 12 12 12 13 12 12 12 12 11 11 11 11 11 11 12 12 13 14 15 16 18 20 20 21 21 21 21 22 22 22 21 21 20 19 20 22 21 20 21 22 21 21 19 18 19 20 21 23 19 16 14 13 13 13 13 13 13 13 19 24
20 20 19 17 18 19 18 16 15 13 11 8 12 15 15 15 15 16 14 13 12 12 13 14 14 15 16 17 16 15 13 12 12 12 12 12 12 12 12 12 12 12 12 12 12 11 12 12 12 13 13 13 14 15 15 15 18 20 20 20 21 21 21 22 22 22 21 21 21 20 22 24 24 25 24 23 22 21 21 20 22 23 22 21 19 16 15 14 14 14 15 16 16 17 21 25
21 20 19 17 18 19 17 14 12 10 9 8 12 15 17 19 18 17 17 16 14 13 14 15 16 17 18 18 17 16 15 13 12 10 11 12 12 12 11 11 11 11 12 12 12 12 12 13 14 14 14 14 15 17 16 14 17 20 20 20 20 21 21 21 22 22 22 22 21 21 23 26 28 30 26 23 23 22 22 23 24 26 23 19 18 17 17 16 16 16 17 19 20 21 24 26
21 21 19 17 18 19 18 16 14 12 12 12 14 15 16 18 18 18 17 17 16 14 16 17 17 18 18 18 17 17 15 13 12 12 12 12 12 12 12 12 12 12 12 12 13 14 13 13 14 16 16 16 17 19 18 17 18 19 20 20 21 21 21 21 23 24 24 24 24 23 24 25 27 28 27 26 25 25 24 23 26 29 25 21 22 24 22 21 21 20 20 20 23 25 27 28
21 22 19 17 18 19 19 19 16 14 15 16 15 14 15 17 18 19 18 18 17 16 18 19 19 19 18 17 17 18 15 13 13 13 12 12 12 12 13 13 13 12 13 13 14 16 14 13 15 18 18 19 19 20 20 21 20 19 19 20 21 21 21 21 24 27 27 26 26 26 25 25 26 27 28 28 28 28 26 24 28 32 28 23 27 30 28 26 25 25 23 22 26 30 30 30
21 21 19 17 18 18 18 18 16 14 15 16 16 16 16 17 18 19 19 20 20 19 20 20 20 20 20 19 18 18 17 16 15 14 14 14 14 13 14 14 14 14 15 15 16 16 16 16 16 17 18 19 20 21 21 21 21 20 20 21 21 22 22 22 24 27 27 26 26 25 24 24 25 26 27 27 28 28 28 27 28 30 28 26 28 30 28 26 26 26 25 24 28 33 33 34
22 21 19 17 17 18 17 17 16 15 15 15 16 17 17 17 18 19 21 22 22 22 22 22 22 22 21 20 19 18 19 19 17 14 16 17 16 15 15 16 16 16 17 18 17 17 18 18 17 16 18 20 20 21 21 22 22 22 22 21 22 23 23 23 25 27 27 26 25 24 23 23 24 25 26 27 28 28 29 30 29 28 28 28 29 30 28 26 26 26 26 27 31 35 37 39
21 21 19 16 17 17 17 17 16 14 15 16 17 18 19 19 20 21 23 24 25 25 24 23 23 24 23 22 22 21 21 21 19 17 16 16 17 17 17 18 18 18 19 20 20 19 20 20 19 17 18 19 20 21 21 22 22 23 23 23 23 24 24 24 25 26 25 25 24 24 24 24 24 24 26 28 28 28 29 30 30 30 28 25 27 28 28 28 28 28 30 31 36 40 40 41
21 20 18 16 16 16 16 16 15 14 16 17 18 18 20 22 22 23 25 27 27 27 26 25 25 25 24 24 24 24 24 23 21 19 17 16 17 19 20 20 21 21 21 22 22 22 22 22 21 19 19 19 20 21 22 22 23 24 24 24 25 25 25 25 25 24 24 23 23 24 24 25 24 23 26 29 29 29 29 29 31 32 28 23 25 27 28 29 29 29 33 36 40 44 44 44
20 19 17 16 16 16 16 16 15 14 15 16 17 17 19 20 21 22 23 25 25 26 24 23 23 23 23 23 23 23 23 23 22 21 20 19 19 19 20 21 22 22 22 22 23 23 23 23 23 22 22 23 23 24 24 24 24 24 24 23 23 24 24 24 24 24 24 24 26 28 27 26 25 25 27 28 30 32 32 31 33 35 30 24 27 30 30 29 31 32 33 34 39 43 45 47
19 17 17 16 16 16 16 16 15 15 15 15 16 16 18 19 20 20 22 23 23 24 22 21 21 22 22 22 22 21 22 22 22 22 22 22 20 18 20 22 23 23 23 22 23 25 25 24 24 24 25 26 26 26 26 26 26 25 24 22 22 22 23 23 23 23 24 24 29 33 30 27 27 27 27 27 32 36 35 33 36 38 32 25 29 32 31 30 32 34 33 31 37 43 47 51
19 17 17 17 17 17 17 17 16 16 16 15 14 13 14 15 17 19 18 17 19 20 20 20 20 19 20 20 21 21 22 23 23 23 23 23 22 20 21 23 23 24 23 23 24 25 25 25 26 26 26 27 26 26 26 25 25 24 23 22 22 22 22 23 23 24 25 27 30 33 32 30 30 30 29 28 30 31 33 34 36 38 34 29 31 32 33 34 34 34 33 33 37 41 46 52
18 17 17 17 17 17 17 17 17 17 16 15 12 9 10 12 15 18 15 12 14 17 18 19 18 17 18 19 20 21 22 24 24 24 25 25 23 22 23 23 24 24 24 24 24 25 26 26 27 27 27 27 27 26 25 24 23 23 22 22 22 21 22 22 23 24 26 29 31 33 33 33 33 32 30 29 28 26 30 34 36 39 36 34 33 32 35 37 36 34 34 34 36 39 46 52
19 18 17 17 17 17 17 17 17 18 16 15 12 9 12 14 17 20 18 17 19 21 21 21 20 20 21 21 22 22 23 25 25 25 25 25 24 23 23 23 24 24 24 25 25 26 26 26 27 27 27 27 27 26 25 24 23 22 21 21 21 21 22 22 22 23 25 28 30 31 31 31 31 30 29 28 29 31 34 38 39 40 38 37 37 36 38 39 38 37 38 38 40 41 47 53
19 18 18 17 17 17 17 17 17 18 17 16 12 9 13 16 19 21 21 21 23 24 23 22 23 23 23 24 24 24 25 26 25 25 25 24 24 24 24 24 24 25 25 25 26 26 26 27 27 28 28 27 27 26 25 25 23 21 21 21 21 21 21 22 22 22 25 27 29 30 29 29 29 28 27 26 31 35 38 41 41 41 41 40 40 40 40 40 40 41 41 42 43 43 49 54
19 18 18 18 18 17 17 17 18 18 16 13 13 12 16 19 20 22 22 22 22 23 23 24 25 25 25 26 26 26 26 26 26 26 25 24 24 23 23 23 23 23 24 25 26 26 26 26 28 29 28 27 27 26 25 23 22 21 21 21 21 20 21 21 22 22 24 25 26 27 27 27 27 27 27 27 31 34 37 41 42 43 42 40 41 41 42 42 44 45 46 46 47 47 51 55
19 18 18 18 18 18 18 18 18 19 15 11 13 16 18 21 22 22 22 22 21 21 23 26 26 27 28 28 28 27 27 27 27 27 25 24 23 22 22 22 22 22 23 25 26 26 26 26 28 30 29 27 27 26 24 22 21 21 21 21 21 20 20 21 21 22 22 23 24 24 25 25 26 26 27 28 30 32 37 41 43 45 43 40 41 42 43 44 47 50 50 50 51 51 53 55
19 18 18 18 18 18 18 19 19 20 17 13 15 16 19 21 23 25 24 24 24 24 26 28 29 30 30 30 29 28 28 28 27 25 24 23 23 23 22 22 22 22 23 23 25 26 27 27 28 28 27 27 27 27 25 23 22 21 21 21 21 21 22 22 23 24 25 27 26 26 27 28 28 28 29 30 33 36 38 41 43 45 43 42 42 42 43 44 46 47 49 51 51 50 53 56
18 18 19 19 18 18 19 20 21 22 18 14 16 17 19 21 24 27 27 27 27 27 29 31 31 32 32 33 30 28 28 28 26 24 23 22 23 23 23 22 22 22 22 22 23 25 27 29 27 26 26 26 27 29 26 24 23 22 22 22 22 23 23 23 25 27 28 30 28 27 28 30 30 31 31 32 36 40 40 40 43 45 44 43 43 42 43 43 44 45 49 53 51 50 53 57
19 18 19 19 19 19 19 20 21 22 18 13 16 19 22 25 27 30 29 28 28 28 29 30 30 30 30 31 31 31 30 28 26 24 23 23 23 23 22 22 22 22 23 24 25 27 27 26 26 25 26 26 26 27 26 25 24 23 23 23 23 24 24 25 26 27 28 29 29 30 30 30 31 31 31 32 36 40 39 39 41 43 42 42 41 41 41 42 42 43 45 48 48 47 48 49
19 18 19 20 20 20 20 20 21 23 17 12 16 21 25 28 30 32 31 30 29 28 29 29 28 27 28 29 31 34 31 28 26 25 24 23 23 22 22 22 22 23 25 26 27 28 26 24 25 25 25 25 25 25 25 26 25 24 24 24 24 24 25 26 27 27 28 28 30 32 31 30 31 31 31 32 35 39 39 38 39 40 40 40 40 40 40 40 40 41 42 43 44 45 43 40
20 21 20 20 21 21 21 22 20 19 15 12 16 20 24 28 29 30 30 31 31 32 31 31 30 29 30 31 32 33 31 30 28 26 25 24 25 25 25 24 24 25 25 24 25 26 25 24 25 25 25 25 25 25 25 25 26 26 25 25 25 26 27 28 29 30 30 29 30 30 31 32 32 31 32 32 36 40 40 40 41 41 41 41 41 40 41 41 41 41 42 43 43 43 41 38
22 23 21 20 22 23 23 23 19 15 13 11 15 19 23 27 27 27 29 32 33 35 34 33 32 32 32 33 32 31 31 32 29 27 26 25 27 28 27 27 26 26 25 23 23 24 24 25 25 25 25 25 25 25 25 25 26 27 27 27 27 27 28 30 31 33 31 30 29 27 31 34 33 32 32 32 37 42 42 42 42 42 42 42 41 41 42 43 42 42 42 43 43 42 39 36
20 20 20 20 22 25 25 24 19 15 13 10 13 17 19 21 22 22 25 28 30 32 31 31 32 32 33 34 33 32 32 31 30 29 27 26 27 27 26 25 24 24 24 24 24 25 24 24 25 26 26 27 26 26 26 26 27 28 27 27 27 26 27 27 28 29 28 28 27 26 30 33 33 33 33 33 37 41 41 42 42 43 43 43 42 42 44 46 43 41 41 41 41 41 40 38
18 18 19 19 23 27 26 25 20 15 12 9 12 14 15 15 17 18 21 24 26 28 29 29 31 33 34 35 34 34 32 31 31 30 28 26 26 26 24 23 22 22 24 25 25 25 24 24 25 26 27 28 27 27 27 28 28 28 28 28 26 25 25 25 25 25 25 25 25 26 29 32 33 34 34 35 38 40 41 42 43 43 43 43 43 43 46 48 44 41 39 38 39 41 40 40
18 19 20 21 24 27 26 24 20 16 14 11 12 12 14 17 18 20 22 25 26 28 29 30 32 34 34 34 33 32 31 30 29 28 27 26 26 25 24 23 23 23 23 24 23 23 23 24 24 24 26 27 28 29 29 29 29 29 28 27 26 26 26 26 27 28 28 28 28 28 30 31 32 33 35 37 37 38 38 39 41 44 44 44 45 46 48 49 46 42 40 37 38 39 37 35
18 19 21 22 24 27 25 23 20 17 15 13 12 10 14 18 19 21 23 25 27 29 30 31 33 34 33 32 31 31 30 30 28 26 26 26 25 24 24 23 23 23 23 23 21 20 22 23 23 23 24 26 28 31 31 31 31 30 28 26 26 26 26 26 28 30 31 31 31 31 31 31 31 32 35 39 37 35 35 36 40 44 44 44 47 49 49 49 47 44 40 37 37 37 34 31
19 20 22 24 25 25 22 20 18 15 14 13 12 11 15 18 19 20 22 24 26 28 29 30 31 31 31 30 29 29 30 30 28 26 25 25 23 22 22 22 22 22 21 20 19 18 19 20 21 22 24 25 26 28 29 30 29 28 27 26 26 27 26 25 27 28 28 29 31 32 33 34 34 34 36 38 38 38 38 38 40 43 43 43 43 44 43 43 40 36 34 32 33 34 32 30
20 22 24 27 25 23 20 16 15 14 14 13 13 12 15 18 19 19 21 23 25 27 28 29 29 29 28 27 27 28 29 31 28 25 24 24 22 20 21 21 21 20 19 18 17 17 17 17 19 22 23 25 25 25 27 30 28 26 26 26 26 27 25 23 25 26 26 26 30 34 36 38 37 37 37 38 40 42 41 40 41 42 42 42 40 39 38 37 33 29 28 28 29 31 30 29
19 19 22 24 22 21 19 17 15 14 13 12 12 12 13 14 15 15 18 21 22 23 24 26 25 25 24 22 23 23 24 25 24 22 23 23 22 20 20 20 20 20 20 20 19 18 19 20 20 21 22 23 23 23 25 26 25 25 25 25 26 27 26 25 25 25 27 29 30 32 35 38 39 40 41 41 41 41 41 42 43 44 44 44 41 38 38 37 34 31 29 28 29 30 29 29
18 17 19 20 20 20 19 18 15 13 12 12 11 11 11 11 10 10 14 18 18 18 20 22 22 22 20 17 18 18 19 20 20 20 21 23 21 20 20 19 20 21 22 23 22 20 21 23 21 20 21 22 22 22 22 22 23 24 24 25 26 27 27 26 25 25 28 31 30 29 34 39 41 44 44 44 42 40 42 44 45 46 46 47 42 37 38 38 35 33 31 28 28 28 28 28
18 19 21 23 20 18 17 17 15 12 12 11 11 10 10 10 9 9 13 17 17 17 18 19 19 19 18 17 16 14 16 18 19 19 19 19 21 23 22 20 21 21 22 22 21 21 22 23 22 21 21 21 21 21 23 25 24 23 24 26 27 27 26 24 24 24 28 32 32 33 36 39 41 44 45 45 43 41 43 45 46 48 48 47 43 38 37 35 34 32 30 28 28 28 28 28
18 20 23 26 21 16 16 15 14 12 12 11 11 10 9 9 9 9 12 16 15 15 16 16 16 16 16 16 13 11 14 17 18 19 17 16 21 26 23 21 21 21 21 21 21 21 22 22 22 21 21 21 21 21 25 29 25 22 24 27 27 28 25 23 23 24 28 32 35 37 38 38 42 45 45 46 44 43 44 46 48 50 49 48 43 38 36 33 32 31 29 28 27 27 27 27
18 20 23 25 21 17 15 13 11 10 10 11 10 10 9 8 8 8 12 15 15 15 15 15 14 13 14 15 13 11 12 14 15 16 16 16 19 22 23 24 24 24 23 22 22 23 24 24 25 25 23 21 22 23 27 32 30 28 29 30 30 30 27 23 25 27 32 36 37 38 38 39 42 46 44 42 42 41 43 46 46 46 47 49 43 37 36 34 32 29 28 28 27 27 27 27
18 21 23 24 22 19 15 10 9 7 9 10 9 9 8 8 7 7 11 15 15 14 14 15 13 11 12 13 12 11 10 10 12 14 15 16 17 18 23 27 27 27 25 23 24 25 25 26 27 28 24 20 23 25 30 35 34 34 33 32 33 33 28 24 27 31 36 41 40 39 39 39 43 48 43 39 39 39 43 46 44 42 46 49 43 36 35 35 31 28 28 27 27 26 26 26
20 19 20 21 19 18 16 14 11 9 9 9 9 8 9 9 8 7 11 15 14 13 13 13 12 11 11 11 9 8 9 10 11 12 13 14 16 17 20 24 24 25 25 26 27 29 30 31 31 32 27 22 24 26 30 34 34 34 33 33 33 33 28 23 28 33 37 40 40 39 37 34 37 39 39 39 39 39 43 46 44 42 44 45 41 36 34 32 30 28 28 28 27 26 26 26
23 16 17 18 17 17 17 17 14 10 10 9 8 8 9 9 9 8 11 15 14 12 12 11 11 11 10 9 7 5 7 9 9 10 11 12 14 16 18 20 21 23 25 28 31 33 34 35 35 35 29 23 25 28 31 33 34 34 34 33 34 34 28 23 29 35 37 40 40 39 34 30 30 31 35 39 39 39 43 46 44 43 42 41 38 36 32 29 28 28 28 28 27 27 26 26
29 23 21 19 20 21 21 21 18 14 12 10 9 8 9 10 11 12 12 13 11 10 10 10 10 9 8 7 6 5 7 9 9 9 9 10 12 14 16 18 19 20 22 23 28 32 34 35 36 36 31 27 26 25 30 35 34 33 33 33 34 34 31 27 30 32 35 38 38 37 33 29 29 30 32 35 35 34 36 38 39 39 40 40 38 36 34 32 30 28 28 28 27 26 26 26
36 30 26 21 23 24 25 25 22 18 15 11 10 8 9 10 13 15 13 10 9 8 9 9 9 8 7 6 6 6 7 8 8 7 8 8 10 12 14 17 17 17 18 19 25 31 33 36 36 37 34 30 27 23 30 37 35 33 33 34 34 34 33 32 31 29 33 36 36 36 32 28 29 29 30 30 30 30 30 31 33 36 38 40 38 37 36 36 32 28 28 27 26 25 26 26
40 35 29 24 26 27 26 25 23 20 17 13 12 11 10 9 12 15 12 10 9 7 8 10 8 7 6 5 6 6 6 7 7 8 8 8 9 11 12 13 15 17 19 20 26 31 32 32 33 34 32 30 27 25 30 36 35 34 34 34 34 34 33 33 33 32 34 36 36 35 31 27 27 27 27 27 26 25 27 28 31 34 34 35 35 35 33 32 30 28 28 28 27 27 26 26
44 40 33 27 29 31 28 26 24 23 19 15 15 14 12 9 11 14 12 10 8 7 8 10 8 6 6 5 5 5 6 6 7 8 8 8 9 9 9 10 13 16 19 22 27 32 30 29 30 31 30 29 28 27 31 36 36 36 35 35 34 34 34 34 35 36 36 36 35 35 31 27 26 26 24 23 22 21 23 26 29 32 31 30 31 32 30 28 28 28 28 28 28 28 26 25
55 50 45 40 38 37 34 30 29 27 22 18 15 12 11 11 12 13 11 9 8 8 8 8 7 6 6 5 5 5 7 8 8 8 8 8 9 9 9 9 12 15 18 21 24 27 28 29 30 31 31 31 29 28 31 35 34 33 34 34 33 31 32 33 34 35 36 36 35 33 31 28 28 28 26 25 24 23 23 24 26 27 28 28 28 29 28 28 28 29 29 28 28 27 27 26
65 60 56 53 48 43 39 35 33 31 26 21 15 9 11 12 12 12 10 8 9 9 7 6 6 6 5 5 5 5 8 10 9 8 8 8 9 9 9 9 11 13 16 19 20 22 25 29 30 32 32 33 31 28 31 34 32 30 32 34 31 29 31 33 34 35 36 36 34 32 31 29 30 30 28 26 25 24 23 22 23 23 24 25 25 25 26 27 28 29 29 29 28 27 27 27
63 58 56 54 50 46 42 39 35 32 28 25 20 16 15 13 13 13 11 10 10 11 10 10 10 10 9 7 8 8 9 10 9 8 8 8 9 9 9 9 10 11 14 17 18 19 22 25 28 31 30 29 27 25 25 26 24 23 24 26 26 25 27 29 30 31 32 33 32 32 30 28 27 27 26 26 25 24 23 22 22 22 23 24 24 24 27 29 30 31 30 29 29 28 28 28
