homework/Homework_5_files/or_precip_1983_10.asc
ncols 407
nrows 229
xllcorner -124.73958333333
yllcorner 41.73958333333
cellsize 0.02083333333
NODATA_value -9999
[rows 96 to 143 of 229, columns 96 to 191 of 407]
51 51 60 68 70 71 71 71 67 64 63 62 61 60 60 61 61 61 61 61 60 59 58 57 57 58 56 55 56 57 65 72 64 57 47 38 39 40 47 54 59 64 66 68 59 50 39 28 24 21 23 26 25 25 29 33 31 29 29 30 30 31 29 28 27 26 24 22 23 24 25 25 26 26 26 27 28 30 30 30 30 30 31 32 33 35 36 36 38 39 41 43 42 42 40 39
50 50 59 69 70 72 71 70 66 63 62 61 60 60 60 61 62 62 63 64 62 60 59 58 60 62 59 57 58 59 67 75 64 52 45 38 39 41 51 60 64 68 69 70 59 49 40 30 25 19 21 23 22 20 25 29 27 24 26 27 28 29 28 27 25 23 22 21 21 22 24 26 26 27 28 29 30 30 31 31 31 30 32 33 35 37 37 38 38 39 40 40 40 39 38 38
49 49 59 69 71 73 71 69 65 62 61 60 60 59 60 62 63 64 65 67 64 61 60 59 63 66 62 58 60 61 69 77 63 48 43 38 40 42 54 67 70 73 72 71 60 49 40 32 25 18 19 20 18 16 21 26 23 20 22 24 26 27 27 27 23 20 20 20 20 20 23 26 27 28 30 31 31 31 31 32 32 31 33 35 37 40 39 39 39 38 38 38 37 37 36 36
46 46 52 57 58 59 63 66 64 61 61 60 60 61 60 60 61 62 64 65 63 60 59 58 59 60 62 63 67 70 74 78 64 49 44 40 42 44 52 60 66 71 68 66 57 49 41 33 27 21 21 21 19 17 19 20 19 18 19 19 22 24 23 22 21 20 19 18 18 18 22 26 27 28 29 30 32 35 36 37 36 34 36 37 38 39 39 39 39 39 38 38 38 37 39 40
44 43 44 45 45 46 55 63 62 61 60 60 61 62 60 58 59 61 62 63 61 60 59 58 56 54 61 68 74 80 80 79 64 50 46 42 44 45 50 54 62 69 65 61 55 49 41 34 29 24 23 22 20 18 16 15 16 16 16 15 18 21 19 17 18 20 18 16 16 15 20 25 26 27 28 29 34 39 40 42 40 38 38 39 39 39 39 39 39 39 39 39 38 38 41 45
45 45 47 49 50 51 56 62 62 61 61 61 61 62 60 59 60 61 62 63 62 61 59 56 56 55 59 62 73 84 86 89 71 53 48 42 45 49 53 57 61 66 64 61 58 55 43 32 27 22 21 20 17 14 13 12 12 13 13 14 16 17 16 15 16 18 19 20 20 20 22 25 26 27 27 28 32 36 36 37 36 36 38 40 40 39 39 39 39 39 39 39 39 39 42 45
45 46 49 52 54 56 58 60 61 62 62 62 62 61 60 60 61 61 62 63 63 62 58 55 56 57 57 57 72 87 93 99 78 57 49 42 47 52 56 59 61 63 62 62 62 61 45 30 25 21 19 18 14 11 10 10 9 9 11 13 13 13 13 13 15 17 20 23 23 24 24 24 25 26 26 27 30 33 32 31 33 35 38 42 41 39 39 39 39 40 40 40 39 39 42 45
51 59 61 64 63 62 63 64 64 65 65 65 64 63 63 63 62 62 62 63 64 65 64 63 63 62 66 70 76 83 84 86 72 59 52 46 50 53 56 59 62 65 65 64 61 58 44 31 27 22 19 16 13 10 10 10 9 9 10 11 11 11 12 13 14 16 20 23 23 24 24 24 25 26 26 26 28 30 30 30 32 34 36 39 39 39 39 39 39 39 39 40 40 39 41 42
57 71 74 76 73 69 68 67 67 67 68 68 66 65 65 66 64 62 63 63 66 68 70 72 70 68 76 84 81 78 75 73 67 60 55 51 52 54 56 59 63 67 67 66 60 54 43 32 28 24 19 14 11 9 9 9 9 9 9 9 9 10 11 12 14 16 19 23 23 24 24 24 25 25 26 26 26 27 28 29 31 33 35 36 37 38 38 39 39 39 39 40 40 40 39 39
65 71 69 67 66 66 69 72 71 70 70 70 68 66 67 68 66 65 64 64 66 68 69 71 69 66 73 79 77 75 74 73 68 63 63 63 63 63 64 65 67 69 68 66 60 55 48 41 33 24 19 14 12 10 10 9 9 9 9 9 9 10 11 12 14 16 19 23 23 24 24 24 24 25 25 26 26 26 27 28 29 31 33 35 36 38 38 39 39 39 39 39 39 39 39 39
72 71 64 57 60 63 70 77 75 73 72 71 69 66 68 70 68 67 66 65 67 68 69 69 67 65 69 73 73 72 72 72 69 65 71 76 74 72 72 72 72 71 69 66 60 55 52 50 37 25 20 14 12 11 10 9 9 8 8 9 9 10 11 12 14 16 19 23 23 24 24 23 24 25 25 25 26 26 26 26 28 29 31 33 35 37 38 39 39 39 39 39 39 39 39 39
67 67 67 68 72 77 79 81 77 73 71 69 69 68 68 68 69 70 71 72 71 71 70 70 68 65 70 74 81 88 82 76 73 69 72 75 74 72 75 78 76 73 72 70 66 63 60 57 42 27 22 18 16 13 11 10 9 9 9 9 9 10 11 13 14 16 20 23 24 25 24 24 24 25 25 25 26 26 26 27 28 29 31 33 35 37 38 39 38 38 39 40 39 39 38 38
62 64 71 78 85 92 88 85 79 73 70 67 69 71 68 65 70 74 76 78 76 73 72 70 68 65 70 75 89 104 92 80 76 72 73 75 73 72 78 85 80 75 74 74 72 71 67 64 46 28 25 23 19 15 12 10 10 9 9 9 9 10 12 13 15 16 20 23 24 25 25 24 24 25 25 26 26 26 26 27 28 29 31 33 34 36 37 38 38 37 39 41 39 38 38 38
68 72 75 77 86 95 94 94 84 75 72 70 72 74 72 70 73 77 77 76 76 76 74 72 76 80 85 89 98 106 97 87 80 72 72 72 73 73 80 87 82 78 80 82 85 87 73 60 45 30 26 22 19 16 14 12 12 12 11 11 11 11 12 13 16 19 21 23 24 24 24 23 24 24 25 26 26 26 27 27 28 29 32 34 36 37 38 38 38 38 40 42 39 37 37 37
75 79 78 77 87 97 100 102 90 77 75 72 74 77 75 74 77 80 77 75 76 78 76 74 84 95 99 103 106 109 101 93 83 73 71 70 72 75 82 89 85 81 86 91 97 103 79 56 45 33 27 22 20 17 16 15 14 14 14 14 13 12 12 13 17 21 21 22 23 23 23 23 23 24 25 26 26 27 27 27 29 30 33 36 37 39 38 38 38 38 40 42 39 36 36 37
76 79 79 80 83 86 87 88 80 72 71 71 73 74 74 73 75 77 75 74 75 76 75 74 80 86 87 89 90 91 87 84 79 74 72 70 72 75 78 81 83 84 88 92 97 103 85 67 49 31 26 21 20 19 18 17 16 16 15 15 15 14 16 17 19 22 22 22 21 21 21 22 22 23 24 24 24 24 26 28 29 30 33 35 36 37 37 36 37 37 38 39 38 36 36 36
77 78 80 83 79 75 74 74 70 66 68 69 71 72 72 73 73 73 74 74 73 73 74 75 76 77 76 74 74 73 73 74 74 75 73 71 73 74 74 73 80 87 90 93 98 103 91 78 54 29 24 20 20 20 20 20 19 18 17 16 16 17 19 22 22 22 22 22 20 18 20 21 21 22 22 23 22 22 25 28 29 30 32 35 35 34 35 35 36 37 36 36 36 36 36 36
78 76 75 75 71 66 69 72 69 66 67 69 70 71 72 73 73 73 75 76 80 84 79 75 78 80 81 82 81 79 79 78 77 75 73 71 73 74 77 80 85 89 90 90 90 91 85 79 53 28 25 21 22 23 21 20 20 20 19 18 18 19 21 22 23 23 23 22 22 21 21 21 21 22 22 22 22 22 24 26 27 27 30 33 33 33 34 35 35 36 36 36 36 36 36 36
80 74 70 67 62 57 64 70 67 65 67 69 69 70 71 72 73 73 76 78 87 95 85 75 79 83 87 91 88 85 84 83 79 76 73 71 73 74 81 87 90 92 89 86 83 79 79 79 53 27 25 23 24 25 23 21 22 23 21 19 20 22 22 23 23 23 23 23 23 23 22 21 21 21 21 22 22 23 23 24 24 24 27 31 31 32 33 34 35 35 35 36 36 35 35 36
72 70 71 72 71 69 74 78 75 71 71 71 71 72 72 72 73 74 75 75 82 90 85 79 79 79 83 88 86 84 83 81 79 77 76 75 75 75 80 85 86 88 86 83 79 76 75 75 60 45 42 38 33 28 25 22 23 25 23 22 23 23 23 23 23 24 24 24 23 23 22 22 22 22 22 21 22 23 23 23 24 24 27 30 31 32 32 33 34 36 36 37 36 35 36 36
64 66 72 78 79 81 84 86 82 77 75 73 73 74 73 72 73 75 73 72 78 85 84 83 79 76 80 84 84 83 82 80 79 78 78 78 77 75 79 82 83 84 82 80 76 72 71 70 67 64 59 54 42 31 27 23 25 27 26 25 25 25 24 24 24 24 24 25 24 23 23 23 23 23 22 21 22 23 22 21 23 25 28 30 31 31 31 31 34 37 37 38 36 35 36 37
72 71 73 75 76 77 79 80 78 77 77 78 77 77 77 76 78 80 78 76 79 82 82 81 79 76 78 79 80 80 80 80 80 80 79 79 78 78 80 83 84 84 84 83 79 75 71 66 63 59 56 53 43 32 29 26 26 27 26 25 25 25 25 24 24 24 24 24 24 24 23 23 24 24 23 22 23 23 23 22 23 23 26 28 28 28 29 29 32 35 35 34 34 35 34 33
79 76 74 72 73 73 74 74 75 77 79 82 82 81 81 81 83 85 83 81 80 79 79 79 78 77 75 73 75 77 78 79 80 82 81 80 80 80 82 83 84 84 85 85 81 77 70 63 58 54 53 52 43 33 31 28 28 27 26 25 24 24 25 25 25 24 24 24 24 24 24 24 24 24 24 24 24 24 23 23 23 22 24 25 26 26 26 26 30 34 32 30 32 35 32 29
79 77 76 75 75 75 75 74 74 74 75 77 76 75 77 78 79 80 81 83 81 79 79 79 79 79 77 75 76 78 79 79 80 82 81 81 81 81 82 83 84 84 83 82 77 72 68 64 60 57 55 52 45 38 36 33 32 31 28 25 25 25 25 25 25 24 24 24 24 24 24 24 24 24 24 24 24 24 24 24 23 23 24 25 25 25 26 26 28 29 30 30 32 33 31 29
80 77 77 77 77 78 76 74 73 72 72 71 70 70 73 76 76 75 79 84 81 79 79 79 80 82 79 76 77 79 79 79 80 82 82 82 82 83 83 84 83 83 81 79 73 68 67 65 63 60 56 52 47 43 41 38 37 36 31 26 26 26 26 26 25 25 24 24 24 24 24 24 24 24 24 24 24 24 24 24 24 24 24 24 25 25 26 26 25 24 27 30 31 31 30 29
79 78 79 79 78 77 75 72 71 70 70 70 70 71 74 77 77 76 79 81 80 79 78 78 78 79 77 76 76 76 77 77 79 81 82 82 83 83 83 83 83 83 83 83 75 67 66 65 62 59 55 50 44 37 37 37 36 36 33 30 28 27 26 25 25 24 25 26 26 26 26 26 25 25 25 25 24 24 24 25 24 24 24 24 24 24 25 25 25 25 27 29 28 28 27 26
78 78 80 82 79 77 74 71 69 68 68 69 70 71 74 78 78 77 78 78 78 78 78 77 77 76 76 75 75 74 74 75 78 81 81 82 83 83 83 83 83 84 85 87 76 65 65 65 61 57 53 49 40 31 34 36 36 36 35 34 31 29 26 24 24 24 26 27 27 27 27 27 27 26 26 25 25 25 25 25 24 24 24 24 24 24 24 24 25 26 27 28 26 24 24 24
78 78 77 76 77 77 76 75 73 70 71 71 70 69 73 77 77 77 77 77 77 77 78 78 78 77 78 78 78 78 79 79 80 82 82 82 83 84 83 81 83 85 88 90 78 67 65 63 59 56 52 47 40 33 34 36 36 35 35 34 32 30 29 28 28 29 29 29 29 28 28 28 27 27 26 25 24 24 24 24 24 23 23 24 24 24 24 24 24 25 25 26 25 24 24 24
79 79 75 70 74 77 78 78 76 73 73 73 70 67 72 77 77 77 76 76 76 76 78 79 79 79 79 80 81 83 83 83 83 83 82 82 84 85 83 80 84 87 90 93 81 68 64 60 58 55 51 46 40 34 35 35 35 35 35 35 33 31 31 31 32 33 32 32 30 29 29 29 28 27 26 24 24 23 23 23 23 23 23 23 23 23 23 23 23 24 24 24 24 24 24 24
75 73 71 69 71 73 73 73 73 73 71 69 69 69 71 72 71 69 72 75 75 76 76 77 76 75 75 75 77 79 79 80 81 83 83 83 82 81 79 77 78 78 77 77 71 64 62 59 56 54 50 47 41 36 36 35 35 35 35 35 33 32 32 33 32 32 31 31 29 26 26 26 26 25 25 24 24 23 23 23 23 23 23 23 23 23 23 23 23 23 23 24 24 24 24 24
71 67 67 67 68 69 68 67 70 73 69 65 68 71 69 68 65 62 68 73 74 75 75 75 73 71 71 71 72 74 75 76 80 84 84 84 80 76 76 75 72 68 65 61 61 60 59 58 55 52 50 48 43 38 36 35 35 35 35 35 34 32 33 35 32 30 30 30 27 24 24 24 24 24 24 24 24 23 23 23 23 23 23 23 23 23 23 23 23 23 23 23 23 24 24 24
72 68 68 68 67 67 67 67 68 69 68 67 71 74 69 64 64 64 70 75 76 76 77 78 76 74 74 74 74 74 76 77 77 77 77 78 76 74 72 70 67 64 61 58 58 58 56 54 52 51 49 46 42 37 36 35 35 35 35 35 34 34 34 35 32 28 29 30 30 30 28 27 27 27 25 24 24 23 23 22 22 23 23 23 23 23 23 23 23 23 23 23 23 23 24 24
73 69 69 68 66 64 66 67 66 66 67 69 73 77 69 60 63 66 72 78 77 77 79 80 79 77 77 77 75 74 77 79 74 70 70 71 72 72 69 65 62 59 57 54 55 57 53 50 50 50 47 44 40 36 36 36 36 36 35 35 35 35 36 36 31 27 28 30 33 35 33 31 30 30 27 24 24 23 22 21 22 23 23 22 22 22 23 23 23 22 23 23 23 23 23 24
78 77 76 75 72 69 69 69 67 65 66 67 68 68 66 63 68 72 71 70 71 72 73 75 75 75 76 76 77 77 76 76 72 67 67 66 68 69 66 63 59 55 52 50 51 52 51 49 51 53 49 45 40 36 36 36 36 35 35 34 35 36 36 36 32 28 30 31 34 37 37 37 36 35 33 30 28 25 23 20 19 19 20 22 22 23 23 23 23 22 23 23 23 23 23 24
83 84 83 82 78 73 72 70 67 64 64 65 62 59 63 67 72 77 70 63 65 67 68 69 71 73 74 76 78 80 76 73 69 65 64 62 64 66 63 60 55 50 47 45 47 48 48 48 52 57 51 45 41 36 36 36 36 35 34 34 35 36 36 37 33 30 31 32 35 39 41 44 42 40 38 36 32 27 23 19 17 15 18 22 23 23 23 23 23 22 23 23 23 23 23 24
81 78 77 77 77 78 76 74 68 62 63 63 61 58 60 61 66 71 71 72 72 73 73 73 73 73 75 77 78 79 77 75 72 68 66 64 65 66 62 58 55 52 47 43 46 48 48 47 49 51 46 40 38 36 36 35 35 35 35 35 36 36 37 37 34 31 33 35 39 43 47 52 50 49 45 42 37 31 26 21 19 16 18 20 21 22 23 23 23 22 22 23 23 23 23 24
79 71 71 72 77 82 80 77 69 61 61 61 59 57 56 55 60 65 72 80 80 79 78 77 75 73 76 78 79 79 78 78 74 71 68 65 65 65 61 57 55 54 47 41 45 48 47 46 46 46 41 36 36 36 35 35 35 35 36 37 37 37 37 37 35 32 35 37 42 47 53 60 58 57 52 48 42 36 30 24 20 17 17 17 19 22 22 22 22 22 22 23 23 23 24 24
73 71 73 76 79 82 81 80 76 72 70 69 66 63 60 56 61 67 72 77 76 75 76 77 76 76 76 76 78 79 79 80 77 74 75 76 78 80 70 61 56 51 46 40 41 43 42 41 41 40 38 36 36 36 36 35 35 35 36 37 37 37 37 38 36 34 37 40 43 47 51 54 55 55 53 50 44 37 31 25 22 18 18 17 18 19 21 22 22 22 22 23 23 23 23 24
67 72 76 80 81 83 83 83 83 83 80 77 73 69 63 57 63 69 71 73 72 71 74 76 78 79 77 75 77 79 80 82 80 77 82 87 90 94 80 66 57 48 44 39 38 37 36 36 35 34 35 35 36 37 36 36 36 36 36 37 38 38 38 38 37 36 39 42 45 47 48 49 51 53 53 53 46 38 32 26 23 20 18 17 17 17 20 22 22 22 22 23 23 23 23 24
70 72 77 82 83 84 84 83 83 82 81 79 74 68 64 59 64 70 71 73 76 78 78 77 75 73 77 80 83 86 87 88 85 82 84 86 86 86 74 61 54 47 43 39 38 36 36 36 35 34 35 36 36 37 36 35 36 36 37 38 38 38 38 38 38 37 38 40 43 46 48 50 50 51 49 47 42 36 31 26 24 21 20 20 20 20 21 22 22 22 22 23 23 23 23 23
73 72 78 84 85 86 85 84 82 81 82 82 75 68 64 61 66 71 71 72 79 86 81 77 72 68 76 85 89 93 94 94 91 87 86 86 82 79 68 57 52 46 43 39 38 36 36 36 35 34 35 36 36 37 36 35 36 37 37 38 38 38 39 39 38 37 37 37 41 45 47 50 50 49 45 41 38 34 30 26 24 22 22 22 23 23 23 23 22 22 23 23 23 23 23 23
85 90 89 88 89 90 87 84 84 84 83 82 76 71 67 64 69 74 75 75 78 81 80 78 77 75 78 82 88 94 94 94 91 88 89 89 93 96 79 62 52 43 40 38 43 49 50 51 43 35 38 41 39 37 36 35 36 37 37 38 38 38 39 40 38 37 37 36 37 39 40 42 43 44 41 39 35 32 28 25 24 22 22 23 23 23 23 24 23 22 23 23 23 23 24 24
97 108 100 92 93 95 89 84 85 87 84 81 78 74 70 67 72 78 78 78 77 77 78 79 81 82 80 78 87 95 95 94 92 89 91 92 103 113 90 66 53 40 38 37 49 61 64 66 51 37 41 46 41 37 36 35 36 37 38 38 38 38 39 40 38 36 36 35 34 32 33 35 36 38 37 36 33 29 27 24 23 22 23 23 23 23 24 25 23 22 23 23 24 24 24 24
88 96 99 101 101 101 98 95 92 90 84 78 74 70 70 70 74 78 80 82 80 78 79 79 82 84 85 86 91 95 94 92 86 79 78 76 85 93 79 65 53 40 41 42 51 60 59 58 49 39 39 40 38 35 35 35 36 37 37 38 38 38 39 39 38 37 36 34 33 31 32 32 33 34 32 31 29 27 25 24 24 24 24 24 24 24 24 24 24 24 24 24 24 24 24 24
79 85 97 110 109 108 107 106 99 93 84 75 70 65 69 74 76 79 82 85 82 80 80 80 83 86 90 95 95 95 92 89 79 69 65 60 67 73 69 64 52 39 43 47 54 60 55 50 46 41 38 34 34 34 34 34 36 37 37 37 37 38 38 38 38 38 36 33 32 30 30 30 29 29 28 26 25 24 24 24 25 25 25 25 25 24 24 24 24 25 25 25 25 25 24 24
87 94 101 108 105 102 99 97 93 90 85 80 73 67 71 76 78 81 81 82 80 79 78 78 81 84 89 93 95 96 91 85 78 71 66 60 60 61 58 56 49 43 47 51 54 57 57 58 51 45 39 34 34 34 34 34 35 37 37 37 37 38 37 36 37 37 35 33 31 29 29 29 29 29 27 26 26 25 25 24 24 24 24 24 24 23 24 24 24 24 25 25 25 25 24 23
94 103 104 105 100 95 91 88 87 87 86 85 76 68 73 78 80 82 80 79 78 78 77 75 79 83 87 92 95 97 89 81 77 73 66 60 54 48 48 48 47 46 51 55 55 55 60 65 57 48 41 34 34 34 34 34 35 37 36 36 37 38 36 34 35 36 34 32 30 28 29 29 28 28 27 27 26 26 25 25 24 24 24 24 23 23 23 24 24 24 24 25 25 25 24 23
90 95 96 97 91 86 85 84 85 86 85 84 77 71 72 72 74 76 76 76 76 76 75 75 77 80 86 92 95 99 88 78 75 73 64 56 52 47 47 48 47 47 47 47 46 46 48 51 46 42 38 35 35 35 35 35 36 36 36 36 36 36 35 34 34 34 32 30 29 27 27 26 26 26 25 24 24 24 24 24 23 23 23 23 23 23 23 23 24 24 24 24 24 24 23 23
