homework/Homework_5_files/or_precip_1983_05.asc
ncols 407
nrows 229
xllcorner -124.73958333333
yllcorner 41.73958333333
cellsize 0.02083333333
NODATA_value -9999
[rows 138 to 183 of 229, columns 96 to 191 of 407]
77 80 77 74 80 86 87 89 93 97 97 97 91 84 84 83 101 119 120 121 110 100 122 145 140 136 127 118 119 120 113 107 101 95 101 108 108 108 81 54 44 34 32 29 32 35 30 25 21 17 17 18 17 16 16 16 13 10 10 10 10 10 15 20 24 27 30 32 36 39 43 46 49 52 51 49 45 41 38 35 36 36 35 33 34 35 38 41 41 41 41 42 43 45 45 44
73 75 78 80 84 87 89 90 93 97 93 89 84 80 83 87 100 114 126 138 124 110 123 137 133 129 126 122 118 114 110 105 94 84 86 88 86 83 69 55 43 31 32 33 35 37 32 27 23 19 19 18 17 17 17 16 13 10 10 10 11 11 14 17 20 24 27 30 33 35 39 42 43 44 43 41 40 38 35 31 32 33 32 31 32 34 36 38 39 40 40 41 42 43 43 43
70 70 78 86 88 89 91 92 94 96 88 80 78 76 83 90 99 108 132 155 137 119 124 130 126 123 124 126 118 109 106 103 88 73 70 68 64 59 57 56 42 28 32 36 38 40 34 28 25 22 20 18 18 18 17 17 14 11 11 11 11 11 12 13 17 21 25 29 30 31 35 38 37 37 35 33 34 34 31 27 29 30 30 29 31 32 33 34 37 40 40 40 40 41 41 41
71 71 76 81 81 81 81 81 85 88 87 86 81 76 86 95 100 105 118 132 123 115 115 115 119 123 121 120 122 123 110 98 88 78 71 64 58 51 51 51 42 33 38 42 41 40 37 34 30 26 23 20 19 19 18 17 14 10 10 10 11 11 12 13 16 19 23 27 27 28 31 34 33 32 32 31 31 30 28 25 26 27 27 27 28 29 31 32 34 37 38 39 38 37 36 36
71 72 74 76 74 73 71 70 76 81 87 93 84 76 89 101 102 102 105 108 109 111 106 101 112 123 118 114 125 137 115 93 88 83 72 61 52 43 44 45 42 38 43 48 44 40 40 39 34 30 26 21 20 19 18 17 14 10 10 10 10 11 12 14 15 17 21 25 25 25 27 30 29 28 28 28 27 26 24 22 23 24 24 25 25 26 28 30 32 34 36 38 35 33 32 31
71 72 73 74 73 72 71 71 76 82 89 96 86 75 80 84 86 88 90 92 94 97 94 92 98 104 109 113 121 130 111 92 90 87 72 58 52 47 48 49 46 43 41 39 38 37 36 34 31 28 25 22 21 20 18 15 13 11 11 12 12 12 13 14 15 15 18 21 22 23 24 26 25 24 24 24 23 22 22 23 23 23 24 25 25 26 27 29 30 31 33 34 33 32 32 32
71 71 71 71 72 72 71 71 77 84 91 99 87 75 70 66 70 73 75 76 79 83 83 83 84 86 99 113 117 122 107 91 91 91 73 55 53 51 52 53 50 48 39 30 32 33 31 30 28 27 25 23 22 20 17 13 13 12 13 14 14 14 14 14 14 14 15 16 18 21 21 21 21 21 20 20 19 18 20 23 23 22 24 25 26 26 27 27 28 29 30 31 31 30 31 32
72 72 71 71 71 72 70 69 76 82 89 96 88 80 78 76 76 76 76 76 79 82 82 82 80 79 94 109 112 115 106 96 88 80 68 56 55 53 55 56 54 52 46 40 37 33 32 31 29 28 25 23 21 20 17 14 14 14 14 14 14 14 15 15 15 15 15 16 17 18 18 18 18 17 18 18 18 18 20 22 22 21 23 25 25 26 27 27 28 28 29 29 30 30 31 32
72 72 72 71 71 71 70 68 74 80 87 93 89 85 85 85 83 80 78 77 79 82 81 80 76 72 89 106 107 109 105 102 85 68 63 58 56 55 58 60 58 56 53 49 41 33 32 31 31 30 26 22 21 19 17 15 15 15 14 14 15 15 15 16 15 15 15 16 16 16 16 15 15 14 15 17 18 19 20 21 21 20 22 25 25 26 26 27 27 28 28 28 28 29 31 33
73 73 72 72 72 72 71 70 76 82 87 93 90 88 85 82 79 77 76 75 80 84 83 81 84 87 88 89 97 106 111 115 104 92 78 64 60 56 57 58 55 52 48 45 40 35 32 30 28 26 24 21 20 19 18 18 18 18 16 14 15 16 15 15 15 15 15 16 16 15 15 15 14 14 15 16 17 18 19 20 21 21 23 25 25 26 26 27 27 27 28 28 28 28 29 31
74 74 73 72 72 72 72 72 78 85 88 92 91 91 85 78 76 74 74 74 80 86 84 82 91 101 87 72 88 103 116 129 123 117 93 69 63 58 57 56 51 47 43 40 38 36 32 29 26 22 22 21 20 19 19 20 21 22 18 14 15 16 15 14 14 14 15 16 15 15 15 14 14 14 15 15 16 17 18 19 21 23 24 25 26 26 26 27 27 27 27 28 28 28 28 28
75 76 73 71 72 72 73 74 78 82 85 87 85 84 82 81 78 75 75 75 78 81 79 78 82 86 83 81 95 110 114 119 114 108 86 64 60 55 54 53 49 44 41 38 36 34 32 29 26 23 23 23 23 23 22 22 22 23 20 18 19 20 18 16 16 16 16 16 15 15 14 14 14 14 14 15 16 16 18 19 21 23 24 25 26 26 27 27 27 27 27 28 28 28 28 28
76 77 74 71 71 72 74 77 78 80 81 82 80 77 80 83 80 76 76 75 76 76 75 74 72 71 80 89 103 117 113 110 105 100 80 59 56 53 52 51 46 42 39 36 34 32 31 29 26 23 24 25 26 27 25 24 24 23 23 23 23 24 21 17 18 18 17 17 16 15 14 14 14 13 14 14 15 16 18 20 22 24 25 25 26 26 27 27 27 28 28 28 28 28 28 28
74 74 74 74 73 73 75 76 78 80 78 75 78 80 80 81 77 73 73 72 72 72 72 72 71 69 77 84 91 98 92 86 84 83 70 57 54 51 49 46 42 38 36 35 33 31 29 26 24 22 24 26 27 27 26 25 25 25 26 26 25 24 23 21 20 18 18 17 17 16 15 14 14 14 14 15 16 17 19 21 23 25 25 26 26 27 27 27 28 28 28 28 28 28 28 28
73 71 74 78 75 73 75 76 78 79 74 68 76 84 81 79 74 70 69 69 69 69 69 69 69 68 73 78 79 80 71 62 64 65 60 55 52 49 46 42 38 34 34 33 31 30 26 23 22 20 24 28 27 27 27 26 27 28 29 29 27 24 25 25 22 19 18 18 17 17 16 15 14 14 14 15 17 18 21 23 24 25 26 27 27 27 27 28 28 28 28 28 28 28 28 28
75 73 74 74 73 71 72 73 73 74 70 66 70 74 75 76 72 69 69 68 69 70 70 70 70 69 72 74 74 74 71 67 65 64 60 56 48 41 39 37 35 32 31 30 28 26 22 19 20 21 25 28 27 27 26 25 26 26 27 27 25 24 23 21 21 21 20 20 20 19 17 16 15 15 16 16 18 20 23 25 26 27 27 27 28 28 28 28 28 28 28 28 28 28 27 27
77 76 73 70 70 70 70 70 69 68 66 63 63 64 69 74 71 67 68 68 69 70 71 72 71 71 70 69 69 69 71 72 67 62 59 56 44 32 32 32 32 31 28 26 24 21 18 15 19 23 25 28 27 27 25 23 24 25 25 24 24 25 21 17 20 23 22 22 22 21 19 17 17 16 17 17 19 22 24 27 28 28 28 28 28 28 28 28 28 28 28 28 28 27 27 27
84 85 82 80 75 70 69 69 68 68 67 66 65 65 68 71 69 67 67 67 68 69 69 69 68 68 67 66 66 66 67 68 68 68 64 60 54 47 42 38 35 33 29 24 21 17 17 17 19 21 24 28 27 27 27 26 25 23 24 24 24 25 23 20 22 24 24 24 22 21 20 18 18 18 19 20 22 24 26 28 28 28 28 29 29 29 28 28 28 28 28 28 28 27 27 27
92 94 92 90 80 70 69 68 68 67 68 69 67 66 66 67 67 67 67 66 67 69 68 67 66 65 64 63 63 63 64 65 70 74 70 65 64 62 52 43 39 36 29 22 18 13 16 19 19 19 23 27 27 27 28 29 25 22 23 24 25 25 24 23 24 25 25 25 23 21 20 19 20 21 22 24 25 26 28 30 29 29 29 29 29 29 29 28 28 28 28 28 28 27 27 27
88 92 91 91 87 82 77 71 70 69 69 68 67 66 66 67 68 69 69 70 72 75 69 64 63 61 61 60 60 60 61 61 71 81 72 64 58 52 46 41 36 31 27 24 20 16 17 19 20 22 24 26 25 25 26 27 26 24 24 24 24 24 23 23 22 22 22 23 23 23 22 22 22 23 23 24 26 29 30 31 30 30 29 29 29 29 29 29 28 28 28 28 27 27 27 26
85 90 91 92 94 95 85 75 73 70 69 68 67 66 67 67 68 70 72 74 77 81 71 61 60 58 58 58 58 58 58 58 73 87 75 62 52 42 40 39 32 26 25 25 21 18 18 19 22 24 24 24 24 23 24 26 26 26 25 23 23 22 22 23 21 19 20 21 23 24 25 25 25 25 25 25 28 32 32 32 31 30 30 30 30 30 29 29 29 28 28 28 27 27 27 26
85 90 89 89 91 94 84 75 74 72 70 68 68 68 68 68 69 71 73 76 77 79 72 65 66 66 62 58 58 59 60 62 72 82 68 54 47 41 38 34 29 24 24 23 21 19 19 20 23 26 24 23 22 21 23 25 25 25 24 24 22 21 21 21 19 18 20 22 24 25 25 25 27 29 29 29 31 33 33 33 32 32 31 31 31 30 30 29 29 29 29 28 27 27 26 26
86 90 87 85 89 93 84 75 75 74 72 69 69 69 69 70 70 71 75 78 77 77 73 69 71 74 66 58 58 59 62 65 71 77 61 45 43 40 35 30 26 23 22 21 21 21 20 20 24 28 25 21 21 20 22 25 24 24 24 24 22 20 20 19 18 17 20 23 25 26 25 25 29 34 34 34 34 34 34 33 33 33 32 32 31 31 30 30 30 31 29 28 27 27 26 25
82 83 86 88 88 88 81 73 75 76 74 72 71 69 70 71 71 71 72 73 73 74 72 70 70 70 64 59 59 59 60 62 63 65 52 40 37 34 30 27 25 22 22 22 22 22 21 20 22 25 23 20 23 25 26 27 25 23 23 22 21 20 20 20 19 19 20 21 22 23 25 26 28 30 32 34 34 34 34 34 34 34 33 33 32 31 31 30 30 29 28 26 26 26 26 25
78 77 84 91 87 83 77 72 74 77 77 76 72 69 71 72 71 71 69 67 69 71 71 71 68 66 63 60 59 58 58 58 56 54 44 34 30 27 25 24 23 22 23 24 23 23 22 20 21 22 21 19 25 31 30 30 26 23 21 20 20 21 20 20 20 20 19 19 20 21 24 27 26 26 30 34 34 35 34 34 34 34 34 33 33 32 31 31 29 28 26 24 25 26 26 26
77 76 79 83 80 77 75 74 75 77 78 80 78 76 76 77 74 71 69 66 67 67 67 66 65 63 61 60 59 58 57 55 51 47 39 30 28 25 24 22 22 22 22 22 22 22 21 20 21 22 21 20 22 25 25 25 23 21 20 19 20 20 20 20 20 20 20 19 19 18 20 23 25 26 28 31 31 31 31 31 33 34 34 33 32 31 29 27 26 25 24 24 25 26 26 25
76 75 75 74 73 71 74 76 76 76 80 84 83 82 82 81 76 72 69 66 64 63 62 61 61 60 60 60 59 58 55 53 47 41 33 26 25 23 22 21 21 21 21 21 21 21 21 21 22 23 21 20 20 20 20 20 20 19 19 19 20 20 20 20 20 20 20 19 17 15 17 19 23 26 27 27 27 27 27 28 31 34 34 33 32 31 27 24 23 22 23 23 24 25 25 25
73 72 72 73 72 71 73 74 79 83 83 82 84 87 84 81 75 70 69 68 66 63 61 60 62 64 62 60 58 55 54 52 46 41 35 30 28 26 24 22 21 21 20 20 20 20 20 21 21 21 20 19 19 19 19 18 18 19 19 19 20 20 20 20 20 20 20 20 17 15 16 17 20 23 23 23 25 27 27 28 30 32 32 33 31 29 27 26 25 23 23 23 23 24 24 24
71 69 70 71 71 71 71 71 81 90 85 81 86 91 86 80 75 69 70 71 67 63 61 59 63 68 64 60 56 53 52 51 46 41 37 33 31 29 25 22 21 20 19 19 19 19 20 21 20 19 19 19 19 19 17 16 17 18 19 20 20 19 20 20 20 20 21 21 18 14 14 14 17 19 19 19 23 27 27 28 28 29 31 33 30 27 27 28 26 25 24 23 22 22 22 22
72 70 71 71 71 71 71 72 76 81 81 81 86 91 85 78 74 71 70 69 66 64 61 59 66 72 69 66 63 60 55 50 44 39 36 34 32 30 26 22 21 20 19 19 19 18 20 21 19 18 18 18 18 18 18 17 18 19 19 19 19 19 20 20 20 21 21 21 18 16 15 13 14 15 17 19 21 23 24 25 27 29 29 30 28 27 27 28 27 26 26 25 24 22 21 20
74 72 71 71 71 71 71 72 72 72 76 80 86 91 83 76 74 73 70 66 66 65 62 59 68 77 74 71 69 66 58 50 43 36 35 34 32 30 27 23 21 19 19 19 18 18 19 21 19 17 17 17 17 17 18 18 19 19 19 19 19 19 20 20 21 21 21 21 19 18 15 12 11 10 15 19 19 19 20 21 25 29 27 26 27 27 27 28 28 28 28 28 25 23 21 19
70 69 70 70 71 73 76 79 80 80 80 80 81 82 78 74 72 69 68 66 66 66 63 60 66 73 74 75 67 59 53 46 43 40 37 35 35 35 29 23 21 19 19 19 18 18 19 20 18 17 17 17 18 18 19 19 19 19 19 19 19 19 19 20 21 23 22 22 20 17 15 13 12 10 13 15 15 15 16 17 20 23 24 25 25 25 26 27 29 30 30 29 25 21 20 19
67 67 68 70 72 74 81 87 87 87 84 80 76 72 72 72 69 65 65 66 66 66 63 61 65 69 74 79 65 52 47 43 43 43 39 35 37 39 31 22 20 18 18 18 18 18 18 19 18 17 17 17 18 20 20 20 20 20 20 20 19 18 19 20 22 24 24 23 20 16 14 13 12 11 11 11 11 11 12 13 15 17 21 25 23 22 25 27 30 32 31 31 25 19 19 19
71 73 76 79 80 80 85 89 87 84 82 80 77 74 73 71 69 68 66 65 66 67 66 64 67 70 72 75 65 55 51 46 46 46 42 38 39 41 32 22 20 18 18 18 18 19 19 20 19 19 19 19 19 19 19 20 20 20 20 20 19 19 20 21 23 26 25 24 20 16 14 13 12 11 11 11 12 13 13 13 15 16 20 24 24 25 27 29 30 32 30 28 23 19 19 19
75 79 83 88 87 87 89 91 86 81 80 80 78 76 73 71 70 70 67 64 66 68 68 68 69 70 71 72 65 59 54 49 49 49 45 41 42 42 32 22 20 19 18 18 19 20 20 20 21 22 22 22 20 18 19 20 20 20 20 20 20 21 22 23 25 27 26 24 20 15 14 13 12 11 11 11 12 14 14 13 14 15 19 23 26 28 29 31 31 31 28 25 22 19 19 19
74 75 83 92 90 88 89 89 85 81 80 78 77 77 76 75 73 71 70 69 69 69 69 69 70 70 71 72 68 63 59 55 52 49 45 42 39 37 29 21 19 18 18 18 18 19 20 21 21 22 21 20 19 18 18 19 19 20 19 19 19 19 21 23 25 28 27 26 21 17 15 12 12 11 12 12 13 14 14 14 15 16 20 24 25 26 28 29 30 32 29 26 22 19 19 19
73 72 84 95 92 89 88 88 85 81 79 77 77 78 79 80 76 71 73 74 72 70 70 70 70 71 71 72 70 68 64 60 55 49 46 43 37 32 25 19 18 17 18 18 18 19 20 21 22 23 20 18 19 19 18 17 19 20 19 18 17 17 20 22 26 29 28 27 23 18 15 12 12 12 13 14 14 14 15 15 16 16 21 25 25 25 26 28 30 32 30 28 23 19 19 19
79 77 81 85 86 87 88 88 88 89 82 76 77 77 78 79 78 76 75 73 74 74 75 77 78 78 76 74 70 67 64 60 53 45 42 38 34 29 25 20 19 18 18 18 18 19 21 23 23 24 22 21 20 19 18 18 19 19 19 18 18 17 19 22 25 28 29 29 25 20 17 14 14 13 13 14 15 16 17 17 17 16 19 23 23 24 26 28 30 32 30 28 23 18 18 18
85 82 78 75 80 85 87 89 92 96 86 76 76 76 77 79 79 80 76 73 75 77 81 84 85 86 81 76 71 66 63 60 51 42 38 34 30 27 24 21 20 19 18 18 18 19 22 25 25 25 24 23 21 18 19 19 19 19 19 19 18 17 19 21 25 28 30 32 26 21 19 16 15 14 14 14 16 19 19 19 18 16 18 20 21 23 25 28 30 31 30 29 23 17 17 17
79 78 73 68 70 72 79 86 90 94 85 77 76 75 77 79 79 80 78 76 76 76 77 78 81 83 82 80 75 70 60 50 43 37 36 36 32 29 26 23 21 19 18 18 18 19 20 21 21 21 21 20 19 19 19 20 19 18 18 19 18 17 20 22 26 29 30 32 27 22 20 18 16 15 15 14 16 18 18 18 18 18 19 20 20 20 23 27 30 34 33 32 25 18 17 16
74 74 67 61 60 58 71 84 88 92 85 77 76 74 77 79 80 80 79 79 77 74 73 72 77 81 83 85 79 74 57 39 36 33 35 37 34 31 28 26 23 19 18 18 18 18 17 17 17 17 17 17 18 19 20 21 20 18 18 18 18 18 20 23 27 30 31 32 27 22 21 19 18 16 15 14 16 17 16 16 18 19 20 20 19 17 21 26 31 36 36 35 27 18 17 16
69 64 66 68 66 65 76 86 85 84 78 72 72 71 76 80 80 79 79 78 75 73 73 72 77 81 84 87 79 70 55 40 37 34 35 36 33 30 29 29 25 21 19 18 19 20 18 17 17 17 17 17 18 19 20 22 20 19 19 19 18 16 19 21 25 29 30 31 27 24 22 20 19 18 17 16 16 17 17 17 19 20 21 21 21 20 24 27 31 35 36 36 28 19 18 17
65 53 64 75 73 72 80 89 83 77 72 66 68 69 75 82 80 79 78 77 74 71 72 73 77 82 86 90 78 66 54 41 38 34 35 35 32 28 30 31 27 22 21 19 20 22 19 17 16 16 17 17 18 19 21 23 21 20 20 19 17 15 17 18 22 27 28 29 28 27 24 21 20 19 18 17 17 17 17 18 19 21 21 21 23 24 26 28 31 34 36 37 28 19 19 18
61 54 59 65 66 66 70 74 72 71 69 67 68 70 76 81 82 82 79 77 74 70 70 71 80 89 91 94 86 78 58 39 37 34 33 31 30 28 28 28 25 22 21 19 21 22 20 17 17 17 17 17 18 19 21 23 23 23 23 22 20 17 19 20 22 24 25 27 25 24 23 21 21 20 18 17 17 17 17 18 19 21 21 21 22 23 24 25 29 33 35 37 32 27 23 20
56 54 54 55 58 61 60 59 62 65 66 68 69 71 76 81 83 85 81 77 73 69 69 69 82 96 97 99 94 89 63 36 35 35 31 28 28 28 26 24 23 23 21 19 21 23 20 17 18 18 18 18 18 19 21 23 25 27 26 25 22 20 21 22 22 22 23 24 23 21 21 21 21 20 19 18 18 17 18 18 19 21 21 21 21 22 22 23 27 31 34 36 35 35 28 22
53 53 53 53 56 60 66 71 76 82 80 77 76 74 77 80 82 83 81 78 76 73 75 77 84 91 94 97 96 95 64 33 32 32 29 25 25 25 23 21 21 20 19 18 19 20 18 17 17 18 19 19 19 19 20 22 25 28 27 26 24 22 23 24 23 22 23 23 22 21 22 22 21 20 20 20 20 21 20 20 21 21 21 22 23 24 24 24 27 30 33 36 36 36 34 31
