homework/Homework_5_files/or_precip_1983_03.asc
ncols 407
nrows 229
xllcorner -124.73958333333
yllcorner 41.73958333333
cellsize 0.02083333333
NODATA_value -9999
[rows 86 to 128 of 229, columns 0 to 94 of 407]
-9999 -9999 -9999 -9999 -9999 -9999 -9999 -9999 -9999 -9999 -9999 -9999 -9999 -9999 -9999 -9999 -9999 -9999 -9999 -9999 -9999 -9999 -9999 -9999 -9999 -9999 -9999 -9999 -9999 -9999 289 289 314 338 361 383 371 359 355 351 356 361 358 355 351 348 359 370 369 367 361 355 365 374 402 430 418 406 374 343 342 342 338 334 330 325 313 301 281 261 254 247 239 232 229 225 219 212 210 208 208 207 207 207 207 208 206 204 204 204 203 202 201 200 213
-9999 -9999 -9999 -9999 -9999 -9999 -9999 -9999 -9999 -9999 -9999 -9999 -9999 -9999 -9999 -9999 -9999 -9999 -9999 -9999 -9999 -9999 -9999 -9999 -9999 -9999 -9999 -9999 -9999 -9999 290 290 314 338 356 375 364 354 350 346 356 365 352 339 338 336 337 337 332 327 332 336 346 356 375 395 392 390 376 361 344 326 335 345 336 328 321 314 287 261 254 248 241 234 231 228 220 213 211 209 208 207 207 206 207 207 206 205 207 209 206 202 202 201 222
-9999 -9999 -9999 -9999 -9999 -9999 -9999 -9999 -9999 -9999 -9999 -9999 -9999 -9999 -9999 -9999 -9999 -9999 -9999 -9999 -9999 -9999 -9999 -9999 -9999 -9999 -9999 -9999 -9999 -9999 291 291 314 337 352 367 357 348 345 341 355 369 346 323 324 325 315 304 296 287 302 317 327 337 348 360 367 374 377 380 345 310 333 355 343 331 329 327 293 260 255 249 243 236 234 231 222 213 211 209 208 208 207 206 206 206 206 206 210 214 209 203 203 202 231
-9999 -9999 -9999 -9999 -9999 -9999 -9999 -9999 -9999 -9999 -9999 -9999 -9999 -9999 -9999 -9999 -9999 -9999 -9999 -9999 -9999 -9999 -9999 -9999 -9999 -9999 -9999 -9999 -9999 -9999 292 292 306 319 334 348 345 342 341 340 346 352 359 365 363 360 329 297 295 293 310 328 337 347 353 358 360 361 370 380 362 345 348 350 342 334 326 318 288 259 253 247 240 234 230 226 219 212 210 209 208 208 207 206 206 205 205 204 206 207 204 201 201 201 218
-9999 -9999 -9999 -9999 -9999 -9999 -9999 -9999 -9999 -9999 -9999 -9999 -9999 -9999 -9999 -9999 -9999 -9999 -9999 -9999 -9999 -9999 -9999 -9999 -9999 -9999 -9999 -9999 -9999 -9999 293 293 297 300 315 330 333 336 337 338 337 335 372 408 402 395 343 290 294 298 319 339 348 357 357 357 352 348 363 379 380 381 363 346 342 338 323 309 283 258 251 245 238 231 226 221 216 212 210 209 208 207 207 206 205 205 203 202 202 201 200 199 200 201 204
-9999 -9999 -9999 -9999 -9999 -9999 -9999 -9999 -9999 -9999 -9999 -9999 -9999 -9999 -9999 -9999 -9999 -9999 -9999 -9999 -9999 -9999 -9999 -9999 -9999 -9999 -9999 -9999 -9999 -9999 293 293 304 314 319 323 325 327 335 342 350 359 363 367 379 392 363 334 336 337 348 358 367 375 373 370 362 354 368 383 380 377 361 344 337 330 307 283 267 251 246 242 237 232 227 223 219 215 212 209 208 207 206 205 205 204 203 202 201 199 199 198 198 199 203
-9999 -9999 -9999 -9999 -9999 -9999 -9999 -9999 -9999 -9999 -9999 -9999 -9999 -9999 -9999 -9999 -9999 -9999 -9999 -9999 -9999 -9999 -9999 -9999 -9999 -9999 -9999 -9999 -9999 -9999 294 294 311 329 323 317 318 319 332 345 364 383 354 326 357 388 383 378 377 377 377 377 385 394 389 384 372 360 373 387 380 373 358 343 333 323 290 258 251 244 241 239 236 232 228 225 222 218 214 210 208 206 205 204 204 204 202 201 200 198 198 197 197 197 202
-9999 -9999 -9999 -9999 -9999 -9999 -9999 -9999 -9999 -9999 -9999 -9999 -9999 -9999 -9999 -9999 -9999 -9999 -9999 -9999 -9999 -9999 -9999 -9999 -9999 -9999 -9999 -9999 -9999 294 294 293 315 337 336 335 351 367 383 400 416 433 399 364 391 418 393 368 365 361 367 372 384 397 426 455 448 442 425 407 401 395 369 343 320 297 277 256 248 240 238 237 235 232 230 227 224 222 216 210 208 205 204 203 204 204 202 201 201 200 204 208 205 202 206
-9999 -9999 -9999 -9999 -9999 -9999 -9999 -9999 -9999 -9999 -9999 -9999 -9999 -9999 -9999 -9999 -9999 -9999 -9999 -9999 -9999 -9999 -9999 -9999 -9999 -9999 -9999 -9999 294 294 293 293 319 345 349 353 384 415 434 454 469 483 443 402 425 448 403 359 352 346 356 366 383 400 463 526 525 524 476 428 422 416 380 344 308 272 263 255 245 236 235 235 234 233 231 229 227 225 218 210 207 205 203 202 203 204 203 201 202 203 211 219 213 206 211
-9999 -9999 -9999 -9999 -9999 -9999 -9999 -9999 -9999 -9999 -9999 -9999 -9999 -9999 -9999 -9999 -9999 -9999 -9999 -9999 -9999 -9999 -9999 -9999 -9999 -9999 -9999 -9999 295 295 296 297 316 335 349 363 394 425 449 473 466 460 462 464 496 529 493 457 438 420 452 485 468 452 556 660 729 799 630 460 434 407 378 349 311 273 264 256 246 235 235 235 234 232 231 230 228 227 218 209 206 203 202 201 204 207 204 200 199 199 203 206 205 204 208
-9999 -9999 -9999 -9999 -9999 -9999 -9999 -9999 -9999 -9999 -9999 -9999 -9999 -9999 -9999 -9999 -9999 -9999 -9999 -9999 -9999 -9999 -9999 -9999 -9999 -9999 -9999 -9999 296 296 299 301 314 326 350 373 405 436 464 492 464 436 481 526 568 610 583 555 524 493 548 603 554 505 649 794 934 1075 784 493 445 398 377 355 315 274 266 257 246 235 235 235 233 232 231 230 230 229 218 208 205 202 201 200 205 211 205 200 197 195 194 194 198 202 204
-9999 -9999 -9999 -9999 -9999 -9999 -9999 -9999 -9999 -9999 -9999 -9999 -9999 -9999 -9999 -9999 -9999 -9999 -9999 -9999 -9999 -9999 -9999 -9999 -9999 -9999 -9999 -9999 297 297 301 304 318 331 355 379 390 402 440 478 512 547 595 644 650 655 632 609 589 569 583 598 564 530 605 681 725 768 619 469 441 413 383 353 314 276 268 260 248 237 237 236 235 233 231 229 224 219 212 206 204 202 202 202 208 213 215 217 213 210 211 213 207 202 209
-9999 -9999 -9999 -9999 -9999 -9999 -9999 -9999 -9999 -9999 -9999 -9999 -9999 -9999 -9999 -9999 -9999 -9999 -9999 -9999 -9999 -9999 -9999 -9999 -9999 -9999 -9999 -9999 299 299 303 307 322 336 360 384 376 367 415 464 561 657 710 762 731 701 682 663 654 645 619 592 573 554 562 569 515 462 453 444 436 428 389 350 314 278 270 262 251 240 239 237 236 234 231 228 219 209 207 204 203 202 203 204 210 215 225 234 229 225 228 232 217 203 214
-9999 -9999 -9999 -9999 -9999 -9999 -9999 -9999 -9999 -9999 -9999 -9999 -9999 -9999 -9999 -9999 -9999 -9999 -9999 -9999 -9999 -9999 -9999 -9999 -9999 -9999 -9999 -9999 299 299 303 307 315 323 339 356 376 396 433 470 528 587 612 637 618 598 584 569 630 691 700 708 660 613 550 487 455 422 445 468 452 437 392 348 324 300 277 254 247 240 238 236 235 233 231 229 218 208 206 204 203 202 204 205 214 223 232 241 242 243 238 232 223 214 221
-9999 -9999 -9999 -9999 -9999 -9999 -9999 -9999 -9999 -9999 -9999 -9999 -9999 -9999 -9999 -9999 -9999 -9999 -9999 -9999 -9999 -9999 -9999 -9999 -9999 -9999 -9999 -9999 300 300 303 307 308 310 319 327 376 425 451 476 496 516 514 512 504 496 485 475 606 738 780 823 748 672 539 406 394 383 437 491 469 446 396 346 334 322 284 247 243 239 237 235 234 232 230 229 218 208 205 203 203 202 204 206 219 231 240 248 255 262 247 233 229 225 227
-9999 -9999 -9999 -9999 -9999 -9999 -9999 -9999 -9999 -9999 -9999 -9999 -9999 -9999 -9999 -9999 -9999 -9999 -9999 -9999 -9999 -9999 -9999 -9999 -9999 -9999 -9999 -9999 302 302 308 314 331 348 383 419 424 429 438 448 467 487 465 443 449 454 445 435 502 569 587 606 561 516 445 375 377 380 415 450 440 429 385 340 319 298 273 248 242 237 235 234 233 231 227 224 217 210 207 203 202 202 204 206 211 217 223 229 238 247 240 233 232 232 232
-9999 -9999 -9999 -9999 -9999 -9999 -9999 -9999 -9999 -9999 -9999 -9999 -9999 -9999 -9999 -9999 -9999 -9999 -9999 -9999 -9999 -9999 -9999 -9999 -9999 -9999 -9999 -9999 304 304 313 322 354 386 448 510 472 433 426 419 438 458 416 374 394 413 404 395 397 400 394 389 374 359 352 344 360 376 393 409 411 413 373 334 304 275 262 249 241 234 234 233 232 231 224 218 216 213 208 203 202 201 203 205 204 202 205 209 220 232 233 234 236 238 237
-9999 -9999 -9999 -9999 -9999 -9999 -9999 -9999 -9999 -9999 -9999 -9999 -9999 -9999 -9999 -9999 -9999 -9999 -9999 -9999 -9999 -9999 -9999 -9999 -9999 -9999 -9999 -9999 312 312 328 344 397 450 465 479 459 439 441 442 455 468 424 381 396 412 430 447 444 441 423 404 391 378 383 388 395 402 402 402 397 392 362 332 302 272 263 253 245 237 235 233 231 229 225 221 216 211 207 203 203 202 207 211 218 225 222 219 228 236 233 230 234 238 237
-9999 -9999 -9999 -9999 -9999 -9999 -9999 -9999 -9999 -9999 -9999 -9999 -9999 -9999 -9999 -9999 -9999 -9999 -9999 -9999 -9999 -9999 -9999 -9999 -9999 -9999 -9999 -9999 321 321 344 367 441 514 481 448 446 445 455 466 472 478 432 387 399 411 455 499 491 483 452 420 408 396 414 432 430 428 411 394 383 372 351 330 300 270 264 258 249 239 236 233 230 227 225 223 216 209 206 203 203 203 210 217 233 249 239 229 235 241 234 227 233 239 238
-9999 -9999 -9999 -9999 -9999 -9999 -9999 -9999 -9999 -9999 -9999 -9999 -9999 -9999 -9999 -9999 -9999 -9999 -9999 -9999 -9999 -9999 -9999 -9999 -9999 -9999 -9999 319 320 321 367 413 434 454 432 409 420 430 446 461 454 447 423 398 411 424 453 481 471 460 447 434 428 423 444 465 478 490 446 403 386 369 346 324 301 279 271 263 253 244 239 235 228 222 219 215 211 207 205 203 204 204 209 214 229 243 246 248 249 249 242 234 238 242 241
-9999 -9999 -9999 -9999 -9999 -9999 -9999 -9999 -9999 -9999 -9999 -9999 -9999 -9999 -9999 -9999 -9999 -9999 -9999 -9999 -9999 -9999 -9999 -9999 -9999 -9999 319 319 320 321 390 459 427 394 383 371 393 414 436 457 437 417 413 409 423 436 450 464 450 436 442 448 449 450 474 498 525 551 482 412 389 365 341 317 303 289 278 268 258 248 242 236 227 217 212 206 206 205 204 204 204 204 208 211 224 238 252 267 262 257 249 242 244 246 245
-9999 -9999 -9999 -9999 -9999 -9999 -9999 -9999 -9999 -9999 -9999 -9999 -9999 -9999 -9999 -9999 -9999 -9999 -9999 -9999 -9999 -9999 -9999 -9999 -9999 -9999 -9999 -9999 321 322 393 465 461 458 455 452 457 462 470 477 464 451 438 424 436 449 457 466 464 461 463 464 450 437 456 474 486 497 449 401 385 369 350 330 307 284 274 263 256 249 243 237 228 218 212 206 206 205 205 204 205 205 211 216 235 253 264 275 261 248 243 238 239 240 240
-9999 -9999 -9999 -9999 -9999 -9999 -9999 -9999 -9999 -9999 -9999 -9999 -9999 -9999 -9999 -9999 -9999 -9999 -9999 -9999 -9999 -9999 -9999 -9999 -9999 -9999 -9999 -9999 323 323 396 470 495 521 526 532 521 510 503 497 491 486 463 440 450 461 464 468 477 486 483 480 452 424 437 451 447 443 416 389 381 372 358 344 311 279 269 259 254 249 244 238 228 218 212 206 206 205 205 205 206 207 214 221 245 269 276 282 261 240 237 234 234 234 236
-9999 -9999 -9999 -9999 -9999 -9999 -9999 -9999 -9999 -9999 -9999 -9999 -9999 -9999 -9999 -9999 -9999 -9999 -9999 -9999 -9999 -9999 -9999 -9999 -9999 -9999 -9999 319 324 327 400 473 502 531 518 505 508 510 509 509 497 485 474 464 468 472 469 465 470 476 479 483 476 469 451 433 438 443 416 389 381 374 355 337 312 287 273 258 254 249 246 243 237 230 221 212 210 208 207 206 207 209 226 243 255 267 268 269 256 242 236 230 232 233 238
-9999 -9999 -9999 -9999 -9999 -9999 -9999 -9999 -9999 -9999 -9999 -9999 -9999 -9999 -9999 -9999 -9999 -9999 -9999 -9999 -9999 -9999 -9999 -9999 -9999 -9999 319 319 325 331 404 476 509 542 510 479 495 510 515 521 502 483 486 488 485 483 473 463 464 465 475 485 499 514 464 415 429 443 416 389 382 375 352 329 312 295 276 257 253 250 248 247 245 243 231 219 214 210 208 207 209 212 238 265 265 265 261 256 250 244 235 226 230 233 240
-9999 -9999 -9999 -9999 -9999 -9999 -9999 -9999 -9999 -9999 -9999 -9999 -9999 -9999 -9999 -9999 -9999 -9999 -9999 -9999 -9999 -9999 -9999 -9999 -9999 -9999 -9999 -9999 327 331 395 458 483 508 491 474 490 505 501 498 485 473 465 458 464 470 452 434 442 449 467 485 491 497 449 401 427 452 458 464 421 378 352 326 314 302 279 255 252 249 249 249 247 244 234 224 222 219 213 207 208 209 231 254 254 254 250 245 239 233 230 227 231 234 246
-9999 -9999 -9999 -9999 -9999 -9999 -9999 -9999 -9999 -9999 -9999 -9999 -9999 -9999 -9999 -9999 -9999 -9999 -9999 -9999 -9999 -9999 -9999 -9999 -9999 -9999 -9999 -9999 330 330 386 441 458 474 472 470 485 500 487 475 469 463 445 427 442 457 431 406 420 434 459 485 483 481 434 387 424 461 500 539 460 381 352 323 316 309 281 254 251 248 250 252 248 245 237 229 229 228 218 207 207 206 224 243 244 244 239 234 228 223 225 227 231 236 252
-9999 -9999 -9999 -9999 -9999 -9999 -9999 -9999 -9999 -9999 -9999 -9999 -9999 -9999 -9999 -9999 -9999 -9999 -9999 -9999 -9999 -9999 -9999 -9999 -9999 -9999 -9999 320 344 356 396 436 477 518 513 507 487 466 456 445 454 462 445 427 432 436 410 384 417 449 456 462 438 415 402 390 415 439 447 455 404 352 332 312 306 300 275 249 247 245 249 253 249 245 241 236 231 225 215 204 205 205 219 232 235 237 232 226 227 227 227 228 234 240 262
-9999 -9999 -9999 -9999 -9999 -9999 -9999 -9999 -9999 -9999 -9999 -9999 -9999 -9999 -9999 -9999 -9999 -9999 -9999 -9999 -9999 -9999 -9999 -9999 -9999 -9999 320 320 351 381 407 432 497 561 553 544 488 432 424 416 438 460 444 428 422 416 389 362 413 465 452 439 393 348 370 393 405 417 393 370 347 323 312 301 296 290 268 245 243 242 248 255 250 245 244 243 233 222 212 201 203 205 213 221 225 230 224 219 225 231 230 229 237 244 272
-9999 -9999 -9999 -9999 -9999 -9999 -9999 -9999 -9999 -9999 -9999 -9999 -9999 -9999 -9999 -9999 -9999 -9999 -9999 -9999 -9999 -9999 -9999 -9999 -9999 -9999 320 320 338 356 399 441 462 484 483 482 447 412 420 428 435 442 446 451 435 420 418 416 443 470 453 436 406 376 381 386 398 411 388 366 345 325 315 306 296 286 266 246 244 242 247 251 246 241 236 231 226 220 209 198 200 203 209 215 218 222 221 220 223 226 226 226 231 237 248
-9999 -9999 -9999 -9999 -9999 -9999 -9999 -9999 -9999 -9999 -9999 -9999 -9999 -9999 -9999 -9999 -9999 -9999 -9999 -9999 -9999 -9999 -9999 -9999 -9999 -9999 320 320 326 331 391 450 428 406 413 419 405 391 415 439 431 423 449 474 449 424 447 469 472 475 455 434 420 405 392 378 391 405 383 362 344 326 318 310 296 282 265 247 245 242 245 247 242 237 228 219 219 219 206 194 197 201 205 208 211 214 217 220 221 221 222 223 226 229 225
-9999 -9999 -9999 -9999 -9999 -9999 -9999 -9999 -9999 -9999 -9999 -9999 -9999 -9999 -9999 -9999 -9999 -9999 -9999 -9999 -9999 -9999 -9999 -9999 -9999 -9999 317 317 328 340 374 408 401 395 397 399 399 399 427 456 440 425 446 467 447 427 430 434 429 425 416 407 410 414 393 372 377 383 375 368 352 337 324 311 293 275 259 243 242 241 242 244 240 237 228 220 215 210 204 198 201 204 207 210 211 212 215 218 219 220 221 221 226 232 240
-9999 -9999 -9999 -9999 -9999 -9999 -9999 -9999 -9999 -9999 -9999 -9999 -9999 -9999 -9999 -9999 -9999 -9999 -9999 -9999 -9999 -9999 -9999 -9999 -9999 -9999 314 314 331 348 357 365 375 385 382 380 393 406 439 472 449 426 443 460 445 429 414 398 386 374 377 379 401 423 395 367 364 361 368 375 361 347 329 311 289 267 254 240 240 240 240 240 238 236 228 221 212 202 202 203 205 207 209 211 210 209 212 215 217 218 219 220 227 234 256
-9999 -9999 -9999 -9999 -9999 -9999 -9999 -9999 -9999 -9999 -9999 -9999 -9999 -9999 -9999 -9999 -9999 -9999 -9999 -9999 -9999 -9999 -9999 -9999 -9999 -9999 324 324 335 346 355 365 373 382 381 379 390 400 416 432 424 415 419 422 420 417 398 379 366 353 353 352 363 373 366 359 365 371 373 376 361 345 325 305 289 274 266 257 250 243 242 241 239 237 232 226 219 212 211 210 210 211 213 215 214 213 214 215 216 217 217 217 223 228 245
-9999 -9999 -9999 -9999 -9999 -9999 -9999 -9999 -9999 -9999 -9999 -9999 -9999 -9999 -9999 -9999 -9999 -9999 -9999 -9999 -9999 -9999 -9999 -9999 -9999 -9999 334 334 339 344 354 364 372 379 379 379 387 394 393 392 398 404 394 384 394 404 381 359 345 332 328 325 324 323 337 351 367 382 379 376 360 343 321 298 289 280 278 275 261 246 244 242 240 238 235 232 227 222 219 217 216 215 216 218 217 216 216 215 216 217 216 215 219 222 234
-9999 -9999 -9999 -9999 -9999 -9999 -9999 -9999 -9999 -9999 -9999 -9999 -9999 -9999 -9999 -9999 -9999 -9999 -9999 -9999 -9999 -9999 -9999 -9999 -9999 -9999 337 337 342 346 356 366 375 384 389 393 404 414 413 412 415 418 421 423 427 432 409 386 365 344 344 343 331 319 330 342 344 345 350 356 343 331 321 310 300 289 280 270 259 248 246 243 241 238 234 231 228 225 222 220 218 217 218 220 219 219 219 219 219 219 215 211 212 213 219
-9999 -9999 -9999 -9999 -9999 -9999 -9999 -9999 -9999 -9999 -9999 -9999 -9999 -9999 -9999 -9999 -9999 -9999 -9999 -9999 -9999 -9999 -9999 -9999 -9999 -9999 340 340 344 348 359 369 379 388 398 408 420 433 433 432 432 433 447 462 461 459 436 413 385 357 359 361 338 314 323 333 321 309 322 336 327 318 321 323 310 297 281 266 258 251 248 245 241 238 234 230 229 228 226 223 221 219 220 221 221 221 222 222 221 221 214 206 205 204 204
-9999 -9999 -9999 -9999 -9999 -9999 -9999 -9999 -9999 -9999 -9999 -9999 -9999 -9999 -9999 -9999 -9999 -9999 -9999 -9999 -9999 -9999 -9999 -9999 -9999 -9999 341 341 345 350 357 364 376 388 395 402 409 417 428 439 435 432 440 448 469 490 477 463 437 411 376 341 329 318 325 331 328 325 339 353 348 343 348 353 338 324 318 313 287 260 252 244 240 236 233 231 230 229 227 225 224 222 223 224 224 224 224 223 221 218 213 208 207 205 205
-9999 -9999 -9999 -9999 -9999 -9999 -9999 -9999 -9999 -9999 -9999 -9999 -9999 -9999 -9999 -9999 -9999 -9999 -9999 -9999 -9999 -9999 -9999 -9999 -9999 -9999 342 342 347 352 356 360 373 387 391 396 398 401 423 445 438 431 433 435 478 521 517 512 489 466 393 321 321 321 326 330 336 342 356 370 369 368 375 382 366 350 355 360 315 270 256 243 238 234 233 232 231 230 228 227 226 225 226 227 226 226 225 225 220 215 213 210 208 207 206
-9999 -9999 -9999 -9999 -9999 -9999 -9999 -9999 -9999 -9999 -9999 -9999 -9999 -9999 -9999 -9999 -9999 -9999 -9999 -9999 -9999 -9999 -9999 -9999 -9999 -9999 343 343 349 354 352 351 369 387 390 393 394 395 404 413 412 411 415 418 443 467 463 459 434 409 371 332 326 319 329 338 337 336 332 329 333 337 338 338 326 314 325 336 307 278 257 237 236 234 236 238 235 232 232 231 230 228 232 235 232 229 231 232 229 226 219 212 215 218 222
-9999 -9999 -9999 -9999 -9999 -9999 -9999 -9999 -9999 -9999 -9999 -9999 -9999 -9999 -9999 -9999 -9999 -9999 -9999 -9999 -9999 -9999 -9999 -9999 -9999 -9999 344 344 350 357 349 341 364 387 388 390 389 389 385 381 386 392 397 401 407 413 410 406 379 352 348 344 331 317 332 347 338 329 309 288 297 305 300 294 286 278 295 312 299 285 259 232 233 234 239 243 239 234 235 235 233 231 238 244 239 233 236 238 238 237 225 214 222 230 238
-9999 -9999 -9999 -9999 -9999 -9999 -9999 -9999 -9999 -9999 -9999 -9999 -9999 -9999 -9999 -9999 -9999 -9999 -9999 -9999 -9999 -9999 -9999 -9999 -9999 347 348 348 355 363 362 362 378 395 398 401 396 391 383 375 390 406 408 410 408 405 391 376 362 349 339 330 326 322 327 332 330 327 315 302 300 297 293 289 280 272 279 286 279 272 255 238 238 238 241 245 240 236 240 245 239 233 236 240 238 237 240 243 245 247 238 229 230 232 239
-9999 -9999 -9999 -9999 -9999 -9999 -9999 -9999 -9999 -9999 -9999 -9999 -9999 -9999 -9999 -9999 -9999 -9999 -9999 -9999 -9999 -9999 -9999 -9999 347 347 349 352 360 369 376 382 392 403 407 412 402 393 381 369 394 420 419 419 408 397 371 346 346 346 330 315 321 327 322 317 321 325 320 315 302 290 286 283 274 265 263 261 260 258 251 244 242 241 244 246 242 238 246 254 244 234 235 236 238 240 244 248 253 257 250 243 239 234 240
