homework/Homework_5_files/or_precip_1983_01.asc
ncols 407
nrows 229
xllcorner -124.73958333333
yllcorner 41.73958333333
cellsize 0.02083333333
NODATA_value -9999
[rows 0 to 43 of 229, columns 288 to 383 of 407]
-9999 -9999 -9999 -9999 -9999 -9999 -9999 -9999 -9999 -9999 -9999 -9999 -9999 -9999 -9999 -9999 -9999 -9999 -9999 -9999 -9999 -9999 -9999 -9999 -9999 -9999 -9999 -9999 -9999 -9999 -9999 -9999 -9999 -9999 -9999 -9999 -9999 -9999 -9999 -9999 -9999 -9999 -9999 -9999 -9999 -9999 -9999 -9999 -9999 -9999 -9999 -9999 -9999 -9999 -9999 -9999 -9999 -9999 -9999 -9999 -9999 -9999 -9999 -9999 -9999 -9999 -9999 -9999 -9999 -9999 -9999 -9999 -9999 -9999 -9999 -9999 -9999 -9999 -9999 -9999 -9999 -9999 -9999 -9999 -9999 -9999 -9999 -9999 -9999 -9999 -9999 -9999 -9999 -9999 -9999 -9999
-9999 -9999 -9999 -9999 -9999 -9999 -9999 -9999 -9999 -9999 -9999 -9999 -9999 -9999 -9999 -9999 -9999 -9999 -9999 -9999 -9999 -9999 -9999 -9999 -9999 -9999 -9999 -9999 -9999 -9999 -9999 -9999 -9999 -9999 -9999 -9999 -9999 -9999 -9999 -9999 -9999 -9999 -9999 -9999 -9999 -9999 -9999 -9999 -9999 -9999 -9999 -9999 -9999 -9999 -9999 -9999 -9999 -9999 -9999 -9999 -9999 -9999 -9999 -9999 -9999 -9999 -9999 -9999 -9999 -9999 -9999 -9999 -9999 -9999 -9999 -9999 -9999 -9999 -9999 -9999 -9999 -9999 -9999 -9999 -9999 -9999 -9999 -9999 -9999 -9999 -9999 -9999 -9999 -9999 -9999 -9999
-9999 -9999 -9999 -9999 -9999 -9999 -9999 -9999 -9999 -9999 -9999 -9999 -9999 -9999 -9999 -9999 -9999 -9999 -9999 -9999 -9999 -9999 -9999 -9999 -9999 -9999 -9999 -9999 -9999 -9999 -9999 -9999 -9999 -9999 -9999 -9999 -9999 -9999 -9999 -9999 -9999 -9999 -9999 -9999 -9999 -9999 -9999 -9999 -9999 -9999 -9999 -9999 -9999 -9999 -9999 -9999 -9999 -9999 -9999 -9999 -9999 -9999 -9999 -9999 -9999 -9999 -9999 -9999 -9999 -9999 -9999 -9999 -9999 -9999 -9999 -9999 -9999 -9999 -9999 -9999 -9999 -9999 -9999 -9999 -9999 -9999 -9999 -9999 -9999 -9999 -9999 -9999 -9999 -9999 -9999 -9999
-9999 -9999 -9999 -9999 -9999 -9999 -9999 -9999 -9999 -9999 -9999 -9999 -9999 -9999 -9999 -9999 -9999 -9999 -9999 -9999 -9999 -9999 -9999 -9999 -9999 -9999 -9999 -9999 -9999 -9999 -9999 -9999 -9999 -9999 -9999 -9999 -9999 -9999 -9999 -9999 -9999 -9999 -9999 -9999 -9999 -9999 -9999 -9999 -9999 -9999 -9999 -9999 -9999 -9999 -9999 -9999 -9999 -9999 -9999 -9999 -9999 -9999 -9999 -9999 -9999 -9999 -9999 -9999 -9999 -9999 -9999 -9999 -9999 -9999 -9999 -9999 -9999 -9999 -9999 -9999 -9999 -9999 -9999 -9999 -9999 -9999 -9999 -9999 -9999 -9999 -9999 -9999 -9999 -9999 -9999 -9999
-9999 -9999 -9999 -9999 -9999 -9999 -9999 -9999 -9999 -9999 -9999 -9999 -9999 -9999 -9999 -9999 -9999 -9999 -9999 -9999 -9999 -9999 -9999 -9999 -9999 -9999 -9999 -9999 -9999 -9999 -9999 -9999 -9999 -9999 -9999 -9999 -9999 -9999 -9999 -9999 -9999 -9999 -9999 -9999 -9999 -9999 -9999 -9999 -9999 -9999 -9999 -9999 -9999 -9999 -9999 -9999 -9999 -9999 -9999 -9999 -9999 -9999 -9999 -9999 -9999 -9999 -9999 -9999 -9999 -9999 -9999 -9999 -9999 -9999 -9999 -9999 -9999 -9999 -9999 -9999 -9999 -9999 -9999 -9999 -9999 -9999 -9999 -9999 -9999 -9999 -9999 -9999 -9999 -9999 -9999 -9999
-9999 -9999 -9999 -9999 -9999 -9999 -9999 -9999 -9999 -9999 -9999 -9999 -9999 -9999 -9999 -9999 -9999 -9999 -9999 -9999 -9999 -9999 -9999 -9999 -9999 -9999 -9999 -9999 -9999 -9999 -9999 -9999 -9999 -9999 -9999 -9999 -9999 -9999 -9999 -9999 -9999 -9999 -9999 -9999 -9999 -9999 -9999 -9999 -9999 -9999 -9999 -9999 -9999 -9999 -9999 -9999 -9999 -9999 -9999 -9999 -9999 -9999 -9999 -9999 -9999 -9999 -9999 -9999 -9999 -9999 -9999 -9999 -9999 -9999 -9999 -9999 -9999 -9999 -9999 -9999 -9999 -9999 -9999 -9999 -9999 -9999 -9999 -9999 -9999 -9999 -9999 -9999 -9999 -9999 -9999 -9999
-9999 -9999 -9999 -9999 -9999 -9999 -9999 -9999 -9999 -9999 -9999 -9999 -9999 -9999 -9999 -9999 -9999 -9999 -9999 -9999 -9999 -9999 -9999 -9999 -9999 -9999 -9999 -9999 -9999 -9999 -9999 -9999 -9999 -9999 -9999 -9999 -9999 -9999 -9999 -9999 -9999 -9999 -9999 -9999 -9999 -9999 -9999 -9999 -9999 -9999 -9999 -9999 -9999 -9999 -9999 -9999 -9999 -9999 -9999 -9999 -9999 -9999 -9999 -9999 -9999 -9999 -9999 -9999 -9999 -9999 -9999 -9999 -9999 -9999 -9999 -9999 -9999 -9999 -9999 -9999 -9999 -9999 -9999 -9999 -9999 -9999 -9999 -9999 -9999 -9999 -9999 -9999 -9999 -9999 -9999 -9999
-9999 -9999 -9999 -9999 -9999 -9999 -9999 -9999 -9999 -9999 -9999 -9999 -9999 -9999 -9999 -9999 -9999 -9999 -9999 -9999 -9999 -9999 -9999 -9999 -9999 -9999 -9999 -9999 -9999 -9999 -9999 -9999 -9999 -9999 -9999 -9999 -9999 -9999 -9999 -9999 -9999 -9999 -9999 -9999 -9999 -9999 -9999 -9999 -9999 -9999 -9999 -9999 -9999 -9999 -9999 -9999 -9999 -9999 -9999 -9999 -9999 -9999 -9999 -9999 -9999 -9999 -9999 -9999 -9999 -9999 -9999 -9999 -9999 -9999 -9999 -9999 -9999 -9999 -9999 -9999 -9999 -9999 -9999 -9999 -9999 -9999 -9999 -9999 -9999 -9999 -9999 -9999 -9999 -9999 -9999 -9999
-9999 -9999 -9999 -9999 -9999 -9999 -9999 -9999 -9999 -9999 -9999 -9999 -9999 -9999 -9999 -9999 -9999 -9999 -9999 -9999 -9999 -9999 -9999 -9999 -9999 -9999 -9999 -9999 -9999 -9999 -9999 -9999 -9999 -9999 -9999 -9999 -9999 -9999 -9999 -9999 -9999 -9999 -9999 -9999 -9999 -9999 -9999 -9999 -9999 -9999 -9999 -9999 -9999 -9999 -9999 -9999 -9999 -9999 -9999 -9999 -9999 -9999 -9999 -9999 -9999 -9999 -9999 -9999 -9999 -9999 -9999 -9999 -9999 -9999 -9999 -9999 -9999 -9999 -9999 -9999 -9999 -9999 -9999 -9999 -9999 -9999 -9999 -9999 -9999 -9999 -9999 -9999 -9999 -9999 -9999 -9999
-9999 -9999 -9999 -9999 -9999 -9999 -9999 -9999 -9999 -9999 -9999 -9999 -9999 -9999 -9999 -9999 -9999 -9999 -9999 -9999 -9999 -9999 -9999 -9999 -9999 -9999 -9999 -9999 -9999 -9999 -9999 -9999 -9999 -9999 -9999 -9999 -9999 -9999 -9999 -9999 -9999 -9999 -9999 -9999 -9999 -9999 -9999 -9999 -9999 -9999 -9999 -9999 -9999 -9999 -9999 -9999 -9999 -9999 -9999 -9999 -9999 -9999 -9999 -9999 -9999 -9999 -9999 -9999 -9999 -9999 -9999 -9999 -9999 -9999 -9999 -9999 -9999 -9999 -9999 -9999 -9999 -9999 -9999 -9999 -9999 -9999 -9999 -9999 -9999 -9999 -9999 -9999 -9999 -9999 -9999 -9999
-9999 -9999 -9999 -9999 -9999 -9999 -9999 -9999 -9999 -9999 -9999 -9999 -9999 -9999 -9999 -9999 -9999 -9999 -9999 -9999 -9999 -9999 -9999 -9999 -9999 -9999 -9999 -9999 -9999 -9999 -9999 -9999 -9999 -9999 -9999 -9999 -9999 -9999 -9999 -9999 -9999 -9999 -9999 -9999 -9999 -9999 -9999 -9999 -9999 -9999 -9999 -9999 -9999 -9999 -9999 -9999 -9999 -9999 -9999 -9999 -9999 -9999 -9999 -9999 -9999 -9999 -9999 -9999 -9999 -9999 -9999 -9999 -9999 -9999 -9999 -9999 -9999 -9999 -9999 -9999 -9999 -9999 -9999 -9999 -9999 -9999 -9999 -9999 -9999 -9999 -9999 -9999 -9999 -9999 -9999 -9999
-9999 -9999 -9999 -9999 -9999 -9999 -9999 -9999 -9999 -9999 -9999 -9999 -9999 -9999 -9999 -9999 -9999 -9999 -9999 -9999 -9999 -9999 -9999 -9999 -9999 -9999 -9999 -9999 -9999 -9999 -9999 -9999 -9999 -9999 -9999 -9999 -9999 -9999 -9999 -9999 -9999 -9999 -9999 -9999 -9999 -9999 -9999 -9999 -9999 -9999 -9999 -9999 -9999 -9999 -9999 -9999 -9999 -9999 -9999 -9999 -9999 -9999 -9999 -9999 -9999 -9999 -9999 -9999 -9999 -9999 -9999 -9999 -9999 -9999 -9999 -9999 -9999 -9999 -9999 -9999 -9999 -9999 -9999 -9999 -9999 -9999 -9999 -9999 -9999 -9999 -9999 -9999 -9999 -9999 -9999 -9999
-9999 -9999 -9999 -9999 -9999 -9999 -9999 -9999 -9999 -9999 -9999 -9999 -9999 -9999 -9999 -9999 -9999 -9999 -9999 -9999 -9999 -9999 -9999 -9999 -9999 -9999 -9999 -9999 -9999 -9999 -9999 -9999 -9999 -9999 -9999 -9999 -9999 -9999 -9999 -9999 -9999 -9999 -9999 -9999 -9999 -9999 -9999 -9999 -9999 -9999 -9999 -9999 -9999 -9999 -9999 -9999 -9999 -9999 -9999 -9999 -9999 -9999 -9999 -9999 -9999 -9999 -9999 -9999 -9999 -9999 -9999 -9999 -9999 -9999 -9999 -9999 -9999 -9999 -9999 -9999 -9999 -9999 -9999 -9999 -9999 -9999 -9999 -9999 -9999 -9999 -9999 -9999 -9999 -9999 -9999 -9999
-9999 -9999 -9999 -9999 -9999 -9999 -9999 -9999 -9999 -9999 -9999 -9999 -9999 -9999 -9999 -9999 -9999 -9999 -9999 -9999 -9999 -9999 -9999 -9999 -9999 -9999 -9999 -9999 -9999 -9999 -9999 -9999 -9999 -9999 -9999 -9999 -9999 -9999 -9999 -9999 -9999 -9999 -9999 -9999 -9999 -9999 -9999 -9999 -9999 -9999 -9999 -9999 -9999 -9999 -9999 -9999 -9999 -9999 -9999 -9999 -9999 -9999 -9999 -9999 -9999 -9999 -9999 -9999 -9999 -9999 -9999 -9999 -9999 -9999 -9999 -9999 -9999 -9999 -9999 -9999 -9999 -9999 -9999 -9999 -9999 -9999 -9999 -9999 -9999 -9999 -9999 -9999 -9999 -9999 -9999 -9999
-9999 -9999 -9999 -9999 -9999 -9999 -9999 -9999 -9999 -9999 -9999 -9999 -9999 -9999 -9999 -9999 -9999 -9999 -9999 -9999 -9999 -9999 -9999 -9999 -9999 -9999 -9999 -9999 -9999 -9999 -9999 -9999 -9999 -9999 -9999 -9999 -9999 -9999 -9999 -9999 -9999 -9999 -9999 -9999 -9999 -9999 -9999 -9999 -9999 -9999 -9999 -9999 -9999 -9999 -9999 -9999 -9999 -9999 -9999 -9999 -9999 -9999 -9999 -9999 -9999 -9999 -9999 -9999 -9999 -9999 -9999 -9999 -9999 -9999 -9999 -9999 -9999 -9999 -9999 -9999 -9999 -9999 -9999 -9999 -9999 -9999 -9999 -9999 -9999 -9999 -9999 -9999 -9999 -9999 -9999 -9999
-9999 -9999 -9999 -9999 -9999 -9999 -9999 -9999 -9999 -9999 -9999 -9999 -9999 -9999 -9999 -9999 -9999 -9999 -9999 -9999 -9999 -9999 -9999 -9999 -9999 -9999 -9999 -9999 -9999 -9999 -9999 -9999 -9999 -9999 -9999 -9999 -9999 -9999 -9999 -9999 -9999 -9999 -9999 -9999 -9999 -9999 -9999 -9999 -9999 -9999 -9999 -9999 -9999 -9999 -9999 -9999 -9999 -9999 -9999 -9999 -9999 -9999 -9999 -9999 -9999 -9999 -9999 -9999 -9999 -9999 -9999 -9999 -9999 -9999 -9999 -9999 -9999 -9999 -9999 -9999 -9999 -9999 -9999 -9999 -9999 -9999 -9999 -9999 -9999 -9999 -9999 -9999 -9999 -9999 -9999 -9999
-9999 -9999 -9999 -9999 -9999 -9999 -9999 -9999 -9999 -9999 -9999 -9999 -9999 -9999 -9999 -9999 -9999 -9999 -9999 -9999 -9999 -9999 -9999 -9999 -9999 -9999 -9999 -9999 -9999 -9999 -9999 -9999 -9999 -9999 -9999 -9999 -9999 -9999 -9999 -9999 -9999 -9999 -9999 -9999 -9999 -9999 -9999 -9999 -9999 -9999 -9999 -9999 -9999 -9999 -9999 -9999 -9999 -9999 -9999 -9999 -9999 -9999 -9999 -9999 -9999 -9999 -9999 -9999 -9999 -9999 -9999 -9999 -9999 -9999 -9999 -9999 -9999 -9999 -9999 -9999 -9999 -9999 -9999 -9999 -9999 -9999 -9999 -9999 -9999 -9999 -9999 -9999 -9999 -9999 -9999 -9999
-9999 -9999 -9999 -9999 -9999 -9999 -9999 -9999 -9999 -9999 -9999 -9999 -9999 -9999 -9999 -9999 -9999 -9999 -9999 -9999 -9999 -9999 -9999 -9999 -9999 -9999 -9999 -9999 -9999 -9999 -9999 -9999 -9999 -9999 -9999 -9999 -9999 -9999 -9999 -9999 -9999 -9999 -9999 -9999 -9999 -9999 -9999 -9999 -9999 -9999 -9999 -9999 -9999 -9999 -9999 -9999 -9999 -9999 -9999 -9999 -9999 -9999 -9999 -9999 -9999 -9999 -9999 -9999 -9999 -9999 -9999 -9999 -9999 -9999 -9999 -9999 -9999 -9999 -9999 -9999 -9999 -9999 -9999 -9999 -9999 -9999 -9999 -9999 -9999 -9999 -9999 -9999 -9999 -9999 -9999 -9999
-9999 -9999 -9999 -9999 -9999 -9999 -9999 -9999 -9999 -9999 -9999 -9999 -9999 -9999 -9999 -9999 -9999 -9999 -9999 -9999 -9999 -9999 -9999 -9999 -9999 -9999 -9999 -9999 -9999 -9999 -9999 -9999 -9999 -9999 -9999 -9999 -9999 -9999 -9999 -9999 -9999 -9999 -9999 -9999 -9999 -9999 -9999 -9999 -9999 -9999 -9999 -9999 -9999 -9999 -9999 -9999 -9999 -9999 -9999 -9999 -9999 -9999 -9999 -9999 -9999 -9999 -9999 -9999 -9999 -9999 -9999 -9999 -9999 -9999 -9999 -9999 -9999 -9999 -9999 -9999 -9999 -9999 -9999 -9999 -9999 -9999 -9999 -9999 -9999 -9999 -9999 -9999 -9999 -9999 -9999 -9999
-9999 -9999 -9999 -9999 -9999 -9999 -9999 -9999 -9999 -9999 -9999 -9999 -9999 -9999 -9999 -9999 -9999 -9999 -9999 -9999 -9999 -9999 -9999 -9999 -9999 -9999 -9999 -9999 -9999 -9999 -9999 -9999 -9999 -9999 -9999 -9999 -9999 -9999 -9999 -9999 -9999 -9999 -9999 -9999 -9999 -9999 -9999 -9999 -9999 -9999 -9999 -9999 -9999 -9999 -9999 -9999 -9999 -9999 -9999 -9999 -9999 -9999 -9999 -9999 -9999 -9999 -9999 -9999 -9999 -9999 -9999 -9999 -9999 -9999 -9999 -9999 -9999 -9999 -9999 -9999 -9999 -9999 -9999 -9999 -9999 -9999 -9999 -9999 -9999 -9999 -9999 -9999 -9999 -9999 -9999 -9999
-9999 -9999 -9999 38 39 40 40 40 41 41 41 41 42 43 45 47 48 50 52 53 56 58 60 61 65 68 69 69 86 102 121 139 148 157 167 176 184 192 215 237 241 244 240 236 230 225 208 190 165 140 158 175 117 59 56 53 49 45 40 36 -9999 -9999 -9999 -9999 -9999 -9999 -9999 -9999 -9999 -9999 -9999 -9999 -9999 -9999 -9999 -9999 -9999 -9999 -9999 -9999 -9999 -9999 -9999 -9999 -9999 -9999 -9999 -9999 -9999 -9999 -9999 -9999 -9999 -9999 -9999 -9999
39 39 39 38 39 40 40 40 40 40 41 41 42 43 44 46 48 49 51 53 55 57 59 61 65 68 72 77 94 112 126 141 152 163 173 184 186 189 218 247 241 234 243 252 243 234 220 206 170 133 139 145 103 60 53 45 42 38 36 33 35 36 31 26 24 22 22 22 23 24 20 17 18 18 19 19 19 18 20 21 21 20 20 19 18 17 16 16 -9999 -9999 -9999 -9999 -9999 -9999 -9999 -9999
36 36 37 38 39 39 39 39 39 40 40 41 42 42 44 46 47 49 51 53 54 55 58 60 64 69 76 84 103 122 132 142 155 169 180 191 189 187 222 257 240 224 246 268 255 243 232 222 174 127 120 114 88 62 50 37 34 32 31 31 29 27 26 25 24 23 22 22 22 22 19 17 17 17 13 10 10 10 13 17 17 17 17 16 16 16 16 16 21 -9999 -9999 -9999 -9999 -9999 -9999 -9999
39 39 39 39 40 40 40 40 40 40 41 42 42 42 44 45 46 48 50 52 54 56 59 62 69 75 96 117 123 129 137 145 152 160 167 174 191 209 234 260 240 220 233 246 240 233 227 222 162 102 97 93 78 64 55 47 41 35 33 31 29 28 27 26 25 24 23 21 22 23 21 19 19 19 17 14 14 14 15 17 16 16 18 20 19 19 15 12 17 23 -9999 -9999 -9999 -9999 -9999 -9999
41 43 41 40 41 41 41 41 41 41 42 42 42 42 43 44 45 47 49 52 54 56 60 64 73 82 116 150 143 136 142 147 149 150 154 158 194 230 246 262 239 216 221 225 224 223 222 221 149 77 74 71 68 65 61 57 48 39 35 31 30 28 28 27 26 26 23 21 22 23 22 21 21 21 20 18 18 18 17 16 16 15 19 23 22 22 15 8 13 19 27 -9999 -9999 -9999 -9999 -9999
43 46 44 42 42 42 42 42 42 42 41 41 41 41 41 41 43 44 47 50 54 58 62 67 74 81 117 152 154 155 159 162 162 162 172 182 208 234 235 236 232 228 217 207 184 161 159 157 120 82 83 83 76 69 61 54 47 41 35 28 28 27 28 29 30 30 31 31 31 32 30 28 26 24 20 17 17 17 17 17 17 18 22 26 25 23 18 13 13 14 22 31 -9999 -9999 -9999 -9999
45 50 47 44 44 43 43 44 43 42 41 40 39 39 39 38 40 42 45 49 54 59 64 69 75 81 118 155 165 175 176 177 176 174 190 206 222 238 224 210 225 240 214 189 145 100 97 93 90 87 91 95 84 73 62 50 46 43 34 25 25 25 28 30 33 35 38 41 41 41 38 35 31 26 21 16 17 17 17 18 19 20 25 30 27 25 21 18 13 9 17 25 26 -9999 -9999 -9999
49 52 52 52 51 51 51 51 50 48 46 44 44 45 44 44 44 45 48 51 55 58 64 70 83 96 125 155 170 184 184 184 184 185 202 219 227 235 221 207 210 212 198 184 165 146 149 152 131 110 103 97 84 72 64 56 51 47 41 35 32 30 35 40 42 45 44 42 42 42 39 35 30 25 22 18 21 23 22 20 21 22 25 27 29 31 26 20 15 9 17 25 26 27 -9999 -9999
53 54 57 59 59 60 59 58 57 55 52 48 50 51 50 49 48 48 50 53 55 58 65 71 91 110 133 156 175 194 192 190 193 196 214 232 232 233 219 204 194 184 182 179 185 191 201 211 172 133 116 99 85 71 66 61 56 52 48 44 39 35 42 50 52 54 49 44 44 44 40 35 29 23 22 20 25 29 26 23 23 24 24 24 31 38 30 23 16 10 17 25 26 27 -9999 -9999
54 55 57 58 59 59 59 60 59 59 57 54 54 53 52 51 51 51 53 56 59 63 64 65 81 96 125 153 166 179 179 178 186 195 201 207 215 224 217 210 202 194 198 202 201 200 194 187 147 107 95 84 75 67 58 49 51 54 49 45 44 43 48 54 54 55 51 48 46 45 40 35 32 29 29 30 36 42 36 29 34 38 36 34 36 37 31 24 18 13 15 17 19 21 14 8
54 56 57 57 58 59 60 61 62 64 62 60 58 56 55 53 54 54 56 58 63 68 63 58 70 83 117 151 158 165 166 167 180 193 187 181 198 215 215 215 210 204 214 224 217 209 186 163 122 81 75 69 66 63 50 37 46 56 50 45 48 51 54 58 57 56 53 51 49 46 40 34 35 35 37 39 47 55 46 36 44 52 48 44 41 37 31 24 20 16 12 9 12 15 12 9
53 55 55 55 56 56 57 58 59 60 59 58 57 55 54 53 55 57 61 65 72 79 80 81 90 99 109 118 128 137 142 147 163 178 187 196 203 211 202 193 192 190 198 205 199 192 160 127 116 106 92 79 76 73 66 59 58 58 55 53 54 55 57 59 56 54 52 50 49 48 42 37 35 34 43 52 55 57 52 47 50 52 50 47 44 40 34 27 24 22 18 14 16 19 16 12
53 53 53 53 54 54 55 56 56 57 57 57 56 55 54 53 57 61 66 72 81 90 96 103 109 115 100 86 98 110 119 128 146 164 187 211 209 207 189 172 174 176 181 186 180 175 133 91 111 130 109 88 85 83 82 81 71 60 61 61 60 58 60 61 56 52 50 48 48 49 45 40 36 33 49 65 62 59 58 58 55 53 51 50 47 44 37 29 29 28 24 19 21 23 19 15
49 50 50 50 51 52 52 53 53 54 55 56 56 55 55 55 65 75 77 79 85 90 96 102 108 115 111 107 122 137 145 153 167 180 188 195 191 187 172 157 155 153 158 163 160 156 122 87 102 118 106 93 91 89 92 95 83 71 70 69 66 63 59 55 55 55 53 51 51 51 47 42 39 36 44 52 52 53 52 52 53 54 51 49 46 43 38 34 33 32 28 24 24 23 19 15
46 47 47 47 48 49 49 49 50 52 54 56 56 56 57 58 73 88 88 87 89 90 95 100 107 114 122 129 146 163 171 179 188 196 188 180 173 166 154 142 135 129 135 141 139 137 110 83 94 105 102 99 97 96 103 109 96 82 79 77 72 68 59 50 54 58 56 53 53 53 49 44 42 39 39 38 42 47 47 47 51 55 51 47 44 42 40 38 37 35 32 29 27 24 19 14
43 44 44 45 46 47 47 46 48 50 53 57 59 61 63 65 77 89 89 89 90 90 91 92 98 105 118 131 139 147 161 175 189 202 190 177 161 144 133 121 115 108 117 126 116 105 97 88 102 115 110 106 103 101 102 103 95 86 82 77 73 68 62 56 57 58 56 53 53 53 47 41 41 41 40 39 42 46 45 43 47 50 47 44 42 41 40 39 37 35 33 30 25 20 17 13
40 41 42 42 43 45 44 44 46 49 53 57 62 66 69 73 81 89 90 91 90 90 87 84 90 95 114 133 132 131 151 171 190 209 191 173 148 122 112 101 94 88 99 111 93 74 84 94 109 124 118 113 109 106 102 97 94 91 85 78 73 69 66 63 60 58 56 53 53 52 45 39 41 43 42 40 42 45 42 40 43 45 43 41 41 41 40 40 38 35 33 31 24 16 14 13
39 41 42 43 44 45 43 42 45 48 53 57 63 68 72 76 80 84 84 85 88 90 93 95 97 98 110 123 129 135 161 186 201 216 204 192 163 135 113 91 84 77 82 87 78 68 82 96 102 109 106 104 103 102 97 92 89 86 83 80 76 72 69 66 63 59 57 54 53 53 46 39 41 44 42 40 41 42 41 40 41 43 42 41 41 41 38 36 34 33 31 28 21 14 14 14
38 40 42 43 44 45 42 40 44 48 53 58 64 71 75 79 79 78 79 79 85 91 99 107 104 101 107 113 126 139 170 201 212 223 216 210 178 147 114 80 73 67 65 63 63 63 81 98 96 94 94 95 96 97 92 88 84 81 81 81 78 76 73 70 65 61 58 55 54 54 47 39 42 44 42 40 40 40 40 40 40 40 41 41 41 41 36 31 31 31 28 25 19 12 14 15
37 39 41 42 42 43 42 41 43 46 54 63 66 69 75 80 80 80 83 85 89 94 102 110 108 107 108 110 134 157 177 198 204 211 192 174 150 126 104 83 77 71 71 71 71 71 75 80 85 89 90 92 92 91 87 82 78 74 75 75 76 76 73 69 65 61 60 58 55 53 46 39 40 41 38 35 35 35 35 35 36 36 36 36 38 39 36 33 30 27 24 20 18 15 15 15
35 38 39 41 41 40 41 42 43 44 56 68 68 68 75 81 82 83 86 90 93 97 105 113 113 113 110 108 141 174 184 194 197 200 169 138 121 104 95 86 80 74 77 80 79 79 70 62 73 84 86 88 87 85 81 77 72 67 68 69 73 77 73 69 65 62 61 61 57 52 46 39 39 38 35 31 31 30 30 30 32 33 32 32 34 37 36 34 29 23 19 15 17 18 17 16
36 39 39 38 40 43 50 57 59 62 69 77 79 80 81 81 83 85 88 91 98 105 112 120 125 129 130 130 146 161 162 162 173 183 158 132 113 95 93 91 84 78 79 80 79 78 73 69 72 75 75 76 77 78 73 68 64 60 64 68 71 75 71 68 64 61 59 57 54 51 45 39 37 36 32 28 28 27 27 27 28 29 30 32 33 34 31 29 26 23 20 16 18 20 19 18
37 41 38 35 40 45 58 71 75 80 82 85 89 93 87 80 84 88 90 92 102 112 119 126 136 146 150 153 150 148 139 130 148 167 146 126 106 86 91 95 88 81 80 80 79 78 77 75 70 65 64 63 67 71 65 59 56 53 61 68 70 72 70 67 63 60 56 53 52 51 45 39 36 33 29 25 25 24 24 24 25 26 29 32 31 30 27 24 23 23 20 18 19 21 21 21
35 37 36 36 47 59 68 77 80 82 85 88 91 94 90 87 90 94 90 85 95 104 120 135 140 144 141 139 147 155 137 119 127 136 125 114 102 91 90 89 86 84 83 82 80 78 77 76 73 71 70 70 75 79 69 58 54 51 56 62 65 68 65 63 60 58 54 51 49 46 42 38 35 32 28 25 25 24 24 24 25 26 26 27 27 26 25 23 24 25 20 15 19 23 21 19
