homework/Homework_5_files/or_precip_1983_11.asc
ncols 407
nrows 229
xllcorner -124.73958333333
yllcorner 41.73958333333
cellsize 0.02083333333
NODATA_value -9999
[rows 84 to 125 of 229, columns 192 to 287 of 407]
51 54 57 60 57 54 51 47 42 37 38 40 39 37 38 39 37 35 40 46 46 46 46 46 44 42 41 40 39 37 41 45 45 45 46 47 52 56 53 51 56 61 58 55 57 58 55 51 50 49 45 42 41 40 43 45 43 40 40 41 47 53 47 41 43 44 51 58 66 74 77 80 81 81 82 82 80 78 80 82 83 83 84 85 83 81 82 83 84 84 85 85 91 97 108 119
51 54 59 65 64 63 53 44 40 37 38 39 37 36 37 38 38 38 41 44 44 43 44 44 42 41 40 40 39 37 39 42 43 43 48 53 55 58 58 58 59 60 56 52 54 55 53 51 51 51 45 39 38 38 44 49 46 42 42 43 47 51 45 39 45 52 61 71 74 77 78 79 82 85 82 79 78 78 80 82 82 82 86 89 85 80 82 85 85 86 85 85 87 90 98 105
52 55 62 69 70 71 56 40 39 37 38 38 36 34 35 36 39 42 42 42 41 40 42 43 41 39 40 40 39 37 38 39 40 41 49 58 59 60 63 65 62 58 54 49 50 52 52 51 53 54 45 36 36 36 45 53 49 44 44 44 47 49 43 36 48 59 71 84 82 80 79 78 83 88 82 76 76 77 80 83 82 81 87 94 87 79 83 86 87 87 86 85 84 84 88 92
55 53 58 64 68 72 63 54 49 45 41 37 36 36 45 54 53 52 49 46 42 38 39 39 39 39 41 43 38 34 38 43 46 48 56 64 74 84 76 68 67 66 65 63 67 70 66 61 58 55 43 31 31 32 47 62 58 55 59 63 59 56 47 37 51 65 75 85 82 79 77 74 76 77 77 76 76 76 81 85 84 83 86 88 84 80 83 86 89 91 89 87 86 85 87 89
59 51 55 59 66 73 70 68 60 52 43 35 36 38 55 71 66 61 55 49 43 36 36 36 37 38 42 45 38 30 39 47 51 56 63 71 90 109 90 71 72 73 76 78 83 88 79 70 63 56 41 27 27 27 48 70 68 67 74 81 72 63 50 38 54 71 79 87 83 78 74 70 68 66 71 76 76 76 82 88 87 86 84 82 81 81 84 87 91 95 92 89 87 86 86 87
65 59 58 58 68 79 76 73 72 70 65 59 54 49 62 76 65 53 48 43 38 34 34 35 35 34 34 34 33 31 38 45 54 62 69 75 86 97 84 71 70 70 73 77 80 84 73 62 57 52 39 27 26 26 42 58 65 72 78 85 80 74 62 50 57 63 72 80 78 76 72 69 67 66 67 69 70 71 75 79 83 86 84 82 82 82 84 85 89 93 91 90 92 93 97 101
71 67 62 57 71 84 82 79 84 88 86 84 72 60 70 81 64 46 41 36 34 31 33 34 32 30 27 24 28 31 37 43 56 69 74 79 82 85 78 71 68 66 71 75 77 79 67 55 51 47 37 27 26 25 36 47 62 78 83 88 87 86 75 63 60 56 64 73 73 73 70 68 66 65 64 62 64 65 67 70 78 87 85 83 83 84 84 84 87 90 91 92 96 101 108 116
77 76 68 60 69 78 79 80 88 96 101 105 98 90 82 74 61 48 50 52 46 40 38 36 34 31 28 26 29 32 38 44 60 76 79 81 80 80 75 70 71 71 73 74 74 74 62 51 47 42 33 24 23 23 31 38 54 69 72 75 81 88 78 67 68 68 73 77 75 73 71 68 67 65 65 64 68 72 76 79 83 87 86 84 85 86 89 93 94 94 98 101 107 113 120 127
82 84 74 64 68 72 76 81 92 103 115 127 123 119 94 68 59 49 59 68 59 50 44 39 35 31 29 27 30 33 39 44 64 83 83 83 79 74 72 69 73 76 74 73 70 68 57 47 42 37 29 20 21 22 25 29 45 60 61 61 75 89 80 71 76 81 81 81 77 74 71 68 67 65 66 66 72 78 84 89 88 87 86 86 87 88 95 103 100 98 104 111 118 125 131 137
89 89 83 77 79 82 82 83 95 106 108 110 100 90 78 66 61 56 59 62 56 50 46 41 39 37 34 31 32 32 45 59 68 78 78 78 77 75 73 71 71 71 73 76 67 58 50 42 37 33 28 23 22 21 26 31 41 51 53 55 64 73 73 74 79 84 84 84 81 77 75 73 74 75 76 78 82 85 83 80 79 77 80 83 84 86 92 98 100 101 108 114 115 116 120 123
97 94 92 90 91 91 89 86 97 109 101 93 76 60 62 65 64 63 60 56 53 51 47 43 43 42 39 35 34 32 52 73 73 73 73 73 74 75 74 72 69 67 73 78 63 48 42 36 33 29 28 26 23 20 27 34 38 42 46 49 53 56 67 77 82 86 87 88 84 80 79 78 81 84 87 90 91 91 82 72 70 67 74 80 82 84 89 94 99 105 111 117 112 107 108 109
97 94 93 92 97 102 98 93 101 110 107 105 102 100 101 102 101 99 82 65 70 75 79 83 87 90 70 49 54 59 67 76 76 76 76 76 77 78 77 77 74 72 71 71 62 53 45 37 34 32 29 26 25 24 28 33 38 43 45 48 48 49 57 64 69 74 76 78 78 77 76 75 75 76 79 81 84 87 81 74 71 67 72 77 81 84 88 93 95 97 103 108 105 102 102 103
97 95 95 95 104 113 107 101 105 110 113 117 128 139 139 140 137 135 104 74 87 100 112 123 131 139 100 62 74 86 82 78 78 78 78 79 79 80 81 81 79 77 70 64 61 57 48 38 36 34 30 25 26 28 30 32 37 43 45 46 44 41 46 52 57 62 65 69 71 74 73 71 70 68 70 72 78 84 80 76 72 67 71 74 79 85 88 92 91 90 94 99 98 97 97 96
92 94 95 97 98 100 95 91 92 93 102 110 110 111 116 121 127 133 130 126 135 144 162 180 181 182 152 122 111 100 112 124 122 121 119 118 118 118 118 119 114 110 93 77 72 66 62 58 53 48 44 39 37 35 36 37 40 43 44 45 44 43 44 45 47 49 54 59 62 65 65 65 64 62 65 67 72 77 74 72 69 66 68 71 74 77 78 79 79 78 81 84 84 84 84 83
86 93 96 99 93 87 84 81 79 77 90 103 93 83 92 102 117 132 155 178 183 189 213 237 231 226 204 182 147 113 141 169 166 163 160 157 156 155 156 156 150 143 117 90 83 76 76 77 70 62 58 53 47 42 42 42 43 44 44 44 44 44 42 39 37 36 43 50 52 55 57 58 57 57 60 63 66 69 69 68 66 64 66 68 68 68 68 67 67 67 68 69 70 70 70 70
87 91 90 89 85 80 81 81 83 85 85 85 84 83 88 94 104 115 146 178 169 161 175 188 184 179 169 158 141 125 144 163 161 159 157 154 154 153 153 154 151 149 125 100 104 108 112 115 108 100 84 68 65 63 59 55 50 44 49 53 52 52 51 50 48 45 47 49 50 52 52 52 51 51 52 54 56 58 58 58 56 54 56 59 58 57 58 59 59 59 61 64 67 69 70 72
87 89 85 80 76 73 77 82 88 94 80 67 75 83 84 86 92 98 138 178 155 133 136 139 136 132 133 134 135 136 146 156 156 155 153 152 151 151 151 151 153 155 133 111 126 141 147 154 145 137 110 83 83 83 76 69 57 45 53 61 60 59 60 61 58 55 52 48 48 48 47 46 45 45 45 45 46 47 48 48 46 43 46 49 47 45 48 51 51 51 55 59 63 68 71 73
83 85 79 73 74 75 76 77 77 78 71 63 67 70 79 88 98 108 136 164 139 113 115 117 117 117 117 118 123 128 134 139 141 142 141 140 144 147 147 147 150 152 141 129 137 145 153 161 151 142 123 104 102 100 89 78 60 42 57 72 83 94 92 90 80 71 67 64 65 67 62 57 59 61 57 53 52 52 53 55 54 53 57 62 60 59 63 68 71 74 75 77 80 83 83 83
78 80 73 66 72 78 75 72 67 62 61 60 59 58 74 90 104 118 134 150 122 93 93 94 98 101 102 102 111 120 121 122 126 130 129 129 136 144 144 144 147 150 149 148 148 149 158 168 157 146 136 125 121 117 102 88 64 39 61 83 106 129 123 118 103 87 83 79 83 86 78 69 73 77 69 60 59 57 59 61 62 63 68 74 73 73 78 84 90 96 96 95 97 98 96 93
70 76 69 62 68 75 70 65 62 59 57 56 63 70 85 99 123 146 154 162 136 109 104 98 98 99 97 96 101 105 105 105 111 117 121 126 134 143 140 137 142 147 145 143 144 145 157 168 160 153 138 123 113 104 89 74 62 50 64 77 94 111 109 107 104 100 98 96 91 86 90 94 96 98 87 76 78 80 75 71 72 72 78 83 80 77 93 108 119 131 125 119 125 131 123 115
62 71 64 57 64 71 65 59 57 56 54 52 67 82 95 108 141 174 174 174 150 126 114 103 99 96 93 89 90 90 89 88 96 104 113 122 132 142 136 129 136 144 141 139 140 142 155 168 163 159 140 121 106 91 75 60 60 60 66 72 82 93 95 97 105 113 113 113 100 87 103 120 119 119 105 92 97 102 92 81 81 82 87 92 87 81 107 132 149 166 155 144 154 164 151 137
60 66 65 64 65 65 64 63 65 67 64 62 72 81 94 108 135 163 167 171 153 134 123 112 112 111 108 105 100 94 90 87 95 104 111 118 122 126 120 114 119 125 123 122 125 127 137 146 145 143 130 117 106 96 85 75 67 60 62 64 69 74 78 83 91 98 102 105 98 91 98 104 107 111 104 96 105 114 106 98 100 101 96 91 85 79 99 119 130 140 137 134 148 161 163 164
58 61 66 71 65 60 63 67 72 78 75 72 76 81 94 107 129 152 160 169 156 143 132 121 124 126 123 121 109 98 92 85 94 104 109 114 111 109 104 98 102 106 106 106 109 112 118 124 126 128 121 113 107 101 95 89 74 59 58 56 55 54 62 70 77 83 91 98 97 96 92 88 96 103 102 100 113 125 121 116 118 120 105 90 83 76 91 107 111 115 120 124 142 159 175 191
71 74 74 73 70 66 70 74 78 82 78 74 81 88 89 90 106 123 136 148 140 131 127 123 124 125 122 119 105 91 89 88 90 93 96 99 97 95 93 90 91 93 93 92 96 99 104 108 111 114 110 106 101 96 92 87 74 61 65 69 71 73 75 78 83 89 93 96 96 96 94 92 96 101 99 97 103 108 106 104 107 109 105 101 91 81 85 89 94 99 111 122 132 142 159 177
84 86 81 76 74 73 77 81 84 86 82 77 86 94 83 73 84 94 111 128 124 120 122 124 124 123 121 118 101 84 87 90 86 81 83 84 83 81 81 81 81 81 80 78 82 87 90 92 96 101 100 99 95 91 88 86 74 62 72 81 86 91 88 86 90 94 94 94 95 96 96 96 97 98 96 94 93 91 92 93 95 98 105 111 99 86 79 72 78 84 102 120 122 124 144 163
86 87 83 78 76 75 79 84 81 78 78 77 79 81 75 69 75 82 95 108 114 120 120 120 118 116 110 104 94 84 85 87 85 82 78 73 73 73 73 74 74 74 74 73 78 82 85 87 88 88 91 95 96 98 97 96 83 70 76 81 85 89 88 88 92 97 97 98 99 101 101 100 100 99 96 93 91 90 90 90 91 92 96 99 95 90 85 79 84 88 96 103 113 124 136 148
87 89 84 79 79 78 82 86 78 70 74 78 73 68 66 65 67 69 78 87 103 119 118 117 113 109 100 91 88 85 84 83 83 83 72 61 63 64 65 67 67 68 68 69 73 78 80 82 79 76 83 90 97 105 105 106 92 78 80 81 84 87 88 90 95 100 101 101 103 106 105 105 103 100 96 91 90 88 88 87 87 87 87 87 91 94 91 87 90 93 90 86 105 124 129 134
83 81 77 74 74 75 78 80 72 64 64 65 67 69 68 67 69 70 73 76 86 95 96 97 92 88 89 90 84 78 76 75 76 78 68 59 60 62 63 64 65 65 65 64 69 73 74 76 81 85 95 104 105 107 105 103 93 83 83 82 92 101 101 101 102 103 103 102 108 113 109 105 103 100 97 94 90 87 86 85 84 83 82 81 83 85 83 81 84 87 87 87 100 112 118 124
78 74 71 68 70 71 73 74 66 58 55 52 61 71 70 70 70 71 68 65 68 71 74 77 72 67 78 89 80 70 69 67 69 72 64 57 58 60 61 61 62 62 61 60 64 68 69 70 82 94 106 118 114 109 105 101 95 88 86 83 99 115 113 112 109 106 105 103 112 121 112 104 102 101 99 97 91 86 84 82 81 79 77 75 75 75 75 76 78 80 84 89 95 101 107 113
65 62 64 65 69 72 72 72 68 64 61 59 63 67 65 62 62 62 63 63 64 64 67 70 68 65 70 74 68 61 64 67 68 69 64 60 60 59 60 60 62 63 62 62 69 76 76 77 88 99 108 118 118 118 117 115 107 99 91 82 93 104 105 105 105 104 103 101 104 107 108 109 108 107 106 105 102 98 94 90 88 85 81 77 79 80 81 82 82 81 84 87 97 106 111 115
52 51 57 63 68 73 72 70 70 70 68 66 64 63 59 55 54 53 57 61 59 57 60 63 64 64 62 59 56 52 60 68 67 66 64 62 61 59 59 60 61 63 64 65 74 84 84 83 94 104 111 117 122 127 128 130 120 110 95 80 87 94 96 98 100 102 101 99 97 94 104 114 114 114 114 113 112 111 105 99 94 90 85 79 83 86 87 89 86 82 84 85 98 112 115 118
50 52 59 66 73 80 77 74 70 66 64 63 67 71 69 67 68 70 72 75 74 73 74 74 73 71 69 66 64 61 63 65 64 63 65 67 68 69 70 72 73 73 71 69 77 84 86 89 94 100 104 109 113 116 117 117 109 101 93 84 85 85 87 88 90 92 92 91 90 90 101 112 121 130 126 122 122 122 118 113 104 95 93 90 88 85 87 89 86 82 87 92 103 115 114 113
49 52 61 70 78 86 82 78 70 62 61 60 70 79 79 79 83 88 88 88 88 88 87 86 82 78 76 74 72 70 66 62 61 61 66 71 75 78 81 84 84 83 79 74 80 85 89 94 95 96 98 101 103 106 105 104 98 92 90 88 82 75 77 79 81 83 83 83 84 86 98 110 128 145 138 132 133 134 130 127 114 101 101 100 92 85 87 89 86 82 90 99 108 118 113 109
48 50 59 68 77 85 81 76 73 69 65 62 73 84 86 88 97 106 107 108 107 107 111 116 110 104 92 81 79 77 75 74 69 64 69 74 77 81 83 85 84 83 78 73 79 85 90 94 100 106 105 104 105 106 108 109 109 109 104 98 94 89 86 83 83 84 81 79 82 86 96 106 125 144 137 130 126 121 119 117 108 99 95 91 86 81 82 82 80 78 84 91 98 104 105 105
47 47 57 67 75 84 79 75 76 76 70 63 76 89 93 97 110 124 126 127 126 126 135 145 138 131 109 87 85 83 85 86 77 67 72 76 80 84 84 85 84 82 77 72 79 86 90 94 105 116 112 108 107 106 110 114 120 126 117 108 105 103 95 87 86 85 80 75 80 86 94 102 122 142 135 129 119 108 108 107 102 98 90 81 79 77 76 75 74 73 78 84 88 91 96 101
49 48 55 63 66 69 71 72 71 69 66 62 70 77 81 84 93 102 105 107 109 110 118 126 120 115 102 88 87 86 86 86 81 75 78 81 83 85 86 87 85 83 80 76 81 86 91 96 108 119 116 113 113 113 118 122 127 131 132 132 118 105 98 91 87 83 79 75 79 82 90 97 116 135 128 121 115 108 106 104 98 93 87 81 79 77 76 75 74 73 75 78 80 81 84 87
52 49 54 58 57 55 62 69 65 62 62 62 63 65 68 72 76 81 84 88 91 94 100 106 102 98 94 90 89 88 87 87 85 84 85 86 86 87 88 89 86 84 82 80 83 85 91 97 110 123 120 117 118 120 125 130 133 137 146 155 131 107 102 96 88 81 78 76 77 78 85 93 110 128 121 114 111 108 104 100 94 88 84 80 78 77 76 74 74 73 72 71 72 72 72 73
48 47 51 55 53 52 56 61 59 58 58 58 61 64 68 71 76 81 84 86 89 92 95 98 96 95 92 90 90 90 88 85 83 80 81 82 83 84 85 86 84 82 81 79 82 85 90 96 106 115 122 128 133 137 135 133 146 158 172 185 161 137 123 109 95 82 87 91 86 81 85 90 99 107 108 108 107 106 103 100 95 90 85 80 78 76 75 74 74 74 74 74 73 72 72 73
44 46 48 51 50 49 51 53 53 53 53 54 59 64 67 71 76 80 83 85 87 90 90 90 91 91 91 90 91 91 88 84 80 76 77 79 81 82 82 82 82 81 80 79 81 84 90 95 102 108 124 139 147 155 145 136 158 180 197 215 191 167 144 121 102 84 95 107 95 83 85 87 87 87 95 103 103 104 101 99 96 92 86 80 78 75 75 74 74 75 76 77 74 72 72 72
45 46 48 49 49 48 50 51 52 52 54 55 59 63 64 66 73 79 83 86 88 90 91 92 92 92 94 95 90 85 83 81 78 75 76 77 77 78 78 78 77 76 77 77 82 86 93 99 106 112 123 135 139 143 144 145 157 169 173 178 169 161 145 130 112 94 98 103 92 81 84 86 84 81 87 94 91 88 87 86 84 82 79 76 75 74 74 74 75 76 77 79 77 76 75 73
46 46 47 47 47 47 48 49 50 51 54 57 59 61 61 61 70 78 83 88 89 91 92 94 94 94 96 99 89 80 78 77 75 74 74 74 74 74 74 74 73 72 74 75 82 89 96 104 110 116 123 130 131 131 143 155 156 157 150 142 148 154 146 138 121 104 102 99 89 79 82 85 80 74 79 85 79 73 73 73 73 72 72 72 73 73 73 74 75 77 79 81 81 80 77 74
46 46 47 47 47 47 48 48 49 50 51 53 55 58 59 61 67 74 79 83 86 89 91 93 91 89 91 94 87 80 78 76 73 71 71 72 71 71 71 71 71 71 73 75 82 89 96 103 108 112 118 124 129 134 141 147 153 159 146 133 135 138 128 119 112 106 100 93 86 79 80 80 77 73 76 79 76 73 73 73 73 72 72 72 74 76 75 74 76 77 80 83 82 82 79 77
