homework/Homework_5_files/or_precip_1983_05.asc
ncols 407
nrows 229
xllcorner -124.73958333333
yllcorner 41.73958333333
cellsize 0.02083333333
NODATA_value -9999
[rows 46 to 91 of 229, columns 192 to 287 of 407]
40 38 38 38 37 37 37 37 35 33 34 34 34 33 32 31 27 23 27 30 30 31 30 30 31 32 32 33 32 32 32 31 32 33 33 33 33 32 32 32 33 35 36 38 40 41 41 41 40 39 38 38 39 39 40 42 42 43 45 48 47 47 47 46 45 43 44 44 45 46 46 46 51 56 58 61 62 63 65 67 65 63 61 60 57 55 54 52 51 49 47 44 44 43 45 46
45 43 42 41 40 39 40 41 40 38 37 36 36 35 32 30 28 26 28 29 30 32 31 31 32 32 32 32 33 34 33 33 33 34 34 35 35 36 35 34 35 35 36 37 38 40 40 41 41 41 41 41 42 43 45 47 48 49 51 52 53 55 55 55 53 51 51 52 51 51 50 50 54 58 58 57 59 61 63 65 64 63 62 61 59 57 55 54 52 51 48 46 46 46 47 47
50 48 46 45 43 42 44 45 44 43 41 38 38 37 33 29 28 28 29 29 31 32 33 33 33 33 33 32 34 36 35 34 34 35 36 37 38 39 38 37 36 35 36 36 37 38 39 41 42 43 44 44 46 47 50 53 54 56 56 56 60 63 63 64 61 58 59 59 57 55 55 54 57 60 57 54 56 58 61 64 64 64 63 62 60 59 57 55 54 53 50 47 48 48 48 49
52 49 49 50 48 47 48 49 47 45 40 35 36 37 34 30 31 32 32 32 33 33 34 35 36 36 36 36 36 36 37 39 38 37 37 37 38 39 39 39 40 40 41 43 42 41 41 41 42 43 45 48 50 53 55 58 59 60 60 59 61 63 64 64 63 61 61 61 62 62 62 61 62 62 60 58 59 59 60 60 61 62 60 58 58 57 56 55 54 53 51 49 51 54 54 54
53 50 53 55 53 51 52 52 50 48 40 32 35 37 34 31 34 37 36 36 35 33 35 38 38 38 39 40 38 35 39 43 42 40 39 37 38 39 40 42 44 45 47 49 47 44 42 41 42 42 47 52 55 58 60 63 63 64 63 62 62 63 64 65 65 65 64 64 66 68 69 69 66 64 63 62 61 60 59 57 59 61 58 55 55 55 55 54 54 53 52 51 55 59 59 59
57 55 55 56 53 51 51 50 48 47 39 32 36 41 39 37 40 44 41 37 37 37 39 40 40 41 42 44 43 41 42 42 43 45 43 42 43 44 46 47 48 49 50 51 49 46 46 47 47 47 49 52 54 57 60 62 64 65 65 65 65 66 67 67 68 68 67 66 67 68 66 65 63 61 61 60 60 59 58 57 57 57 56 55 54 53 54 54 54 53 53 53 55 58 57 57
60 59 58 56 54 51 50 48 47 45 38 31 38 44 43 43 47 51 45 39 40 41 42 43 43 43 46 49 48 47 44 41 45 49 48 46 47 49 51 53 53 53 53 53 51 49 50 52 52 51 52 52 54 56 59 62 64 66 67 68 69 69 70 70 71 72 70 68 68 67 64 61 60 59 59 59 59 58 58 57 54 52 53 54 53 51 52 54 53 53 54 54 55 56 56 55
56 56 55 53 51 49 47 46 45 43 39 35 40 44 45 45 48 51 47 44 43 42 43 45 46 47 49 51 51 50 49 47 48 48 49 50 51 52 53 54 55 55 56 56 54 53 54 55 56 56 55 55 57 59 60 60 63 65 66 67 68 69 69 70 69 68 67 66 65 64 62 61 59 58 58 57 57 56 55 54 52 50 52 53 52 51 52 53 53 53 54 55 56 57 57 56
52 52 51 50 48 47 45 44 43 41 40 38 42 45 46 48 49 50 50 49 46 42 45 48 49 51 52 53 53 54 53 53 50 47 51 55 55 56 55 54 56 57 58 59 58 58 58 59 59 60 59 58 61 63 61 59 62 65 66 67 67 68 68 69 67 64 63 63 62 61 61 60 59 58 56 55 55 54 53 51 50 48 50 52 52 52 52 52 52 53 54 56 57 58 58 58
49 48 49 49 47 46 45 44 43 41 42 42 43 44 45 46 48 50 50 49 47 46 47 48 49 50 50 50 51 52 53 54 53 52 54 56 57 57 57 57 58 59 60 60 60 60 60 60 61 61 61 61 62 63 63 63 64 65 66 66 67 67 66 66 64 63 62 62 62 61 59 57 56 55 55 55 53 52 50 49 47 45 49 52 50 48 48 49 49 49 53 56 57 58 58 58
45 45 46 47 46 45 44 44 43 42 43 45 45 44 44 44 47 50 50 49 49 49 49 48 48 48 48 47 48 50 52 54 56 57 57 57 58 59 60 60 61 61 61 61 62 62 62 61 62 62 62 63 63 64 65 67 66 66 66 66 67 67 65 62 62 62 61 61 61 61 57 54 53 53 54 54 52 49 48 46 44 43 47 51 48 44 45 45 46 46 51 56 57 58 58 58
45 44 44 45 45 44 44 43 42 41 43 45 45 44 44 44 47 49 49 49 48 48 48 47 47 47 47 46 47 47 50 52 54 55 56 58 59 60 60 61 61 62 62 62 62 62 62 62 62 61 61 61 62 62 64 66 66 65 66 66 67 67 65 64 61 59 60 62 63 64 62 59 59 59 58 56 55 55 53 50 48 45 49 53 51 50 48 46 49 52 54 56 58 60 58 57
44 43 43 43 43 43 43 43 42 41 43 45 44 44 45 45 46 47 48 48 48 47 47 46 46 46 46 46 45 45 48 51 52 53 56 59 60 60 61 61 62 63 62 62 62 62 63 63 62 60 60 60 60 60 63 65 65 65 66 66 66 67 66 65 61 57 59 62 65 67 66 64 64 64 62 59 59 60 57 55 51 48 51 55 55 55 51 47 52 57 56 55 59 62 59 56
44 43 43 43 44 44 44 44 43 42 43 45 45 45 45 45 46 47 47 48 48 47 47 46 46 46 46 46 46 46 48 49 51 53 55 57 59 61 61 61 62 64 63 63 62 61 60 60 59 59 59 59 59 59 60 62 63 63 64 64 65 66 65 65 64 64 66 69 71 73 72 71 69 67 65 63 64 64 62 60 55 49 54 59 57 55 52 50 55 60 60 60 61 62 61 59
43 44 44 44 44 44 45 45 44 43 44 45 45 45 46 46 46 47 47 48 47 47 47 47 47 47 46 46 46 46 47 48 50 53 54 55 58 61 61 61 63 65 64 63 61 60 58 56 57 57 57 58 58 58 58 59 60 61 62 63 64 64 65 65 68 70 73 76 77 78 77 77 73 69 68 67 68 69 67 65 58 51 57 63 59 55 54 53 57 62 63 65 64 63 63 63
44 44 44 44 44 44 45 45 44 43 44 45 45 45 45 46 46 46 46 47 47 47 46 46 46 46 46 45 46 46 47 48 49 51 52 53 55 57 59 60 60 60 60 59 59 58 57 56 56 56 57 57 57 57 58 58 59 59 59 60 62 65 68 71 74 77 78 78 82 86 82 78 76 74 74 74 73 73 71 70 63 56 58 61 55 50 50 50 54 57 58 59 60 61 60 58
44 45 45 45 45 45 45 45 44 43 44 45 45 44 45 45 45 45 46 46 46 46 46 45 45 45 45 45 45 45 46 47 48 49 50 51 52 53 56 60 58 55 55 55 56 57 57 57 56 55 56 56 56 57 57 58 57 56 56 56 61 66 71 76 80 83 82 81 88 95 87 80 80 80 80 80 78 76 75 74 67 60 59 59 52 45 46 47 50 52 53 54 57 59 56 54
44 45 45 45 45 45 45 45 44 43 44 44 43 41 42 43 43 44 45 47 46 45 45 44 45 46 45 44 44 45 46 47 49 50 51 53 52 52 55 58 57 56 56 56 56 57 57 56 56 56 57 57 57 58 58 58 60 62 63 64 67 71 73 75 80 85 84 84 89 94 91 87 87 86 84 82 80 78 77 75 68 60 57 55 48 41 42 43 45 47 48 49 53 56 55 54
44 44 45 45 45 45 46 46 45 44 44 44 41 38 39 41 41 42 45 48 46 44 44 43 45 47 45 43 44 44 46 48 50 52 53 55 53 51 53 55 56 57 57 57 57 57 57 56 57 57 58 58 58 59 59 59 63 67 69 72 74 76 75 74 80 86 87 88 91 94 94 95 94 92 88 84 82 79 78 76 68 59 55 51 44 37 38 38 40 42 43 44 49 54 54 53
44 44 45 45 45 45 46 46 45 45 45 45 42 38 40 41 43 44 45 47 46 45 45 45 47 48 47 46 47 47 49 51 53 55 56 57 57 57 56 56 58 61 60 60 59 58 58 57 58 59 59 59 61 62 65 68 71 74 75 77 78 80 81 82 85 88 88 88 89 91 90 90 88 87 84 82 80 78 76 74 65 57 51 46 42 38 38 38 39 40 42 44 47 50 51 52
43 44 45 45 45 45 46 46 46 46 46 46 42 39 40 42 44 46 46 46 46 46 47 47 48 48 49 49 49 49 52 55 56 58 59 60 62 63 60 57 61 64 64 63 61 59 59 58 59 60 61 61 63 64 71 77 79 80 81 82 83 85 87 89 90 90 89 88 88 88 86 84 83 82 81 80 79 77 74 72 63 55 48 41 40 38 38 38 38 38 41 44 45 47 49 51
44 44 45 45 45 45 45 46 46 46 45 44 42 41 42 44 45 46 46 46 45 45 46 48 49 50 51 52 52 53 54 56 59 61 63 64 65 65 64 62 61 61 63 65 64 62 63 63 64 66 64 63 65 68 70 72 74 76 80 85 84 84 85 87 87 88 86 85 85 85 83 82 80 79 79 79 77 75 72 69 59 50 46 41 40 40 40 41 41 42 44 47 47 48 49 51
44 45 45 45 45 45 45 46 46 46 44 42 42 43 44 45 46 46 46 45 44 43 46 48 50 52 53 55 56 57 56 56 61 65 67 68 68 68 68 68 62 57 62 68 67 66 67 68 70 72 68 65 68 71 69 68 70 72 80 87 85 84 84 84 85 85 83 81 82 82 81 79 78 76 77 78 75 73 69 66 56 46 43 41 41 41 42 43 44 45 48 51 50 49 50 51
45 46 46 46 46 45 46 47 47 47 45 42 43 43 44 45 45 45 46 47 46 46 50 54 54 55 56 57 59 60 59 58 64 70 70 70 72 74 71 67 64 61 65 69 70 70 70 69 70 72 70 68 71 74 73 71 73 75 78 82 79 76 76 76 76 76 76 76 77 78 75 72 72 73 72 72 69 67 64 61 53 45 42 40 40 40 41 42 43 45 46 47 48 49 54 60
47 47 47 47 46 46 47 48 48 49 46 43 43 44 44 45 44 43 45 48 48 49 54 59 59 58 59 60 62 64 62 59 67 76 74 72 76 80 74 67 66 65 67 70 72 75 73 71 71 71 71 70 74 77 76 75 76 78 77 76 73 69 68 67 67 67 69 72 73 74 69 65 67 69 68 66 64 61 59 57 50 43 42 40 40 40 41 41 43 44 43 42 46 49 59 68
48 48 48 49 48 48 49 50 50 50 45 40 41 42 47 52 53 55 54 53 54 56 56 55 55 55 56 58 63 67 65 63 68 72 74 76 77 78 74 71 71 71 73 75 75 76 75 74 73 72 71 70 71 72 73 73 73 74 71 68 66 65 62 59 59 60 60 60 59 59 55 52 55 58 53 48 49 50 49 47 43 39 38 37 37 38 38 39 40 40 39 39 40 42 52 61
49 49 50 50 50 51 51 51 51 51 44 36 39 41 50 58 62 66 62 57 60 63 58 52 51 51 54 57 63 70 68 67 68 69 74 80 78 75 75 74 76 78 79 81 79 76 76 76 75 73 72 71 69 68 69 71 70 70 65 59 60 61 56 51 52 53 50 48 46 43 41 39 43 47 38 30 34 39 38 37 36 35 34 33 34 35 36 36 37 37 36 35 35 35 45 54
53 53 52 50 51 52 52 52 50 48 43 38 39 39 49 59 57 55 57 60 64 67 65 63 61 59 61 63 65 67 69 70 71 72 76 81 81 80 79 78 78 78 78 79 77 75 74 72 73 74 73 71 70 69 69 68 68 67 63 60 60 59 55 51 51 51 50 50 49 48 45 42 44 46 41 36 39 42 39 37 38 40 37 35 35 35 35 36 36 36 39 43 44 45 49 53
57 58 54 50 52 53 53 53 49 45 43 40 39 37 48 60 51 43 53 63 67 71 72 74 71 68 69 70 68 65 69 73 74 74 79 83 83 84 83 82 80 77 77 76 75 74 71 68 71 75 73 72 71 71 68 66 65 63 62 60 59 58 55 51 50 49 51 52 52 53 49 44 45 46 44 42 44 45 41 37 41 45 40 36 35 34 35 36 35 35 43 50 53 55 53 51
53 53 52 51 54 57 56 56 52 48 45 43 40 37 42 47 43 40 47 55 59 63 64 65 68 70 72 75 73 72 71 71 73 75 76 76 76 76 75 74 72 69 68 67 67 67 65 63 65 68 70 72 70 69 66 63 63 62 61 59 59 58 56 54 53 52 53 53 54 54 51 49 48 48 46 43 43 43 39 36 39 41 39 36 36 36 37 39 40 41 46 50 52 54 51 48
50 49 51 52 56 61 60 58 54 50 48 45 41 37 36 34 36 37 42 47 50 54 55 56 64 72 76 79 79 78 74 70 73 76 72 69 69 69 68 67 64 61 59 57 58 59 58 57 59 61 66 71 69 68 64 61 60 60 60 59 59 58 57 56 56 55 55 55 55 55 54 53 51 50 48 45 43 41 38 35 36 38 37 36 37 38 40 41 45 48 49 49 51 52 49 45
52 52 53 54 58 61 60 58 54 51 49 48 44 41 39 38 39 40 42 45 51 56 59 62 69 75 75 76 77 79 73 68 67 67 67 67 64 62 61 61 61 61 60 58 57 56 57 57 58 59 66 73 71 68 66 63 62 61 60 59 59 58 58 57 59 60 60 59 57 55 53 51 49 47 45 42 40 38 37 36 35 35 35 35 37 39 41 42 46 49 50 50 49 47 45 43
54 55 56 56 59 62 60 57 54 51 51 51 48 45 43 41 41 42 43 44 51 58 63 68 73 78 75 72 75 79 73 66 62 57 61 64 59 55 55 55 58 62 60 58 56 53 56 58 58 58 66 74 72 69 68 66 64 61 60 59 59 59 58 58 62 66 65 64 59 55 52 48 46 44 42 40 38 36 36 36 34 32 33 33 37 41 42 43 47 51 51 51 47 43 42 42
55 56 57 58 60 62 58 54 52 51 50 50 47 44 42 41 40 40 41 42 50 58 62 66 69 71 67 64 69 75 72 69 62 55 56 57 55 52 53 54 56 58 56 54 52 50 52 53 55 57 63 68 67 66 65 63 62 60 59 59 58 58 57 57 59 61 61 60 58 56 52 48 45 42 39 37 36 35 34 33 33 33 34 35 36 38 38 38 42 46 48 50 48 47 47 47
55 56 58 59 60 61 56 51 51 51 50 49 46 44 42 40 39 37 38 39 49 58 61 64 64 63 60 57 64 70 72 73 63 52 52 51 50 49 51 53 53 53 51 49 48 48 48 48 52 56 59 62 63 63 61 60 59 59 59 58 57 57 57 56 56 57 57 57 57 57 52 47 43 39 37 34 34 34 32 30 32 35 35 36 36 36 34 33 37 41 45 49 50 51 52 52
54 54 55 55 57 59 55 51 51 50 49 49 47 46 43 39 40 42 44 46 53 60 58 56 53 49 53 57 65 73 68 63 55 48 47 47 50 53 54 55 55 56 55 55 53 52 53 54 54 55 56 58 59 59 58 57 57 57 57 57 57 57 57 56 56 57 57 57 56 56 52 47 43 39 36 33 33 32 31 30 32 33 34 35 32 29 29 28 31 35 40 45 46 48 50 52
52 53 52 52 55 57 55 52 51 49 49 48 48 49 44 38 42 46 49 52 56 61 54 47 41 35 46 57 67 77 64 52 47 43 43 44 50 56 56 57 58 59 60 61 58 56 58 60 56 53 54 54 55 55 54 53 54 55 56 56 56 57 56 56 56 57 56 56 56 56 52 48 43 39 36 33 32 30 30 30 31 32 33 35 29 22 23 23 26 28 34 40 42 45 48 51
51 52 53 53 54 55 56 56 53 50 50 49 49 49 43 37 39 41 42 43 44 46 42 38 35 33 39 45 51 57 53 50 52 54 53 53 61 69 64 60 64 69 67 64 65 67 66 66 62 59 57 55 55 56 56 56 56 55 56 56 60 63 60 57 57 58 57 56 54 53 49 46 44 41 38 35 33 32 31 30 32 34 37 39 33 28 28 28 28 28 32 36 40 43 46 49
50 52 53 54 53 53 57 61 56 52 50 49 49 48 42 36 36 36 35 34 32 30 29 28 29 30 32 33 36 38 43 47 56 65 63 62 72 82 72 63 71 79 73 68 73 78 75 72 68 64 60 55 56 57 58 58 57 56 56 56 63 70 64 57 58 59 57 56 53 50 47 44 44 44 40 37 35 33 31 29 33 36 40 44 38 33 33 33 30 28 30 32 37 42 44 47
51 53 53 54 55 55 58 61 58 56 55 55 51 47 50 52 50 48 46 45 38 31 38 44 48 52 45 38 46 53 58 63 63 64 68 71 78 86 83 79 80 80 76 73 76 79 76 74 72 70 63 55 57 58 59 60 61 62 61 61 64 68 62 55 57 58 56 55 53 50 47 44 48 51 47 42 36 31 30 29 31 32 40 47 42 38 40 43 40 38 35 32 34 36 40 44
52 53 54 55 56 57 59 61 60 59 60 60 53 46 57 68 64 60 57 55 44 32 47 61 68 74 59 44 56 68 74 79 71 63 72 81 85 89 93 96 88 81 79 77 79 80 78 76 76 76 66 55 57 59 60 61 65 68 67 66 65 65 60 54 56 58 56 54 52 51 48 44 51 58 53 47 38 29 29 29 29 29 39 50 46 43 48 53 50 48 40 32 31 31 37 42
53 53 54 54 57 60 61 62 63 63 62 60 58 56 62 68 65 63 60 57 45 33 41 48 63 77 70 62 68 74 77 80 76 71 78 85 90 95 95 95 90 86 87 87 88 88 85 81 80 80 67 55 57 59 61 63 64 64 63 62 63 63 58 54 56 58 55 53 52 52 49 46 49 52 51 49 46 42 45 47 47 47 48 49 48 47 50 53 51 50 42 35 34 34 36 39
55 52 53 54 59 63 63 64 65 66 63 60 63 65 66 67 67 67 63 59 46 33 34 35 58 80 80 80 80 79 80 80 80 79 85 90 95 100 97 94 93 92 94 97 97 96 91 86 85 83 68 54 56 59 62 64 62 60 60 59 60 61 57 54 56 59 55 51 52 52 50 48 47 46 49 51 53 55 61 66 65 65 56 48 50 52 52 53 52 51 45 38 37 37 36 36
57 55 55 55 58 62 64 66 66 67 65 63 64 65 67 69 67 66 60 53 47 41 46 50 55 61 70 78 79 81 81 82 82 83 86 89 91 92 90 88 88 87 89 90 95 99 94 88 86 84 71 58 56 55 61 67 64 62 61 61 61 62 60 58 56 53 52 50 49 49 49 50 48 47 48 49 51 52 57 61 63 64 59 54 56 57 55 53 50 48 43 39 40 42 40 39
59 57 56 55 58 60 64 67 67 67 66 66 65 64 67 70 68 66 56 47 48 50 57 64 53 42 59 76 79 82 82 83 84 86 87 88 86 85 84 83 83 83 83 83 93 102 96 90 88 86 74 62 57 51 60 69 66 63 63 62 62 62 63 63 56 48 48 48 47 46 49 51 49 47 47 47 48 49 53 57 60 64 62 61 62 63 58 53 49 44 42 39 43 47 45 43
60 58 57 56 59 62 64 66 66 67 67 68 67 67 68 68 68 67 63 59 61 63 65 67 59 51 62 73 79 84 84 85 85 86 86 86 83 81 80 80 80 80 80 80 88 96 93 89 86 83 72 60 56 53 60 66 64 62 62 63 63 64 64 64 59 53 51 50 49 48 49 51 50 50 49 49 51 54 57 60 62 64 62 60 61 62 58 54 49 44 43 41 43 44 44 43
