homework/Homework_5_files/or_precip_1983_03.asc
ncols 407
nrows 229
xllcorner -124.73958333333
yllcorner 41.73958333333
cellsize 0.02083333333
NODATA_value -9999
[rows 129 to 171 of 229, columns 95 to 189 of 407]
257 260 262 263 263 248 232 233 234 225 215 215 215 215 215 212 208 225 241 240 239 241 244 254 264 265 265 269 272 270 267 268 269 277 285 300 316 319 322 305 288 265 242 215 188 184 180 178 176 169 163 161 158 136 115 109 104 101 97 95 93 93 92 95 97 101 104 102 100 106 113 115 117 114 111 98 85 74 64 58 52 51 50 50 50 54 59 61 63 58 54 49 45 43 40
269 276 284 283 282 262 241 237 233 214 195 194 192 189 186 201 215 232 249 229 210 216 221 228 234 235 236 247 257 270 283 289 294 300 305 311 316 318 320 298 276 254 232 201 171 170 169 170 172 166 160 157 155 131 107 103 99 95 90 91 91 91 92 95 98 103 109 106 103 110 118 121 124 121 117 107 96 85 74 64 54 53 51 51 51 60 69 69 70 63 55 53 51 47 44
272 267 261 261 260 260 259 254 248 219 191 189 188 186 184 193 202 216 231 233 235 242 249 248 247 243 239 259 279 285 291 297 304 308 312 316 321 322 323 298 273 251 229 195 161 162 164 163 163 158 153 142 131 118 106 104 101 98 95 93 91 91 92 96 100 105 111 118 124 127 130 135 139 136 133 122 110 97 84 72 61 56 51 51 51 56 61 61 62 57 53 51 50 46 43
276 257 238 238 238 258 277 270 263 225 186 185 184 183 182 186 189 201 212 236 260 269 277 268 260 251 242 271 301 299 298 306 314 317 319 322 325 325 326 298 270 248 225 188 151 155 159 156 153 150 146 126 107 106 106 104 103 102 100 95 91 91 92 97 102 107 113 129 145 144 143 148 154 152 149 137 124 110 95 81 67 58 50 51 52 52 53 53 54 52 51 50 49 46 42
253 245 238 240 242 259 276 283 290 261 232 227 223 212 201 195 189 205 220 232 245 246 247 255 264 269 275 278 282 288 295 304 313 318 323 333 342 345 347 306 264 232 199 173 148 147 145 141 137 133 129 117 106 106 106 105 104 102 99 96 93 94 94 98 102 110 118 133 149 146 143 146 148 146 144 138 131 115 98 84 69 62 54 52 50 51 51 52 54 52 51 50 49 47 45
230 233 237 242 247 261 275 296 318 297 277 269 262 241 220 205 190 208 227 228 230 224 217 242 267 287 308 285 263 277 292 302 312 320 328 344 360 364 367 313 259 216 173 159 144 138 132 126 120 116 111 109 106 107 107 106 106 102 98 96 95 96 97 100 103 112 122 137 152 148 144 143 142 141 139 139 138 119 101 86 72 65 57 53 48 49 50 51 53 53 52 51 50 48 47
234 236 237 251 265 285 304 325 346 321 296 280 264 242 220 206 192 209 226 225 225 230 235 244 253 264 274 281 287 305 323 332 341 343 345 347 350 348 346 293 240 203 166 153 140 135 130 124 118 112 107 106 106 107 108 106 105 101 98 97 96 96 97 101 105 112 119 129 139 142 145 143 140 139 138 131 124 110 96 84 72 66 60 59 58 55 52 53 54 54 54 53 51 50 48
239 238 238 261 284 309 334 354 375 345 315 291 266 243 221 207 194 210 225 222 220 236 252 245 238 240 241 276 311 332 354 362 370 366 362 350 339 332 324 272 220 189 159 148 137 132 128 122 115 109 103 104 105 107 108 106 105 101 98 97 96 97 98 102 106 111 115 120 125 136 147 143 139 138 137 123 109 100 91 81 71 67 62 64 67 61 54 54 54 55 56 54 53 51 49
246 259 272 275 278 301 324 332 340 332 323 297 271 247 223 213 202 221 240 240 240 242 244 254 263 266 269 282 295 317 339 346 352 350 347 344 341 337 333 289 244 196 147 143 138 141 144 141 138 122 107 110 113 111 109 107 105 102 99 98 97 98 99 105 111 113 115 116 117 122 126 122 118 120 121 113 106 97 88 81 73 69 64 66 67 63 59 61 62 61 60 58 56 54 51
254 280 307 289 272 293 314 310 305 319 332 304 276 251 226 218 210 233 255 258 260 248 236 262 289 292 296 288 279 301 324 329 335 333 332 337 342 342 342 305 268 202 135 137 139 150 160 160 160 136 112 116 120 115 111 108 106 103 99 99 98 99 99 108 116 115 114 112 109 107 105 101 98 101 104 104 103 94 85 80 75 71 67 67 67 66 64 67 70 67 64 62 60 56 52
253 268 283 292 300 314 329 325 322 323 324 289 254 236 218 221 224 248 272 282 292 278 264 277 290 297 303 310 317 327 337 338 338 316 295 294 292 294 295 277 259 195 131 142 154 159 165 159 153 136 119 118 116 113 111 109 107 104 100 99 98 99 100 106 112 113 113 109 105 104 103 100 97 99 101 100 98 91 84 81 78 75 72 71 70 69 68 70 71 69 68 65 62 59 56
251 256 260 294 328 336 343 341 339 328 316 274 231 221 211 224 237 263 288 307 325 309 292 292 292 301 310 333 355 353 351 346 341 299 257 250 243 245 247 248 250 189 127 148 168 169 170 158 146 137 127 119 111 111 111 110 109 105 102 100 99 100 100 104 108 110 113 107 101 102 102 99 96 97 98 96 94 89 84 82 80 79 77 75 74 73 73 72 71 71 71 67 63 61 60
255 262 268 287 305 305 306 301 296 292 287 268 249 228 208 229 250 275 299 303 308 299 290 285 279 294 310 338 366 371 377 363 349 335 320 277 235 222 208 209 210 176 143 164 185 183 181 172 164 151 138 127 116 114 113 112 110 106 101 99 97 99 100 103 106 109 112 108 105 104 102 100 98 99 99 98 96 91 86 84 81 79 77 76 76 75 74 73 71 71 70 68 65 62 59
260 268 276 279 282 275 268 260 253 256 259 262 266 236 206 234 262 286 311 300 290 289 288 278 267 288 309 343 376 390 404 381 358 370 383 305 227 198 170 169 169 164 159 181 203 197 192 187 181 165 149 134 120 117 115 114 112 107 101 98 95 97 100 102 105 108 112 110 108 106 103 101 100 100 101 100 99 94 89 85 81 79 78 78 78 77 75 74 72 71 70 68 67 62 57
258 263 268 270 271 265 259 253 246 253 260 264 269 243 218 224 230 246 263 261 259 260 261 261 262 277 292 322 352 363 373 357 340 352 364 295 225 199 172 176 180 177 173 171 168 165 162 161 160 150 140 132 124 120 116 114 112 107 103 100 97 99 101 105 110 111 113 111 109 107 106 106 106 105 104 101 99 94 89 86 83 82 80 79 78 76 75 74 72 72 72 70 69 64 59
257 259 260 260 259 255 250 245 240 251 261 267 272 251 230 214 198 206 215 221 228 231 234 245 256 266 275 302 328 335 342 333 323 334 346 285 224 200 175 183 191 189 188 160 133 133 133 136 139 135 132 130 128 122 116 114 111 108 104 102 100 101 102 108 115 114 114 112 109 109 109 111 112 109 106 103 100 95 90 87 84 84 83 81 78 76 74 74 73 73 74 72 71 66 61
256 258 260 257 254 249 243 237 231 245 258 266 274 263 253 241 229 226 224 236 247 254 261 259 257 258 259 288 318 323 328 324 320 301 282 246 210 195 181 183 185 193 201 183 165 152 139 139 140 138 135 136 137 129 120 115 110 106 103 102 102 104 106 110 113 113 114 109 105 106 106 107 108 107 105 102 99 96 92 88 85 84 84 81 78 76 75 74 74 74 74 72 71 67 62
254 257 260 255 249 243 237 230 222 239 255 266 276 276 276 268 260 247 233 250 267 277 288 273 258 250 242 275 307 311 314 316 318 268 218 207 196 191 186 183 179 197 214 206 198 171 144 143 142 140 139 142 146 135 124 116 109 105 101 103 104 107 110 111 112 113 113 107 101 102 103 104 104 104 104 101 99 96 93 89 86 85 84 81 78 76 75 75 75 74 74 72 70 67 64
255 259 264 255 247 241 236 231 225 240 255 270 285 288 291 280 270 257 244 255 266 280 294 283 271 276 280 282 284 297 309 322 335 307 279 256 233 211 189 187 184 187 189 182 176 162 148 146 143 141 139 137 136 127 119 124 129 130 131 131 131 128 125 126 127 124 121 113 104 105 105 105 105 104 104 101 99 96 94 90 87 85 83 80 78 76 75 74 74 74 73 72 70 68 65
256 261 267 255 244 240 236 232 228 241 255 274 294 299 305 293 280 268 256 261 266 283 301 292 283 301 318 290 262 283 304 328 352 346 340 305 270 231 192 191 190 177 163 159 154 153 152 149 145 142 139 132 126 120 114 131 149 155 160 159 158 149 141 141 141 135 129 118 107 107 106 106 105 104 104 101 99 97 94 91 88 85 82 80 77 76 75 74 74 73 73 72 70 68 66
254 254 254 249 243 241 238 237 236 253 270 273 275 278 281 287 293 279 265 269 273 280 287 282 277 281 286 283 281 302 323 333 344 338 333 299 266 221 177 191 205 189 174 169 164 160 156 151 146 144 142 141 141 144 147 157 167 172 177 173 170 163 157 156 155 148 142 130 118 114 110 109 108 106 105 102 100 97 95 91 87 84 81 79 77 76 74 74 73 73 73 72 71 69 68
252 247 242 242 242 241 241 242 243 264 285 271 257 257 257 281 305 290 275 277 280 277 274 272 270 262 254 277 300 321 342 339 336 331 325 294 262 212 161 190 220 202 184 179 173 167 161 154 147 146 145 150 156 168 179 182 185 189 193 188 182 177 172 170 168 162 156 143 129 122 114 112 110 108 106 103 100 98 96 91 86 83 80 78 76 75 74 74 73 73 72 72 71 70 69
248 244 240 240 240 243 247 244 240 251 261 250 238 248 257 275 293 275 256 257 259 257 254 256 257 254 250 270 290 301 313 307 302 302 303 287 272 240 209 214 220 200 181 174 166 161 156 152 148 153 158 162 166 173 180 181 182 185 189 182 175 173 171 168 166 173 180 174 169 156 142 129 116 112 107 102 97 95 92 88 84 81 78 77 76 75 74 73 73 73 72 72 71 70 70
244 241 239 238 238 245 253 245 237 237 236 228 220 239 257 269 282 259 237 238 238 236 234 239 245 245 246 263 280 282 284 275 267 274 281 281 281 269 257 238 220 199 178 169 160 156 152 151 149 160 171 174 176 179 181 180 179 182 184 176 167 169 170 166 163 183 203 206 209 190 171 147 122 115 108 101 94 91 89 85 82 79 77 76 75 74 74 73 73 73 73 72 72 71 70
265 248 232 233 235 238 242 237 231 229 228 221 214 223 232 247 262 245 228 233 237 241 245 253 261 260 259 261 264 266 268 270 272 274 277 283 289 257 226 215 204 192 179 171 162 156 149 150 152 170 188 183 178 181 183 180 177 178 178 172 166 161 156 158 161 179 197 201 205 190 176 147 118 111 103 97 91 89 87 83 79 77 76 75 74 74 74 73 73 73 72 72 71 71 70
286 256 225 228 231 231 230 228 225 222 219 213 208 207 206 224 242 231 220 228 236 245 255 266 278 275 273 260 248 250 252 265 277 275 273 285 297 246 195 191 188 185 181 173 165 155 146 150 154 179 205 192 180 182 185 180 176 173 171 168 165 153 141 150 159 175 191 196 200 191 182 148 114 106 98 93 88 87 86 81 75 75 75 74 74 74 74 73 73 73 72 72 71 70 69
276 259 242 237 232 229 226 227 229 224 220 217 214 212 209 220 230 227 224 230 235 241 247 254 261 261 261 256 250 255 259 269 278 280 281 286 290 264 238 226 215 215 215 191 168 158 148 149 151 176 200 193 186 188 189 182 175 173 171 168 165 153 141 143 145 157 169 181 194 184 174 142 109 102 95 90 84 83 82 78 73 73 72 74 75 75 76 75 73 73 72 72 71 70 69
266 263 260 246 232 226 221 227 232 227 221 221 221 217 212 216 219 224 228 231 234 236 238 241 244 246 249 251 253 259 266 273 280 285 290 287 284 282 280 261 242 245 248 209 171 160 150 149 148 172 196 194 193 193 193 184 175 173 171 168 164 153 141 136 130 138 147 167 188 177 166 135 105 98 92 86 80 79 78 74 70 70 70 73 75 77 78 76 74 73 72 71 70 69 68
260 258 256 245 235 233 230 232 234 228 222 226 229 225 220 222 223 226 229 239 248 255 262 255 247 254 261 258 255 262 269 287 305 317 329 306 283 269 256 241 227 222 217 194 170 161 153 155 157 177 196 194 192 193 194 189 184 180 177 171 166 154 143 139 135 141 146 155 164 154 144 124 105 98 90 84 78 74 70 68 66 66 66 69 71 73 76 74 73 72 71 70 69 68 67
254 253 252 245 238 239 240 238 236 229 222 230 238 233 228 228 228 229 230 246 262 274 286 269 251 262 272 265 258 264 271 301 330 349 368 326 283 257 231 222 212 199 187 178 169 162 156 161 166 181 196 194 192 193 195 194 192 188 183 175 168 156 144 142 140 143 145 142 140 131 122 113 105 97 89 82 75 69 62 62 62 62 62 64 66 69 73 72 72 71 71 69 68 67 66
252 250 248 240 231 233 235 235 234 231 228 235 242 250 257 253 249 242 236 254 271 280 288 281 273 286 300 281 263 268 274 303 333 341 349 308 266 247 228 214 199 187 174 169 163 159 156 158 161 174 186 186 186 189 191 187 182 174 166 160 155 153 151 144 138 140 143 146 149 134 120 109 98 92 85 80 74 67 60 58 57 57 57 60 62 65 68 68 69 69 70 68 67 66 64
249 246 244 234 224 228 231 232 233 233 233 239 246 266 287 278 270 256 243 262 281 285 290 293 296 311 327 297 268 273 277 306 335 332 330 290 250 237 224 205 187 174 162 160 158 157 156 156 157 166 176 179 181 185 188 180 171 160 149 145 142 150 157 146 135 138 142 149 157 138 119 105 92 87 82 77 73 66 58 55 51 52 53 55 57 60 62 64 66 67 69 67 65 64 63
245 244 242 238 234 230 227 228 229 229 229 232 236 252 269 275 281 268 254 264 274 283 292 298 304 308 313 292 270 274 278 297 316 312 308 268 229 215 202 189 176 168 160 158 156 156 155 156 156 163 169 173 177 189 201 194 187 171 155 149 144 151 158 144 131 130 130 131 132 121 111 101 92 86 80 74 69 63 58 56 53 52 51 53 55 57 59 61 64 66 69 67 66 67 67
241 241 241 242 244 233 223 224 226 226 226 226 225 238 251 272 293 279 265 266 267 280 294 303 312 305 299 286 273 276 279 288 296 291 286 247 208 193 179 172 165 162 159 157 155 155 155 155 156 159 162 167 172 193 214 209 204 182 161 153 146 152 158 142 126 122 118 112 107 105 103 97 92 85 78 71 65 61 58 57 56 53 50 51 52 54 56 59 62 65 68 68 67 69 72
230 230 230 230 231 226 220 222 225 225 226 229 232 247 262 277 293 282 271 264 257 265 272 280 288 286 284 282 280 285 290 289 289 270 252 222 192 182 172 167 162 159 157 155 154 154 154 154 155 158 160 162 165 174 183 180 177 165 154 146 139 144 149 141 133 128 122 117 111 106 101 96 91 86 81 75 70 66 63 61 59 56 54 55 57 60 63 65 66 67 69 72 76 80 84
219 219 218 218 218 218 217 221 224 225 225 232 239 256 272 282 293 285 277 262 247 249 250 257 263 266 269 278 287 294 301 291 281 249 217 197 177 171 165 162 159 157 155 154 153 153 153 154 155 157 158 158 157 154 151 151 150 148 147 140 133 136 139 140 141 134 127 121 116 107 99 94 89 86 83 79 75 71 68 65 63 60 57 60 62 67 71 70 69 69 69 77 84 90 96
217 216 214 215 216 217 219 224 229 232 235 245 254 268 281 279 278 271 264 256 248 251 254 263 273 282 291 296 301 298 295 290 285 255 225 207 188 179 171 164 158 156 153 152 150 150 150 150 150 149 148 149 150 146 143 143 143 140 137 131 126 129 132 137 142 142 142 138 134 125 116 109 101 97 93 88 83 79 75 72 69 70 70 73 75 79 84 87 90 87 84 86 88 93 97
216 213 210 212 214 217 220 227 235 240 246 258 270 280 290 276 263 257 252 250 248 253 258 270 283 298 314 314 315 302 289 289 289 261 233 216 199 188 177 167 158 154 151 149 148 148 147 146 145 142 138 141 143 139 134 136 137 132 127 123 119 122 125 134 144 150 156 154 152 143 134 123 112 107 102 97 92 87 82 79 75 79 83 85 88 92 96 103 110 104 99 95 92 95 99
223 218 213 214 214 216 218 226 233 236 240 249 257 275 292 273 255 250 245 252 259 264 270 278 286 307 328 332 336 328 321 299 277 252 227 215 203 192 182 170 158 154 149 148 147 146 145 142 139 137 134 135 137 134 132 131 131 127 122 118 114 120 125 137 148 156 164 170 175 172 170 154 139 132 126 118 110 98 87 86 86 106 125 119 114 116 119 125 131 137 144 145 146 135 123
231 224 217 216 215 216 217 224 231 233 234 240 245 269 294 270 247 242 238 253 269 276 282 286 289 316 343 349 356 354 353 309 265 243 221 214 207 197 187 173 159 153 148 147 145 144 143 138 134 132 129 130 130 130 129 127 125 121 117 113 109 117 125 139 153 163 172 185 198 201 205 185 166 157 149 139 128 110 91 94 97 132 168 154 140 140 141 146 151 170 189 194 200 174 148
217 213 209 212 215 228 241 249 257 261 265 265 265 267 269 256 244 242 239 253 267 271 276 281 286 317 348 363 379 346 314 291 268 253 237 225 213 208 202 180 158 152 146 145 143 142 141 137 133 131 129 129 130 129 129 128 126 122 118 116 113 119 125 142 159 176 192 202 212 225 237 212 187 172 156 147 137 119 101 101 102 127 152 149 146 151 157 162 168 187 206 214 222 170 117
202 202 201 208 215 239 264 274 283 289 295 290 285 264 243 242 242 241 241 253 265 267 269 275 282 318 353 377 401 338 275 273 271 262 254 237 220 218 217 188 158 151 144 143 141 141 140 136 132 131 129 129 129 129 129 128 127 123 120 119 118 121 125 145 165 189 213 220 226 248 269 239 209 186 164 155 146 128 110 109 107 122 137 145 152 162 172 178 185 204 224 234 244 165 87
258 242 225 236 247 264 281 292 303 288 274 271 268 256 243 243 242 250 257 262 268 270 272 288 304 328 353 374 396 344 293 289 285 275 266 250 233 228 222 189 157 150 143 142 140 139 137 134 131 130 129 129 129 129 129 126 124 123 123 120 117 123 128 145 162 189 217 221 225 238 252 227 202 183 165 155 144 129 114 112 110 120 131 143 155 167 178 189 200 213 226 218 209 145 80
