homework/Homework_5_files/or_precip_1983_05.asc
ncols 407
nrows 229
xllcorner -124.73958333333
yllcorner 41.73958333333
cellsize 0.02083333333
NODATA_value -9999
[rows 92 to 137 of 229, columns 288 to 383 of 407]
40 37 44 50 51 51 44 36 33 29 28 28 30 31 29 26 31 35 40 44 44 43 37 30 28 26 27 27 34 41 38 34 28 21 24 26 36 45 41 36 30 25 27 28 30 32 32 32 31 31 34 37 39 41 40 38 35 32 31 29 28 28 28 29 30 32 34 36 39 41 44 46 42 39 36 34 29 24 29 35 40 -9999 -9999 -9999 -9999 -9999 -9999 -9999 -9999 -9999 -9999 -9999 -9999 -9999 -9999 -9999
42 38 42 46 46 46 41 37 35 33 33 33 34 34 34 35 37 40 42 43 41 38 33 27 26 25 23 22 26 31 29 28 24 20 21 22 27 32 30 28 25 22 23 24 26 27 27 28 28 29 32 35 36 37 38 38 37 37 35 33 32 30 30 29 30 32 34 36 38 40 40 39 36 33 31 29 27 26 32 38 42 -9999 -9999 -9999 -9999 -9999 -9999 -9999 -9999 -9999 -9999 -9999 -9999 -9999 -9999 -9999
43 38 40 41 40 40 39 38 38 37 38 39 38 37 40 44 44 45 43 42 38 33 29 25 24 23 20 17 19 21 21 22 20 19 19 19 19 19 19 20 19 19 19 20 21 22 23 24 25 27 30 33 33 34 36 37 40 42 40 38 35 33 31 29 31 33 34 35 37 39 36 33 30 28 26 24 26 28 35 42 44 -9999 -9999 -9999 -9999 -9999 -9999 -9999 -9999 -9999 -9999 -9999 -9999 -9999 -9999 -9999
44 41 41 42 41 39 39 39 40 42 43 44 43 41 42 42 43 45 41 38 33 28 25 22 21 21 19 17 17 17 18 19 17 15 15 15 16 16 17 19 17 16 17 18 20 21 22 23 24 26 29 32 35 38 40 41 41 40 39 38 36 35 34 33 31 30 31 32 34 35 32 29 28 26 25 25 28 30 35 40 -9999 -9999 -9999 -9999 -9999 -9999 -9999 -9999 -9999 -9999 -9999 -9999 -9999 -9999 -9999 -9999
45 44 43 42 41 39 39 39 43 46 48 49 47 46 43 41 43 45 40 34 29 23 22 20 19 18 17 16 15 14 15 15 13 11 12 12 12 13 15 18 16 14 15 16 18 20 21 22 23 25 28 31 37 43 44 45 42 38 38 38 38 37 37 38 32 27 28 30 31 32 29 26 25 24 24 25 29 33 35 -9999 -9999 -9999 -9999 -9999 -9999 -9999 -9999 -9999 -9999 -9999 -9999 -9999 -9999 -9999 -9999 -9999
43 42 42 42 41 41 40 40 43 46 47 48 47 45 44 43 42 41 37 33 29 24 22 20 19 18 18 17 16 15 16 16 15 14 14 14 14 14 15 17 16 15 16 17 19 20 21 22 24 27 29 32 36 40 42 45 43 42 37 33 33 33 33 34 30 27 27 27 30 33 31 30 27 24 25 25 29 33 -9999 -9999 -9999 -9999 -9999 -9999 -9999 -9999 -9999 -9999 -9999 -9999 -9999 -9999 -9999 -9999 -9999 -9999
40 40 41 41 42 43 41 40 43 46 47 47 46 45 45 45 41 37 34 32 29 25 22 19 18 18 18 18 17 15 16 17 17 16 16 17 16 15 16 16 16 16 17 18 19 20 21 22 25 29 31 34 35 37 41 45 45 45 37 28 29 29 29 30 28 27 26 25 30 34 34 34 29 24 25 26 30 -9999 -9999 -9999 -9999 -9999 -9999 -9999 -9999 -9999 -9999 -9999 -9999 -9999 -9999 -9999 -9999 -9999 -9999 -9999
41 41 42 42 43 43 42 41 42 43 45 47 46 45 45 45 39 33 31 29 26 24 21 19 19 18 18 18 17 16 17 17 18 18 18 18 16 14 16 18 16 14 15 15 17 18 19 20 23 26 29 31 34 36 39 42 42 43 36 30 30 31 31 32 31 30 29 28 30 32 33 34 30 27 28 29 32 -9999 -9999 -9999 -9999 -9999 -9999 -9999 -9999 -9999 -9999 -9999 -9999 -9999 -9999 -9999 -9999 -9999 -9999 -9999
41 42 42 43 43 44 43 43 42 41 44 48 46 45 44 44 37 30 28 26 24 22 21 20 19 19 19 19 18 17 17 17 19 20 20 20 17 14 17 19 16 13 13 13 15 16 18 19 22 24 26 29 32 35 36 38 39 40 36 31 32 33 33 33 33 33 32 32 31 30 32 34 32 30 31 33 33 -9999 -9999 -9999 -9999 -9999 -9999 -9999 -9999 -9999 -9999 -9999 -9999 -9999 -9999 -9999 -9999 -9999 -9999 -9999
44 44 45 45 46 46 45 43 44 44 47 50 47 44 44 44 38 33 29 26 25 24 23 23 22 21 20 19 18 18 18 18 18 18 18 19 15 12 13 15 13 12 13 13 14 16 17 19 20 22 24 26 28 31 32 34 36 37 35 33 33 34 33 32 31 31 31 31 29 27 29 31 31 31 32 34 -9999 -9999 -9999 -9999 -9999 -9999 -9999 -9999 -9999 -9999 -9999 -9999 -9999 -9999 -9999 -9999 -9999 -9999 -9999 -9999
48 47 47 47 48 49 46 44 46 47 50 53 48 44 44 44 39 35 31 26 26 26 26 26 25 23 21 19 18 18 18 18 17 16 17 17 14 10 10 10 11 12 13 14 14 15 16 18 19 20 22 24 25 26 28 30 32 34 34 34 34 34 32 30 30 29 30 31 27 24 26 28 30 31 33 35 -9999 -9999 -9999 -9999 -9999 -9999 -9999 -9999 -9999 -9999 -9999 -9999 -9999 -9999 -9999 -9999 -9999 -9999 -9999 -9999
49 50 52 53 55 56 52 48 50 52 54 57 56 55 50 45 43 40 36 31 32 32 30 28 26 25 23 21 19 18 17 16 15 13 14 14 12 10 10 10 11 12 13 13 14 15 17 19 20 21 23 24 26 28 29 30 31 33 34 35 35 35 33 32 31 31 31 32 28 24 25 26 28 29 31 33 31 -9999 -9999 -9999 -9999 -9999 -9999 -9999 -9999 -9999 -9999 -9999 -9999 -9999 -9999 -9999 -9999 -9999 -9999 -9999
51 54 57 60 61 63 58 53 54 56 58 60 64 67 57 46 46 45 40 36 37 39 34 30 28 26 24 22 20 18 16 14 12 11 10 10 10 10 10 11 11 12 13 13 14 16 17 19 21 22 24 25 27 30 29 29 30 32 33 35 35 35 34 33 33 33 33 33 29 25 25 25 26 27 29 31 30 29 27 -9999 -9999 -9999 -9999 -9999 -9999 -9999 -9999 -9999 -9999 -9999 -9999 -9999 -9999 -9999 -9999 -9999
59 61 62 62 64 66 62 58 57 57 61 64 66 68 57 46 46 45 42 40 39 39 36 34 31 29 27 25 21 18 16 15 13 11 11 10 10 11 11 10 11 11 11 12 14 17 18 19 22 24 23 22 25 27 28 29 30 31 33 35 35 35 34 34 34 33 33 33 29 26 25 24 24 24 27 30 28 26 25 24 24 25 26 27 27 -9999 -9999 -9999 -9999 -9999 -9999 -9999 -9999 -9999 -9999 -9999
66 69 67 65 67 69 66 64 61 57 63 68 69 69 57 46 45 45 45 44 41 39 38 37 35 32 30 27 22 18 17 15 14 12 11 11 11 11 11 10 10 10 10 10 14 18 19 19 22 26 23 20 22 24 27 30 30 30 32 35 35 34 34 35 34 34 34 33 30 26 25 23 22 21 26 30 27 24 23 22 23 23 24 24 26 27 -9999 -9999 -9999 -9999 -9999 -9999 -9999 -9999 -9999 -9999
62 63 63 62 63 64 63 63 61 58 62 66 68 70 58 46 44 43 43 43 42 41 39 37 36 34 30 27 24 21 19 17 15 13 12 11 11 11 11 11 12 14 14 15 17 19 21 24 24 23 23 22 23 24 26 28 27 27 28 30 31 32 32 33 32 32 32 31 29 27 25 23 23 22 24 26 25 23 23 22 23 23 23 24 24 25 25 -9999 -9999 -9999 -9999 -9999 -9999 -9999 -9999 -9999
59 58 59 59 59 59 61 62 61 59 61 64 68 72 59 45 43 41 42 42 43 44 41 37 36 35 31 27 25 23 21 18 16 14 12 10 11 11 12 12 14 17 18 19 19 20 24 28 25 21 23 25 24 24 25 26 25 24 24 25 27 29 30 31 30 30 30 30 28 27 25 23 23 23 23 23 23 23 23 22 22 23 23 23 23 23 24 25 -9999 -9999 -9999 -9999 -9999 -9999 -9999 -9999
58 57 57 58 58 57 59 60 59 59 58 58 64 70 59 48 43 39 41 44 44 45 41 38 37 35 31 27 26 24 22 20 17 15 13 12 12 12 13 14 16 17 20 22 25 28 31 35 29 23 25 27 27 26 26 27 26 25 24 24 25 26 27 28 28 28 28 28 28 27 26 24 24 24 24 25 24 24 23 23 23 23 23 23 23 23 23 23 23 -9999 -9999 -9999 -9999 -9999 -9999 -9999
57 56 56 56 56 56 57 58 58 58 55 51 60 68 59 50 44 37 41 46 46 46 42 39 37 35 31 27 26 26 23 21 18 15 15 14 13 13 15 16 17 17 22 26 32 37 39 41 33 26 28 29 29 29 28 28 27 25 25 24 23 23 24 25 26 27 26 26 27 28 27 25 25 25 26 26 26 25 24 24 23 23 23 23 22 22 22 22 22 23 -9999 -9999 -9999 -9999 -9999 -9999
56 55 56 56 55 54 55 55 56 56 55 53 56 59 52 45 39 33 37 40 41 41 39 36 34 31 30 29 27 24 22 21 18 15 15 15 14 14 16 18 19 19 24 30 33 37 39 41 38 34 36 37 35 32 30 28 27 26 25 24 24 23 24 24 25 25 25 25 25 26 26 25 25 25 25 26 25 24 24 23 23 22 22 22 22 21 21 21 22 22 23 -9999 -9999 -9999 -9999 -9999
54 55 55 55 54 53 53 53 54 55 55 56 53 49 45 40 35 30 32 35 36 37 35 34 31 28 30 31 27 22 22 21 18 15 15 16 15 14 17 20 20 20 27 33 35 37 40 42 42 42 43 45 40 35 32 28 28 27 26 24 24 23 23 23 24 24 24 24 24 24 25 26 25 25 25 25 24 24 24 23 22 22 22 22 21 21 20 20 21 21 23 25 -9999 -9999 -9999 -9999
53 55 55 54 53 51 51 51 53 54 55 56 51 46 44 42 38 34 35 35 35 34 35 36 33 30 30 30 28 26 23 20 18 16 16 17 16 15 19 23 23 23 28 33 35 36 38 40 38 36 38 39 39 39 36 33 33 32 29 26 25 24 23 22 23 23 22 22 22 22 23 23 23 23 24 24 24 24 24 24 23 23 22 21 20 20 19 19 20 21 22 23 -9999 -9999 -9999 -9999
52 55 54 53 51 49 49 49 52 54 55 57 50 42 43 44 41 39 37 36 34 32 34 37 35 33 31 29 29 29 25 20 19 17 17 17 17 16 21 25 25 25 29 34 35 36 36 37 34 30 32 33 38 42 40 38 38 38 33 29 27 24 23 22 22 21 21 21 21 21 21 21 21 22 23 23 24 24 24 24 24 24 22 20 20 19 19 18 19 20 21 -9999 -9999 -9999 -9999 -9999
50 51 52 53 52 52 49 47 50 54 56 58 54 49 49 48 46 43 40 36 33 29 32 35 32 28 30 31 28 26 23 20 19 19 19 20 20 20 22 25 25 25 29 34 34 34 35 35 34 33 34 36 40 43 41 40 39 38 34 30 28 26 25 23 22 21 21 20 20 20 20 21 21 21 22 23 23 23 24 24 24 24 23 22 20 18 18 18 19 19 20 -9999 -9999 -9999 -9999 -9999
48 47 50 52 53 54 49 44 49 54 56 59 58 56 55 53 51 48 42 37 31 26 29 33 28 24 28 33 28 22 21 21 20 20 21 22 23 23 24 24 25 26 30 34 33 33 33 33 34 35 37 39 41 44 43 41 39 37 35 32 30 27 26 24 23 21 21 20 20 19 20 20 21 21 21 22 22 23 23 23 24 24 24 23 20 18 18 18 18 19 -9999 -9999 -9999 -9999 -9999 -9999
43 38 41 44 47 50 48 46 46 47 51 55 56 57 57 58 54 51 44 36 30 24 25 25 27 28 30 32 26 21 21 20 21 21 22 23 23 24 26 28 29 29 31 33 32 32 32 32 32 33 34 36 38 39 38 37 35 34 31 29 28 28 25 23 23 22 21 21 20 19 19 19 20 21 21 22 22 22 23 24 24 25 24 24 22 20 19 18 19 -9999 -9999 -9999 -9999 -9999 -9999 -9999
39 29 32 36 41 45 46 47 43 40 45 50 54 57 60 63 58 53 45 36 29 22 20 17 25 33 32 31 25 20 20 20 21 21 22 23 23 24 28 32 32 32 32 32 32 31 31 31 31 31 32 33 34 35 34 33 32 31 28 26 27 28 25 22 22 23 22 22 20 18 18 18 19 20 21 22 22 22 23 25 25 25 25 25 24 23 21 19 19 19 -9999 -9999 -9999 -9999 -9999 -9999
33 28 31 33 36 40 42 45 41 38 43 48 49 51 54 57 55 54 45 37 30 23 20 17 21 26 29 32 26 21 20 19 21 22 23 25 26 27 29 31 31 32 32 32 32 31 31 30 30 29 30 31 31 32 31 30 30 29 27 25 26 28 25 23 22 21 21 20 19 18 18 17 18 19 20 21 21 22 23 24 25 25 25 25 24 23 22 21 20 19 19 -9999 -9999 -9999 -9999 -9999
27 28 29 31 32 34 38 43 40 36 41 45 45 44 48 51 53 54 46 38 31 24 21 17 18 19 26 32 27 22 20 19 20 22 25 27 28 29 29 29 30 31 32 32 31 31 30 30 28 27 27 28 29 30 29 27 28 28 26 24 26 27 25 23 21 20 19 19 18 18 17 17 17 17 18 19 21 22 23 24 25 25 25 25 24 23 23 23 21 20 -9999 -9999 -9999 -9999 -9999 -9999
29 28 28 28 30 31 33 35 33 31 35 38 40 43 46 48 50 52 44 36 30 24 23 21 19 18 21 24 21 18 18 18 21 25 28 31 31 30 31 32 32 32 33 33 32 31 30 30 28 27 27 27 28 29 28 27 27 27 26 25 24 24 23 21 20 19 19 19 18 17 17 17 17 18 18 19 21 22 24 25 26 26 26 25 24 23 23 23 22 21 -9999 -9999 -9999 -9999 -9999 -9999
30 29 27 25 27 29 28 28 27 26 28 31 36 41 43 45 47 49 42 34 29 24 24 25 20 16 15 15 15 15 16 16 22 27 31 36 33 31 33 34 34 33 33 33 32 31 31 30 28 27 26 26 27 28 28 27 27 27 26 26 23 21 20 19 19 19 19 18 17 17 17 17 17 18 19 19 21 22 25 27 27 27 26 25 24 24 23 23 23 -9999 -9999 -9999 -9999 -9999 -9999 -9999
32 31 29 26 26 25 25 24 25 25 27 29 33 36 36 36 36 36 32 27 25 23 25 27 23 19 17 15 15 16 17 19 22 26 29 33 31 30 31 32 32 32 32 32 32 32 31 31 29 27 25 24 25 26 26 26 26 26 25 24 24 23 22 20 20 19 19 18 18 17 18 18 19 20 21 21 23 24 25 25 25 24 23 22 22 22 22 23 23 -9999 -9999 -9999 -9999 -9999 -9999 -9999
34 34 31 28 25 22 21 20 22 25 26 28 30 32 29 27 25 22 21 20 21 21 26 30 26 23 19 14 16 17 19 21 23 24 27 30 30 29 30 30 30 30 30 30 31 32 32 32 29 26 24 23 23 24 25 26 26 26 24 22 24 25 24 22 21 20 19 18 18 18 18 19 21 22 23 23 25 26 25 23 22 21 20 20 20 20 21 23 23 -9999 -9999 -9999 -9999 -9999 -9999 -9999
34 34 31 29 25 22 20 19 20 21 23 26 27 29 28 27 24 21 20 19 19 19 22 25 23 20 17 15 16 18 21 23 25 26 29 31 32 33 33 33 31 29 29 30 31 32 33 34 30 27 25 22 22 22 22 23 23 24 23 22 24 25 23 22 22 21 21 20 20 20 21 21 22 24 23 23 25 26 24 22 20 19 18 18 18 19 21 23 24 -9999 -9999 -9999 -9999 -9999 -9999 -9999
35 35 32 30 26 22 20 18 18 18 21 24 25 27 26 26 22 19 18 17 18 18 19 20 19 17 16 15 17 19 22 25 27 29 30 32 34 37 36 36 32 27 28 29 31 32 34 36 32 27 25 22 21 20 20 20 21 22 22 23 23 24 23 23 22 22 22 22 22 22 23 24 24 25 24 23 25 26 23 20 19 17 16 16 16 17 20 23 24 -9999 -9999 -9999 -9999 -9999 -9999 -9999
37 37 34 32 27 21 20 18 20 22 22 21 22 22 22 22 21 20 19 17 18 19 19 19 18 17 17 16 18 20 22 24 25 26 27 28 30 32 33 33 30 26 28 29 31 32 33 35 31 27 25 22 21 20 20 21 22 23 24 24 24 24 24 23 23 22 23 23 23 23 23 24 24 24 24 23 23 23 22 20 19 17 17 16 17 19 21 24 -9999 -9999 -9999 -9999 -9999 -9999 -9999 -9999
39 39 37 34 28 21 20 19 23 26 23 19 18 17 18 19 20 21 19 17 19 20 19 18 18 18 17 17 19 21 22 23 24 24 24 24 26 28 29 30 28 25 27 29 30 32 32 33 30 27 24 22 21 20 21 21 23 25 25 26 25 25 24 23 23 23 24 25 25 24 24 24 24 23 23 22 22 21 21 20 19 18 17 17 18 20 22 -9999 -9999 -9999 -9999 -9999 -9999 -9999 -9999 -9999
41 40 39 37 33 29 24 20 25 29 24 19 18 18 18 19 19 20 18 17 19 20 19 18 18 18 18 18 19 20 22 23 24 24 24 24 25 26 27 27 26 24 25 27 28 29 29 29 27 25 24 23 22 21 22 23 24 26 27 28 26 25 24 23 23 23 25 27 26 25 25 25 24 24 23 22 22 21 21 21 20 19 19 19 20 22 -9999 -9999 -9999 -9999 -9999 -9999 -9999 -9999 -9999 -9999
43 41 41 40 38 36 29 22 27 32 26 19 19 19 19 19 19 19 18 17 19 20 20 19 19 19 19 20 19 19 21 23 24 25 24 24 24 24 24 24 24 24 24 24 25 27 26 25 24 23 24 25 24 23 23 24 26 27 28 29 28 26 25 24 24 24 26 29 28 27 26 26 25 24 23 22 22 21 21 21 21 20 21 21 23 24 -9999 -9999 -9999 -9999 -9999 -9999 -9999 -9999 -9999 -9999
43 42 41 40 37 35 30 26 30 33 27 20 19 19 19 19 19 19 18 18 19 20 20 20 20 20 19 19 20 22 22 23 24 25 25 25 26 28 28 28 29 30 28 27 27 28 27 26 25 24 25 26 25 24 25 25 27 28 29 30 29 27 26 25 25 25 27 28 28 27 27 26 26 25 23 22 22 23 22 22 21 21 21 22 22 23 -9999 -9999 -9999 -9999 -9999 -9999 -9999 -9999 -9999 -9999
43 44 41 39 37 34 32 30 32 34 27 21 20 19 19 19 19 19 19 19 20 20 20 20 21 21 20 18 21 24 23 23 24 25 26 26 29 31 32 32 35 37 33 29 29 29 28 26 26 25 26 26 26 26 26 26 28 29 30 32 30 28 27 26 26 27 27 28 28 28 27 27 26 25 24 22 23 24 23 23 22 22 22 22 22 23 -9999 -9999 -9999 -9999 -9999 -9999 -9999 -9999 -9999 -9999
42 42 41 41 40 39 37 35 36 38 29 21 21 20 20 21 20 20 21 21 21 21 23 25 23 22 22 22 23 25 24 23 25 27 28 28 30 31 31 31 33 34 32 31 31 30 29 27 26 26 27 29 29 29 29 29 30 32 32 32 31 29 28 27 27 27 28 28 28 27 26 26 25 24 24 23 24 24 23 22 22 22 22 22 23 23 -9999 -9999 -9999 -9999 -9999 -9999 -9999 -9999 -9999 -9999
40 40 41 42 43 44 42 40 40 41 31 22 21 21 22 22 22 21 22 23 23 22 25 29 26 22 24 25 25 25 24 22 26 30 30 31 31 30 30 30 31 31 32 32 32 32 30 28 27 26 29 32 32 32 32 31 33 35 34 33 32 30 29 27 28 28 28 28 27 27 25 24 24 23 24 24 25 25 23 22 22 22 22 22 23 23 -9999 -9999 -9999 -9999 -9999 -9999 -9999 -9999 -9999 -9999
40 39 40 40 41 43 42 41 41 40 32 25 24 23 23 23 23 23 23 24 24 25 26 26 26 26 27 28 28 27 25 23 27 31 32 32 33 33 33 34 33 33 33 33 32 32 30 28 28 28 31 33 33 33 33 32 34 36 37 38 37 35 32 29 30 30 31 32 30 28 26 24 24 25 25 25 26 26 24 22 22 22 22 22 23 23 -9999 -9999 -9999 -9999 -9999 -9999 -9999 -9999 -9999 -9999
40 39 38 38 40 41 42 43 41 39 34 28 27 25 24 23 23 24 24 24 26 27 26 24 27 30 31 31 30 29 26 24 29 33 34 34 35 36 36 37 35 34 34 33 32 31 29 28 29 30 32 35 34 33 34 34 36 37 40 42 42 41 36 32 32 32 34 36 32 29 26 23 24 26 26 27 27 27 24 22 22 23 23 23 23 23 -9999 -9999 -9999 -9999 -9999 -9999 -9999 -9999 -9999 -9999
37 36 35 33 36 38 39 41 39 36 33 30 30 29 30 31 32 33 32 32 29 26 26 25 27 29 31 34 31 28 26 24 30 35 35 36 37 37 37 37 35 33 32 31 31 31 31 31 32 32 34 35 34 34 36 37 38 38 40 41 40 39 35 30 31 31 31 31 30 28 26 23 26 29 28 28 27 26 25 24 23 23 23 23 23 24 -9999 -9999 -9999 -9999 -9999 -9999 -9999 -9999 -9999 -9999
