homework/Homework_5_files/or_precip_1983_01.asc
ncols 407
nrows 229
xllcorner -124.73958333333
yllcorner 41.73958333333
cellsize 0.02083333333
NODATA_value -9999
[rows 132 to 175 of 229, columns 288 to 383 of 407]
39 37 34 31 30 28 24 20 18 15 10 6 5 5 4 3 3 3 5 6 7 8 10 13 18 22 21 20 24 27 27 27 27 28 28 28 30 31 31 32 33 35 34 34 34 34 33 33 33 33 33 34 33 31 33 36 37 38 39 39 35 31 33 36 37 37 39 40 41 42 41 41 40 40 38 37 38 38 38 37 37 37 37 37 38 38 -9999 -9999 -9999 -9999 -9999 -9999 -9999 -9999 -9999 -9999
35 34 33 31 30 28 26 23 21 20 15 9 7 6 5 4 4 5 6 7 8 9 11 13 17 21 20 19 23 27 27 27 28 30 31 31 32 32 33 33 35 36 36 36 36 36 35 33 33 33 35 37 36 35 35 34 38 42 39 35 35 36 36 37 36 36 37 39 39 39 38 38 38 38 38 37 38 39 38 37 37 37 37 37 38 38 -9999 -9999 -9999 -9999 -9999 -9999 -9999 -9999 -9999 -9999
32 32 32 31 30 29 27 26 25 24 19 13 10 6 6 5 6 6 7 8 9 9 11 13 16 20 19 18 23 28 27 26 30 33 34 34 34 34 34 35 37 38 38 38 38 38 36 34 34 33 36 39 39 39 36 32 38 45 38 31 36 40 39 37 36 35 36 37 37 36 36 35 35 35 37 38 39 40 38 37 37 37 37 37 38 38 -9999 -9999 -9999 -9999 -9999 -9999 -9999 -9999 -9999 -9999
30 29 29 29 28 28 27 26 26 26 21 17 12 8 8 8 8 9 10 11 11 12 14 15 17 18 18 18 21 23 23 23 27 30 32 34 35 35 36 37 38 39 39 38 38 38 36 34 34 35 38 40 40 40 37 33 37 42 38 35 37 39 38 38 37 36 37 38 37 36 36 35 35 36 37 39 39 40 39 37 37 37 37 37 37 38 -9999 -9999 -9999 -9999 -9999 -9999 -9999 -9999 -9999 -9999
27 26 27 27 27 27 27 27 27 28 24 20 15 10 10 10 11 12 12 13 14 16 16 17 17 17 18 19 19 18 19 19 24 28 31 35 36 37 38 40 40 40 39 39 38 38 36 34 35 37 39 42 41 41 37 34 37 39 39 38 38 38 38 38 38 38 38 38 38 37 36 35 36 36 38 39 40 40 39 38 37 37 37 37 37 37 -9999 -9999 -9999 -9999 -9999 -9999 -9999 -9999 -9999 -9999
24 23 23 23 24 24 24 24 25 25 20 16 14 11 12 12 13 14 15 15 16 16 16 16 17 17 18 20 19 17 18 19 22 25 27 30 31 33 35 36 37 38 38 37 37 37 37 38 39 39 41 42 42 41 37 34 35 37 38 38 38 38 38 37 37 37 37 37 37 37 36 35 36 36 37 38 39 40 39 38 38 37 37 37 37 37 -9999 -9999 -9999 -9999 -9999 -9999 -9999 -9999 -9999 -9999
21 20 20 19 20 21 21 22 22 22 17 12 12 12 13 14 16 17 17 18 17 17 17 16 17 17 19 21 19 17 17 18 20 21 23 25 27 29 31 33 34 36 36 36 36 36 39 42 42 42 42 43 43 42 38 33 34 36 36 37 37 37 37 37 37 37 37 37 37 37 36 35 36 37 37 37 38 39 38 38 38 38 38 38 37 37 -9999 -9999 -9999 -9999 -9999 -9999 -9999 -9999 -9999 -9999
22 21 21 20 20 20 20 20 20 20 17 14 14 13 15 17 18 19 19 19 18 17 17 17 17 17 18 20 18 17 17 18 19 21 22 23 24 25 28 30 32 33 34 36 37 38 40 42 42 43 43 44 42 41 39 36 36 36 36 37 36 36 36 37 37 37 36 36 37 37 37 36 37 37 37 36 37 38 38 38 38 38 38 37 37 37 -9999 -9999 -9999 -9999 -9999 -9999 -9999 -9999 -9999 -9999
23 23 22 21 20 18 18 18 18 18 17 17 16 15 17 20 20 21 20 20 19 17 17 17 17 17 18 19 18 17 17 18 19 20 20 21 22 22 25 28 29 30 33 36 38 41 41 42 43 43 44 45 42 40 40 40 38 36 36 36 35 34 35 36 36 36 36 36 37 37 38 38 38 37 37 36 37 37 37 38 38 38 37 37 37 37 -9999 -9999 -9999 -9999 -9999 -9999 -9999 -9999 -9999 -9999
22 22 22 22 21 19 19 18 20 22 22 22 20 18 19 19 20 20 20 20 19 18 17 17 17 17 18 18 18 17 17 17 18 19 19 20 20 21 25 29 29 30 33 36 38 39 40 40 42 44 44 45 43 42 39 37 36 35 35 36 35 34 35 36 36 36 36 36 37 37 40 42 41 40 38 36 37 37 38 38 38 38 37 37 37 37 -9999 -9999 -9999 -9999 -9999 -9999 -9999 -9999 -9999 -9999
22 22 22 22 21 21 19 18 22 26 27 27 24 21 20 19 19 20 20 20 19 18 17 17 18 18 17 17 17 17 17 17 18 18 18 18 19 20 24 29 29 29 33 37 38 38 38 38 41 44 44 44 44 44 39 33 34 34 35 35 35 34 35 36 36 36 36 36 37 37 42 46 44 43 40 36 37 38 38 38 38 38 37 37 37 37 -9999 -9999 -9999 -9999 -9999 -9999 -9999 -9999 -9999 -9999
21 21 21 20 20 19 18 17 20 23 25 27 25 22 20 19 19 19 19 19 19 18 18 19 18 17 17 17 17 17 17 16 17 18 18 18 19 20 25 29 29 29 33 37 37 37 37 37 40 43 44 44 43 43 38 33 34 34 35 35 35 35 36 37 36 36 36 36 37 38 40 43 42 40 40 40 39 38 38 38 38 38 37 37 37 37 -9999 -9999 -9999 -9999 -9999 -9999 -9999 -9999 -9999 -9999
20 20 19 19 18 18 17 17 18 20 24 27 25 23 20 18 18 18 18 19 18 18 19 20 18 17 17 17 17 17 16 16 17 18 18 18 19 20 25 29 29 29 33 37 37 37 37 37 40 43 43 44 42 41 37 33 34 34 35 35 35 35 37 38 37 36 36 36 37 38 39 40 39 38 40 43 41 39 38 38 38 37 37 37 37 37 -9999 -9999 -9999 -9999 -9999 -9999 -9999 -9999 -9999 -9999
20 19 18 17 17 17 16 16 18 19 21 23 22 21 20 18 17 16 16 17 17 17 18 18 18 17 17 17 17 17 17 17 17 18 18 18 20 21 25 30 30 30 34 37 37 37 37 36 40 44 44 45 44 43 40 37 36 35 35 35 35 36 37 38 37 36 36 36 37 39 39 39 38 37 39 40 39 38 38 37 39 40 39 39 39 38 -9999 -9999 -9999 -9999 -9999 -9999 -9999 -9999 -9999 -9999
19 19 17 15 15 15 15 15 17 19 19 19 20 20 19 18 16 14 14 15 15 16 16 17 17 17 17 17 17 17 17 18 18 18 18 19 20 22 26 31 31 32 34 37 37 37 36 36 40 45 45 46 45 45 43 42 39 35 35 35 36 36 37 37 36 36 36 36 38 40 38 37 37 37 37 38 37 37 37 37 40 42 41 41 40 39 -9999 -9999 -9999 -9999 -9999 -9999 -9999 -9999 -9999 -9999
18 19 17 15 15 15 15 15 17 18 18 18 18 19 18 18 17 16 16 16 16 16 16 17 17 17 17 17 17 17 17 17 18 18 18 19 21 23 27 31 31 31 35 38 38 37 37 37 41 44 43 43 42 42 42 41 40 38 37 35 36 36 37 37 36 35 35 35 36 38 38 37 37 37 37 37 37 37 38 39 43 46 43 41 41 41 -9999 -9999 -9999 -9999 -9999 -9999 -9999 -9999 -9999 -9999
18 18 17 15 15 15 15 15 16 16 16 16 17 18 18 18 18 19 18 18 17 17 17 17 17 17 17 17 17 17 17 17 17 17 19 20 22 24 28 31 31 31 35 40 39 38 38 38 41 44 41 39 39 40 40 41 41 41 38 35 36 37 37 37 36 35 34 34 35 37 37 37 37 36 37 37 37 37 39 41 46 50 46 41 42 42 -9999 -9999 -9999 -9999 -9999 -9999 -9999 -9999 -9999 -9999
17 16 16 15 15 15 15 15 16 16 16 16 16 17 17 17 17 17 17 17 17 17 17 17 17 17 17 17 17 17 17 17 17 18 19 20 27 33 33 33 34 36 38 41 41 40 39 38 40 43 41 39 39 40 40 41 39 37 36 36 36 36 37 37 37 38 36 35 36 36 37 37 37 37 38 38 38 37 42 47 50 54 50 45 46 47 -9999 -9999 -9999 -9999 -9999 -9999 -9999 -9999 -9999 -9999
15 15 15 15 15 15 15 15 15 16 16 16 16 16 16 16 16 16 16 16 16 16 17 17 17 18 18 18 17 17 17 17 18 18 20 21 31 41 38 34 37 40 41 43 42 41 40 39 40 41 40 39 39 39 40 41 37 34 35 36 36 35 37 38 39 40 38 37 37 36 36 37 37 37 38 40 39 38 45 52 55 59 54 49 50 51 -9999 -9999 -9999 -9999 -9999 -9999 -9999 -9999 -9999 -9999
15 15 15 15 15 15 15 15 15 16 16 16 16 16 16 16 16 16 16 16 16 16 17 17 18 18 18 18 18 18 18 19 19 19 21 23 29 34 34 33 35 36 37 37 38 38 37 37 38 39 39 38 39 39 39 40 38 37 37 36 35 33 35 37 38 39 38 36 36 36 40 43 46 49 49 48 43 37 41 45 48 51 48 45 48 51 -9999 -9999 -9999 -9999 -9999 -9999 -9999 -9999 -9999 -9999
15 14 14 15 15 15 15 15 15 16 16 17 17 17 16 16 16 16 16 16 16 16 17 17 18 18 18 18 19 20 20 20 20 19 22 25 26 28 29 31 32 32 32 32 33 34 35 35 36 36 37 38 38 38 38 39 40 41 39 37 34 31 33 35 36 38 37 36 36 36 43 49 56 62 59 56 47 37 38 38 41 43 42 42 46 50 -9999 -9999 -9999 -9999 -9999 -9999 -9999 -9999 -9999 -9999
15 14 14 15 15 15 15 15 15 16 16 17 19 20 18 16 16 16 16 16 16 16 17 17 18 18 18 19 19 20 20 21 19 18 19 21 24 27 27 28 28 28 28 27 30 33 34 35 39 42 40 38 38 37 40 43 43 43 38 33 32 31 33 35 36 37 36 36 37 37 42 46 58 70 62 54 47 39 40 41 43 45 45 44 48 51 -9999 -9999 -9999 -9999 -9999 -9999 -9999 -9999 -9999 -9999
14 14 14 15 15 15 15 15 15 16 16 17 20 24 20 16 17 17 17 16 16 16 17 17 17 18 18 19 20 21 21 21 19 17 17 17 21 26 25 24 24 24 23 23 27 31 33 35 42 48 44 39 38 37 42 47 45 44 36 29 30 31 33 35 35 36 36 36 37 39 41 43 61 78 65 53 47 42 43 44 46 48 47 46 49 52 -9999 -9999 -9999 -9999 -9999 -9999 -9999 -9999 -9999 -9999
15 15 15 15 15 15 15 15 15 15 16 17 19 21 21 21 21 21 18 16 18 21 21 22 22 22 23 24 22 21 19 18 17 16 17 18 21 24 23 23 23 23 23 23 27 31 32 34 38 43 40 37 37 36 38 40 40 41 33 25 27 29 33 38 40 41 40 39 44 48 64 80 88 97 79 60 58 55 55 56 54 53 53 52 55 59 -9999 -9999 -9999 -9999 -9999 -9999 -9999 -9999 -9999 -9999
15 15 15 15 15 15 15 15 15 15 16 17 17 17 21 25 25 25 20 16 20 25 26 26 26 26 27 28 24 21 18 15 15 15 18 20 21 21 21 21 21 22 22 22 26 30 31 33 35 38 36 35 35 35 34 32 35 37 30 22 25 27 34 41 44 46 44 42 50 58 87 116 116 116 92 68 69 69 68 68 63 58 58 59 62 65 -9999 -9999 -9999 -9999 -9999 -9999 -9999 -9999 -9999 -9999
15 15 15 15 16 18 18 18 17 15 18 20 19 17 19 21 21 21 18 15 18 21 24 27 26 26 29 31 27 23 21 19 18 16 17 18 19 20 20 20 22 23 23 24 27 30 33 35 35 34 32 30 29 28 27 26 28 30 26 23 30 37 41 44 47 50 51 53 66 80 94 108 106 103 90 78 79 80 78 77 70 63 66 70 69 68 -9999 -9999 -9999 -9999 -9999 -9999 -9999 -9999 -9999 -9999
15 15 15 15 18 20 21 21 19 16 20 24 20 16 16 16 16 17 16 15 16 18 22 27 27 26 30 34 29 25 24 23 20 17 17 17 18 19 19 20 22 24 25 26 28 31 34 38 34 31 28 25 23 22 21 20 21 22 23 24 36 47 47 47 50 53 58 63 82 102 101 100 95 90 88 87 89 90 88 86 77 67 74 81 76 71 71 -9999 -9999 -9999 -9999 -9999 -9999 -9999 -9999 -9999
19 19 19 18 21 23 24 24 23 21 22 24 22 20 20 20 18 16 16 16 16 17 20 24 25 26 29 32 29 26 23 20 18 17 17 17 18 19 20 20 22 25 25 26 28 30 33 37 36 35 30 25 24 24 25 26 29 32 32 32 39 47 47 48 52 55 60 64 76 88 88 88 87 85 87 89 91 92 91 90 82 73 77 80 76 72 72 -9999 -9999 -9999 -9999 -9999 -9999 -9999 -9999 -9999
22 22 22 21 23 25 26 27 26 26 25 25 24 24 24 24 20 16 16 16 16 17 18 20 23 26 28 29 28 27 22 17 17 17 17 17 18 20 20 20 22 25 26 26 27 29 32 36 38 40 33 25 26 26 29 32 37 42 41 40 43 46 48 49 53 58 61 65 69 73 75 76 78 81 86 91 93 94 94 94 87 79 79 80 77 74 72 -9999 -9999 -9999 -9999 -9999 -9999 -9999 -9999 -9999
27 27 26 26 27 28 29 30 31 32 32 32 30 28 27 27 29 31 29 27 27 27 26 24 25 26 27 28 25 22 19 17 17 17 17 17 18 19 20 22 23 25 25 25 26 27 28 29 28 28 27 26 27 27 31 34 38 42 40 39 41 43 46 48 51 53 56 59 63 67 69 71 74 76 80 84 85 86 88 89 85 81 80 79 76 74 71 -9999 -9999 -9999 -9999 -9999 -9999 -9999 -9999 -9999
31 32 31 30 30 31 32 33 36 38 39 39 36 32 31 30 38 46 42 38 38 38 33 28 27 27 27 27 22 16 16 16 17 17 17 17 18 19 21 24 24 24 24 24 24 25 23 21 19 16 22 27 28 29 32 35 38 41 40 39 39 39 43 48 48 49 51 53 57 61 64 66 69 72 75 78 78 78 81 84 84 83 81 79 76 74 71 -9999 -9999 -9999 -9999 -9999 -9999 -9999 -9999 -9999
33 33 34 35 36 36 36 37 39 42 43 44 45 46 42 38 40 43 41 38 36 34 31 29 28 27 27 26 21 16 17 17 17 17 17 17 19 21 23 25 24 24 24 24 24 24 23 22 19 16 21 26 28 30 32 34 36 37 37 37 37 37 40 43 45 46 48 49 53 58 61 65 67 70 71 73 74 75 77 80 81 82 79 76 74 72 68 -9999 -9999 -9999 -9999 -9999 -9999 -9999 -9999 -9999
35 34 37 40 41 41 41 41 43 45 47 48 54 61 53 46 43 40 39 39 35 30 30 30 29 28 27 26 21 16 17 17 17 17 18 18 20 22 24 25 25 24 24 23 23 23 22 22 19 16 20 25 28 32 33 33 33 33 35 36 35 35 37 39 41 44 44 44 49 54 59 63 65 68 67 67 69 72 74 76 78 80 77 74 72 70 66 -9999 -9999 -9999 -9999 -9999 -9999 -9999 -9999 -9999
40 39 42 45 46 47 46 45 48 51 52 52 60 69 63 58 50 42 41 39 37 34 31 27 25 23 23 22 20 17 17 17 18 19 18 18 19 20 22 23 23 23 23 23 22 20 21 21 19 18 21 24 27 30 31 32 32 32 33 34 34 33 36 38 40 42 43 44 47 49 54 58 62 65 65 65 66 68 69 71 74 76 76 77 74 70 66 -9999 -9999 -9999 -9999 -9999 -9999 -9999 -9999 -9999
45 44 47 49 51 54 52 50 53 57 57 57 67 77 74 70 57 44 42 39 39 38 32 25 21 18 18 18 18 18 18 17 19 20 19 17 18 19 20 21 21 21 22 22 20 18 19 20 20 20 21 23 26 28 30 31 31 32 32 33 32 31 35 38 39 39 41 43 44 45 49 54 58 62 63 63 64 64 65 67 69 72 76 79 75 71 66 -9999 -9999 -9999 -9999 -9999 -9999 -9999 -9999 -9999
48 47 47 47 52 58 62 65 65 65 66 67 74 81 78 74 64 54 52 50 43 37 32 27 24 21 22 23 21 19 21 22 21 20 19 18 18 18 20 21 21 21 21 21 19 17 18 18 19 20 22 24 25 27 29 30 31 33 32 32 31 31 33 35 36 36 38 40 41 43 46 49 52 55 57 59 60 61 62 63 66 70 73 77 72 68 65 -9999 -9999 -9999 -9999 -9999 -9999 -9999 -9999 -9999
52 51 48 44 53 63 71 80 77 73 75 77 81 86 82 78 72 65 62 60 48 35 32 29 27 25 27 29 25 21 24 27 23 19 19 18 18 18 19 20 20 20 20 20 18 17 17 17 18 19 22 24 25 26 28 29 31 34 32 30 31 32 32 33 32 32 35 37 39 40 43 45 46 48 51 54 56 58 59 59 63 67 71 74 70 65 64 -9999 -9999 -9999 -9999 -9999 -9999 -9999 -9999 -9999
57 56 55 55 60 66 75 85 87 88 90 91 91 90 86 82 76 70 58 46 39 32 29 26 26 26 28 30 27 24 25 25 24 22 20 18 18 17 17 17 19 20 19 19 18 17 17 17 17 18 20 23 24 25 26 27 28 29 29 28 29 29 29 30 29 28 31 34 36 38 40 42 43 44 47 51 53 56 56 57 60 62 64 66 67 67 65 -9999 -9999 -9999 -9999 -9999 -9999 -9999 -9999 -9999
61 61 63 65 67 69 79 89 96 103 104 105 100 94 90 85 80 76 54 32 30 28 26 24 26 27 29 31 29 27 26 24 24 24 21 18 17 16 15 15 17 19 19 18 17 17 16 16 16 16 19 21 22 23 24 24 24 24 25 26 26 26 27 27 26 25 28 30 33 36 37 38 39 39 44 48 51 53 54 55 56 58 58 58 64 69 65 -9999 -9999 -9999 -9999 -9999 -9999 -9999 -9999 -9999
82 93 93 93 90 87 91 95 102 110 112 114 111 108 109 110 83 56 43 30 29 28 26 25 26 27 29 31 29 28 26 25 24 24 21 18 17 16 15 14 16 17 17 16 16 16 16 16 16 16 18 20 21 21 22 22 22 22 23 24 24 25 25 25 25 25 27 28 30 31 33 35 36 37 40 44 47 50 51 51 53 55 55 55 62 70 67 -9999 -9999 -9999 -9999 -9999 -9999 -9999 -9999 -9999
104 126 124 122 113 105 103 101 108 116 120 124 123 123 129 135 85 35 31 27 27 27 27 26 27 27 29 31 30 28 27 25 24 23 20 17 17 17 15 14 15 15 15 15 15 16 16 16 16 16 17 19 19 19 20 21 21 21 21 21 22 23 23 24 25 26 26 26 27 27 29 32 33 34 37 40 43 47 47 48 51 53 52 52 61 71 68 -9999 -9999 -9999 -9999 -9999 -9999 -9999 -9999 -9999
127 154 165 177 157 138 133 127 130 133 131 129 137 146 118 89 61 33 31 30 29 28 28 28 28 28 29 30 29 28 27 25 24 23 20 17 17 17 16 14 15 15 15 15 15 16 16 16 16 16 17 17 18 18 18 19 19 20 21 21 22 23 24 24 25 26 26 26 26 26 29 31 32 33 37 40 42 45 45 46 48 51 50 50 57 64 63 -9999 -9999 -9999 -9999 -9999 -9999 -9999 -9999 -9999
150 182 207 232 202 171 162 154 152 150 142 135 152 169 106 44 37 30 31 33 30 28 29 29 29 29 29 29 28 27 26 25 24 22 20 18 17 16 16 15 15 15 15 15 15 15 15 15 15 16 16 16 16 16 17 17 18 19 20 21 22 23 24 25 25 26 25 25 26 26 28 30 31 33 36 39 41 43 43 43 46 48 48 48 53 58 58 -9999 -9999 -9999 -9999 -9999 -9999 -9999 -9999 -9999
163 193 216 238 220 203 190 176 172 169 164 159 156 153 96 40 36 32 31 30 27 25 28 31 31 30 30 30 29 28 27 25 24 22 21 19 18 17 16 15 15 15 15 15 15 15 15 15 15 16 16 16 16 16 17 17 18 18 20 21 22 24 24 25 26 27 27 27 27 28 29 31 33 35 40 44 48 52 54 55 53 51 53 55 58 61 62 -9999 -9999 -9999 -9999 -9999 -9999 -9999 -9999 -9999
