homework/Homework_5_files/or_precip_1983_02.asc
ncols 407
nrows 229
xllcorner -124.73958333333
yllcorner 41.73958333333
cellsize 0.02083333333
NODATA_value -9999
[rows 129 to 171 of 229, columns 96 to 191 of 407]
248 249 252 254 247 240 243 246 243 241 245 248 245 242 239 236 241 247 251 254 255 256 261 267 267 268 267 267 266 265 266 267 271 275 284 293 295 298 290 283 264 246 230 215 213 211 207 203 213 223 215 207 189 172 168 164 162 160 157 154 148 143 141 140 134 128 123 117 115 112 109 105 102 99 86 73 64 55 51 47 47 46 45 44 46 48 50 52 49 46 43 39 36 32 31 30
253 256 260 264 257 250 248 246 240 233 235 237 234 231 232 232 238 243 240 236 240 243 250 256 256 257 257 257 266 275 279 283 285 287 291 295 296 297 289 281 259 237 216 195 197 199 198 196 227 257 234 211 190 169 165 160 158 155 154 154 148 143 142 140 134 128 123 117 117 117 115 113 110 108 95 82 72 62 54 46 45 45 44 44 50 56 56 57 52 47 45 43 38 34 33 32
248 248 249 251 251 252 252 253 243 233 234 235 231 227 227 227 233 238 245 252 256 260 260 260 258 255 263 271 276 280 285 289 291 293 296 299 299 299 291 284 262 240 214 188 193 199 196 193 213 233 212 190 177 165 162 159 156 152 153 154 150 146 143 140 136 133 130 126 124 122 120 118 117 116 104 92 82 71 61 51 47 44 44 45 48 51 51 52 49 46 44 42 38 34 34 34
243 240 239 237 245 253 256 260 247 234 233 232 228 223 223 223 227 232 250 268 272 277 271 264 259 254 270 286 285 285 290 295 297 299 301 303 302 301 294 287 265 243 212 180 189 198 194 190 200 210 189 168 165 161 160 158 153 148 151 154 151 148 144 139 139 138 137 136 131 127 125 124 124 123 113 103 91 80 68 56 49 42 44 45 46 46 46 47 46 44 43 42 38 35 35 35
245 246 254 262 258 255 265 275 262 248 247 245 237 229 226 224 231 237 247 258 259 259 262 265 266 267 269 271 276 282 288 295 299 304 310 317 312 308 298 287 257 228 204 181 182 183 180 177 182 187 178 168 169 169 166 162 157 153 154 156 155 154 150 145 143 142 139 137 131 126 125 124 122 121 115 109 95 82 70 58 52 45 44 43 43 42 44 46 45 44 43 42 39 37 35 33
246 252 269 287 271 256 273 290 276 263 261 258 246 234 230 226 234 242 245 248 245 242 254 266 272 279 268 256 268 279 287 295 302 309 320 331 323 315 301 287 250 212 197 182 175 168 166 164 164 164 166 168 173 177 172 166 162 157 158 159 160 161 156 151 148 145 142 138 131 124 124 124 121 118 116 114 99 84 73 61 55 48 45 41 40 39 42 45 44 44 43 42 40 38 35 32
250 252 262 273 275 277 294 312 295 277 267 257 247 237 232 227 235 243 245 246 256 267 267 266 262 258 265 272 285 299 305 312 315 317 322 327 316 305 284 263 235 206 193 180 175 170 169 168 166 164 166 169 172 176 170 164 161 158 159 160 161 161 157 153 149 146 142 137 134 130 127 124 120 116 109 102 91 80 70 60 55 50 49 48 45 42 43 45 45 45 44 42 41 39 37 34
254 252 255 258 278 298 316 334 313 291 273 255 247 239 234 229 237 245 244 244 268 292 279 266 252 237 262 287 303 318 324 329 327 325 324 322 309 295 267 239 220 200 190 179 175 172 171 171 168 164 167 170 172 174 168 163 161 160 161 162 162 162 158 155 151 146 141 136 136 136 130 125 119 114 102 91 83 76 68 60 55 51 53 55 50 45 45 45 45 46 44 43 42 40 39 37
257 249 248 248 265 282 293 304 300 296 278 259 249 238 235 231 243 254 255 256 264 271 271 270 264 258 268 277 290 304 308 313 317 320 323 327 353 378 319 260 224 188 181 174 195 215 222 228 198 169 179 190 182 174 168 163 162 161 161 161 159 157 154 151 146 141 136 131 128 126 122 117 113 108 100 91 83 74 67 60 56 51 55 58 54 50 50 51 50 50 47 44 43 41 40 38
260 246 242 237 252 266 271 275 288 300 282 263 250 237 235 233 249 264 266 268 259 251 262 274 276 279 273 267 278 289 293 297 306 314 323 331 397 462 371 280 227 175 172 169 214 259 272 285 229 174 192 210 192 174 168 163 162 162 161 161 157 153 150 148 142 136 131 126 121 116 113 109 106 103 97 92 82 72 66 60 56 52 57 62 58 55 56 57 55 53 50 46 44 42 40 38
243 236 242 248 257 266 273 279 285 292 271 250 243 236 241 246 260 273 280 287 277 268 273 279 282 286 288 290 292 294 305 316 307 297 301 305 355 404 352 300 235 169 179 188 223 257 255 253 218 182 184 186 177 168 165 162 162 161 158 155 151 147 144 140 134 129 124 120 115 110 107 104 101 98 91 85 78 70 66 62 58 55 58 61 60 58 57 55 54 54 51 49 47 46 42 39
227 226 242 259 263 266 275 283 283 283 260 237 236 236 247 259 271 282 294 305 295 285 284 283 288 293 302 312 306 300 318 336 308 279 279 279 313 346 333 321 242 163 185 207 231 255 238 222 206 191 176 161 161 161 161 161 161 161 156 150 146 142 137 132 127 122 118 114 109 104 101 98 95 93 85 78 73 69 66 64 61 58 60 61 61 61 57 53 54 54 53 51 50 49 44 39
230 232 237 243 246 249 254 258 260 262 254 246 241 236 248 260 275 291 294 296 291 285 281 278 287 296 310 323 320 318 323 328 318 308 287 266 267 268 263 259 219 178 204 229 239 249 249 250 227 203 182 161 161 161 161 161 161 160 153 146 142 138 132 126 121 117 115 113 109 104 100 96 93 89 84 78 72 66 65 63 62 60 60 60 59 57 56 55 54 54 53 52 50 49 46 42
233 238 232 226 230 233 232 232 236 240 248 255 245 235 248 261 280 300 293 287 287 286 279 272 286 300 317 335 335 335 328 321 329 337 295 253 221 189 193 197 195 193 222 251 247 243 260 278 247 216 188 161 161 161 161 162 160 158 150 142 138 133 127 120 116 112 112 112 108 104 99 95 90 86 82 78 71 64 63 62 62 62 61 60 56 53 54 56 55 54 53 53 51 48 47 45
238 240 237 234 234 234 235 235 239 244 251 258 248 238 243 247 259 271 268 265 264 264 266 267 280 292 308 323 325 326 322 317 329 342 298 253 227 200 207 213 210 207 209 210 207 205 215 226 209 192 179 165 165 164 164 164 160 157 149 141 136 131 124 118 113 108 108 108 104 100 95 90 86 83 78 74 69 63 63 62 60 58 59 60 57 53 53 54 53 53 52 52 50 48 46 44
244 243 242 242 239 236 237 238 242 247 253 260 251 242 237 233 238 242 242 242 242 242 253 263 273 284 298 312 315 318 315 313 330 347 300 254 232 211 220 230 226 222 195 168 168 168 170 173 171 168 169 170 168 167 167 166 161 155 147 139 134 129 122 116 110 104 104 104 99 95 90 85 82 80 75 71 67 63 62 61 58 54 57 61 57 54 53 51 52 52 51 51 49 48 45 43
254 257 252 247 243 239 239 240 244 249 257 265 264 262 256 249 246 243 251 259 263 267 268 269 272 274 291 307 310 313 313 312 305 297 269 240 228 215 216 218 225 233 215 197 185 172 173 174 173 172 177 182 175 167 164 160 155 149 142 136 131 126 120 115 109 103 102 102 97 92 87 82 79 77 73 69 65 62 61 61 58 55 57 59 57 55 54 53 53 53 52 50 49 48 47 46
264 270 262 253 247 242 242 243 246 250 260 270 276 283 274 266 255 244 260 276 284 292 284 276 270 265 284 303 306 308 310 312 279 247 237 227 223 219 212 206 225 244 235 227 201 176 175 174 175 175 184 194 181 167 161 154 148 143 138 132 128 123 119 114 108 102 101 100 94 89 84 79 76 74 71 68 64 60 60 61 58 55 57 58 57 56 56 55 55 54 52 50 49 49 49 49
295 301 279 256 251 247 246 246 251 255 270 286 287 288 282 276 267 257 268 278 285 293 288 282 284 285 288 290 297 304 313 322 302 283 277 270 246 222 218 213 217 221 214 206 194 182 176 170 170 170 173 176 169 163 161 159 153 148 142 136 131 126 122 118 112 106 101 96 91 85 81 76 73 70 67 64 60 56 56 56 54 52 55 58 57 56 56 55 54 54 52 50 50 49 49 49
325 333 296 260 255 251 251 250 255 260 281 301 297 293 290 287 279 270 275 280 287 293 291 289 297 305 291 277 289 300 316 332 326 319 317 314 270 226 223 220 209 199 193 186 187 187 177 166 165 164 161 158 158 158 161 165 158 152 146 140 135 130 126 122 117 111 102 93 87 82 77 73 70 67 64 61 56 51 51 51 50 50 54 58 57 56 56 55 54 53 52 51 50 49 49 48
296 300 280 260 257 254 254 254 262 270 279 288 287 286 287 288 282 276 278 281 284 288 286 285 287 289 288 286 297 307 314 321 318 314 303 292 254 215 219 224 214 205 199 193 188 183 173 164 160 157 166 175 180 185 181 177 174 171 165 158 152 146 141 136 122 108 100 93 86 80 76 72 68 64 61 58 54 50 50 51 51 51 53 55 56 57 55 54 53 53 52 51 51 50 49 49
266 267 264 261 259 257 258 258 269 280 277 274 277 279 284 289 285 281 281 281 282 282 281 280 277 273 284 295 305 315 313 311 309 308 289 270 237 204 215 227 219 211 205 199 189 178 170 161 155 149 171 193 203 213 201 189 189 189 183 176 169 163 156 150 128 105 99 92 85 79 75 71 66 62 58 55 51 48 50 51 51 52 51 51 54 57 54 52 52 52 52 52 51 50 50 49
264 265 269 274 267 260 259 259 265 272 271 270 274 278 282 286 280 274 275 276 275 275 275 276 275 273 281 288 294 299 296 293 290 286 278 269 249 230 230 231 219 207 199 190 183 175 169 163 168 172 192 211 215 220 210 200 195 190 183 176 169 162 154 147 133 119 114 108 96 85 77 69 65 61 58 54 51 48 50 51 52 53 53 52 54 56 55 54 54 54 53 52 52 51 51 50
262 262 275 287 275 263 261 259 262 264 265 266 271 277 280 283 275 268 269 270 269 267 269 272 272 273 277 281 282 284 279 274 270 265 266 268 262 256 245 235 219 203 192 181 176 172 168 165 180 195 212 229 228 227 219 211 201 191 184 176 168 161 152 144 138 133 129 124 108 91 79 68 64 60 57 54 51 49 50 52 53 53 54 54 54 54 55 56 56 56 54 53 52 52 51 51
275 258 266 273 267 261 260 259 260 261 263 264 267 271 273 274 270 265 267 270 270 270 272 274 274 274 276 277 278 278 277 275 272 269 269 270 254 238 231 224 214 204 194 184 176 168 169 170 198 226 225 225 224 223 215 207 198 190 181 173 162 152 146 141 135 129 125 121 110 99 83 68 64 60 57 54 53 51 51 51 53 54 55 55 55 56 55 55 55 56 55 53 52 52 51 50
289 255 257 260 259 259 259 258 259 259 260 262 263 265 265 266 264 263 266 269 270 272 274 276 275 275 274 274 273 273 274 275 274 272 273 273 247 221 217 213 208 204 195 186 176 165 170 176 216 257 239 220 220 219 211 202 195 188 179 169 156 144 140 137 131 124 121 118 112 107 87 67 64 60 57 54 54 53 51 50 53 55 56 56 57 57 55 54 55 56 55 54 53 52 51 49
316 296 288 280 269 258 259 259 260 261 262 263 264 265 265 266 264 262 265 268 270 272 272 273 272 271 270 269 269 270 275 281 279 278 277 277 259 241 236 232 234 236 213 189 178 167 170 172 210 248 235 222 220 219 209 199 192 185 175 164 151 138 134 129 124 118 118 117 109 101 84 68 64 60 57 54 53 51 51 51 52 54 57 59 60 61 58 56 56 56 55 54 53 52 50 48
343 336 318 300 279 258 259 259 261 263 263 264 264 265 265 266 264 262 265 268 270 271 270 269 268 267 266 264 265 266 276 286 285 284 282 280 270 260 256 252 260 268 230 191 180 169 169 169 204 239 231 223 221 220 208 196 189 182 171 160 146 133 127 121 117 112 114 116 106 96 82 68 64 60 56 53 51 50 51 52 52 52 57 62 64 66 62 57 57 56 55 54 52 51 49 47
328 320 309 297 280 263 262 261 264 267 266 264 272 279 278 277 271 265 267 270 270 271 269 267 267 266 264 262 263 264 277 290 290 290 280 271 261 251 246 242 241 240 215 189 181 172 174 175 207 238 230 222 215 209 200 192 183 174 166 159 146 134 129 124 120 116 113 111 102 93 83 72 66 60 55 51 48 46 47 48 49 49 53 56 58 61 59 56 56 55 54 53 51 50 48 46
313 304 299 294 280 267 265 263 267 271 268 265 280 294 292 289 279 268 270 271 271 271 269 266 265 264 262 259 261 263 278 293 294 296 279 262 252 242 237 231 222 212 200 188 181 175 179 182 209 237 228 220 210 199 193 187 177 167 162 157 146 135 131 128 123 119 113 106 98 90 84 77 68 60 54 49 45 42 44 45 46 46 48 50 53 56 56 55 55 54 53 51 50 49 47 45
306 301 291 282 274 267 265 262 266 269 268 266 277 288 286 284 277 269 271 272 272 272 270 269 271 274 267 260 262 264 280 296 289 282 267 252 242 233 225 216 206 196 188 181 178 174 176 178 198 217 213 209 204 199 191 183 172 161 155 149 142 136 129 122 117 113 108 103 95 87 81 74 69 63 58 54 50 46 45 45 43 41 44 46 48 51 52 52 52 53 51 49 48 47 45 44
298 297 284 270 268 267 264 261 264 267 267 267 274 282 281 279 275 270 272 273 273 273 272 272 277 283 272 262 264 266 282 299 283 268 255 241 233 225 213 200 190 180 177 175 174 173 174 175 186 198 198 198 199 200 189 179 167 156 148 140 138 137 127 116 111 106 103 100 92 84 78 72 69 67 63 58 54 49 47 44 40 37 39 42 44 46 47 48 50 51 49 47 46 45 44 43
277 277 272 267 266 265 263 261 263 266 266 266 272 277 278 280 276 273 273 273 273 273 274 274 276 278 270 263 265 266 274 283 274 265 245 225 216 207 199 191 185 178 176 174 173 172 173 174 181 189 190 192 203 213 205 197 174 151 145 140 136 133 121 110 105 100 98 97 91 85 80 76 73 70 66 62 58 54 51 47 44 41 40 39 41 43 44 45 47 48 48 47 47 47 49 51
255 257 260 264 263 263 262 261 262 264 265 266 269 272 276 281 278 275 274 273 273 273 275 276 274 272 268 265 265 266 266 267 265 263 236 209 199 189 185 182 179 177 174 172 172 172 172 173 176 180 183 186 207 227 221 215 181 147 143 139 134 128 116 104 99 94 94 94 89 85 83 80 77 74 70 66 62 58 54 51 48 45 41 36 38 40 41 42 43 45 46 47 48 50 54 59
253 254 256 258 258 258 260 262 264 266 267 268 271 275 277 280 278 276 273 271 270 269 270 271 268 266 266 267 269 271 270 268 252 235 220 205 197 189 183 176 176 176 174 172 172 171 172 173 175 177 177 178 186 193 189 185 166 148 142 136 131 126 118 111 105 100 98 96 91 86 84 83 80 78 74 71 67 63 59 54 52 49 45 41 44 46 46 45 46 47 49 52 55 59 62 64
251 251 252 253 253 254 258 263 265 267 269 270 274 277 279 280 278 276 273 269 267 266 265 265 262 260 265 269 273 276 273 269 238 208 204 201 195 190 180 171 173 174 173 172 171 171 171 172 173 174 172 170 165 159 158 156 152 148 141 133 128 123 120 117 111 105 102 99 93 88 86 85 84 83 79 76 72 68 63 58 55 53 50 47 50 53 51 48 49 49 53 57 63 69 69 70
248 246 248 250 253 255 262 268 269 271 272 273 276 279 278 278 276 273 271 268 267 266 267 268 272 275 281 287 286 286 280 274 245 216 210 203 197 190 186 182 179 177 174 170 168 166 165 164 163 163 163 164 157 149 148 147 143 138 132 126 124 122 123 124 124 124 120 115 111 106 101 96 94 92 88 84 80 75 69 63 61 58 57 56 59 62 63 64 62 60 60 59 63 68 68 67
245 242 244 247 252 257 265 273 273 274 275 277 279 281 278 276 273 270 269 268 267 267 269 271 281 291 298 306 300 295 286 278 251 224 215 206 198 191 191 192 186 180 174 169 165 161 158 156 154 152 155 159 149 139 139 138 133 128 124 120 120 120 126 131 137 144 137 131 128 125 116 107 104 102 97 93 88 82 76 69 66 64 65 65 68 71 76 80 76 71 66 62 64 67 66 65
253 247 247 248 251 255 263 271 273 275 276 277 280 282 277 271 269 267 268 268 269 269 271 274 288 302 312 323 319 315 290 266 248 229 223 217 215 214 202 191 182 174 168 163 160 157 154 150 147 144 146 148 143 138 135 133 127 121 119 117 117 118 133 148 159 170 181 193 195 197 172 148 138 128 120 111 99 86 82 79 89 99 94 88 85 81 82 83 83 83 80 77 74 71 64 57
261 252 250 249 251 252 261 269 272 275 277 278 280 283 275 267 265 264 266 269 270 271 274 277 295 313 327 340 337 335 294 254 244 235 232 228 233 237 213 190 179 168 162 156 155 154 149 144 140 136 136 137 136 136 131 127 120 113 114 114 115 116 140 164 180 196 226 255 262 269 229 189 172 154 142 129 110 90 89 89 111 134 122 111 101 90 88 87 91 95 94 93 84 75 62 49
247 242 245 248 262 275 279 283 283 284 282 281 280 278 272 267 266 264 267 270 270 270 272 275 296 318 334 350 327 304 277 249 244 239 234 230 239 249 218 187 175 164 159 154 153 152 147 141 139 136 136 135 132 128 125 123 118 113 112 112 113 115 138 162 190 217 248 279 306 333 286 238 205 171 155 139 119 99 96 94 110 127 121 115 109 103 103 103 106 109 105 101 82 63 55 48
233 232 240 248 273 298 297 296 294 292 288 285 279 272 269 266 266 265 267 270 269 269 270 272 297 323 342 361 317 273 259 245 244 242 237 231 246 260 222 184 172 160 156 151 151 150 144 139 137 136 135 134 128 121 120 118 115 112 111 110 112 113 137 160 199 238 271 303 351 398 343 288 238 188 168 149 128 108 103 98 109 120 120 119 118 117 118 119 121 123 116 109 80 51 49 48
276 259 273 286 304 321 315 309 304 299 288 278 275 272 273 275 273 272 272 271 271 270 279 287 305 323 340 357 320 284 276 269 272 275 267 259 261 262 218 174 164 155 152 149 147 145 141 137 136 134 134 133 128 122 120 117 117 117 113 108 112 115 137 159 207 254 276 298 322 345 311 277 238 199 177 155 135 115 108 102 112 121 122 122 121 121 128 134 134 133 116 100 74 49 48 47
