homework/Homework_5_files/or_precip_1983_11.asc
ncols 407
nrows 229
xllcorner -124.73958333333
yllcorner 41.73958333333
cellsize 0.02083333333
NODATA_value -9999
[rows 126 to 167 of 229, columns 96 to 191 of 407]
269 241 245 248 261 274 267 260 271 282 303 323 309 295 274 253 256 259 280 302 305 308 307 306 289 273 275 278 287 297 305 314 338 361 396 430 412 394 373 352 345 337 322 308 297 287 279 272 273 274 259 244 210 175 161 148 141 135 140 145 128 111 110 109 108 107 104 100 99 98 93 88 85 83 72 62 58 54 53 52 51 51 50 50 49 49 49 48 47 46 46 45 45 46 46 46
281 265 261 256 261 267 264 262 267 273 287 302 297 292 269 246 255 264 284 305 306 308 317 325 318 312 313 315 315 316 322 328 340 353 374 395 391 386 365 344 328 313 298 282 273 263 253 243 240 237 227 216 191 165 153 142 136 130 129 129 118 107 108 109 108 107 104 102 101 99 96 92 89 86 74 63 58 54 52 51 51 50 50 50 50 50 51 51 51 50 49 47 46 45 45 46
292 289 277 264 261 259 261 264 264 264 272 280 284 288 264 239 254 270 288 307 307 308 326 345 348 351 351 352 344 335 338 341 343 344 352 360 369 378 357 335 312 290 273 257 248 239 226 214 207 199 194 188 171 155 145 136 131 126 119 112 108 104 107 109 108 106 105 104 102 101 98 96 93 90 77 64 59 54 52 49 50 50 50 50 50 50 52 54 54 54 52 50 47 44 45 45
311 314 307 300 287 275 275 275 261 248 256 264 259 255 252 248 265 282 279 276 279 281 294 307 309 311 319 328 333 338 342 346 346 346 346 346 354 361 344 326 303 280 257 235 230 225 215 204 202 201 194 187 166 145 137 129 126 122 116 109 106 104 105 107 108 108 105 101 103 105 103 102 99 96 84 72 66 60 55 51 51 50 50 50 53 56 57 58 57 55 53 52 49 47 47 47
329 338 337 336 313 291 288 286 258 231 239 247 235 222 239 257 275 294 269 245 250 255 263 270 271 272 287 303 322 342 347 351 350 348 340 331 338 345 331 316 293 270 242 213 212 212 203 195 198 202 193 185 160 135 129 122 120 118 112 106 105 103 104 105 108 111 105 99 104 109 108 107 105 102 91 80 73 66 59 53 52 51 51 51 56 62 62 62 59 56 55 54 51 49 49 48
316 309 309 309 309 309 303 296 262 227 230 233 225 217 228 239 255 272 272 273 280 287 286 286 280 275 301 327 336 346 352 359 357 355 349 342 349 356 337 319 294 269 235 202 204 206 199 192 190 188 172 156 143 130 127 123 120 116 112 107 105 104 107 110 111 113 111 110 112 114 113 112 111 109 99 90 81 73 65 57 54 50 50 49 54 58 59 59 57 55 54 53 52 50 49 48
304 281 281 282 305 328 318 307 265 224 222 220 215 211 216 221 235 250 275 300 310 319 310 301 289 278 314 351 350 350 358 366 364 362 358 353 360 367 344 321 294 268 229 190 195 201 195 189 181 174 151 128 127 126 125 123 119 114 111 108 106 104 109 114 115 115 118 121 120 120 119 117 117 116 108 99 90 80 70 61 55 50 49 48 51 55 55 56 55 54 54 53 52 50 49 48
289 280 284 288 307 325 330 334 304 273 268 262 249 237 229 222 239 257 270 284 285 287 296 305 312 319 323 328 336 343 353 363 364 365 374 383 382 382 358 335 286 237 211 185 184 183 176 169 161 153 140 127 127 127 126 125 120 115 113 110 109 107 111 115 118 122 121 121 119 116 116 115 114 113 108 104 93 82 72 63 58 52 50 48 50 51 53 55 55 54 54 53 52 50 49 49
274 278 287 295 309 323 342 361 342 322 313 305 283 262 242 223 243 264 265 267 261 254 281 309 334 360 333 306 321 336 348 359 364 369 391 413 404 396 372 349 277 206 193 181 173 164 156 149 141 133 130 127 128 129 128 126 121 116 114 113 111 110 113 116 122 128 125 122 117 112 113 113 111 110 109 108 96 84 74 65 60 55 52 49 48 48 51 54 54 54 54 53 52 50 49 49
277 279 297 314 332 350 369 388 363 339 323 308 284 260 243 226 244 263 262 262 267 272 280 287 303 319 328 338 357 375 382 389 386 383 390 397 393 389 349 308 253 198 186 174 167 161 153 145 138 132 129 127 128 129 127 126 121 116 112 108 109 110 113 116 121 125 123 121 120 118 116 113 110 107 103 99 89 80 72 64 60 56 56 55 53 51 52 54 54 55 54 53 52 51 50 49
281 280 307 333 355 378 396 415 385 355 333 312 285 258 244 229 245 262 259 257 273 290 278 266 272 278 324 370 392 415 417 420 409 398 389 381 381 382 325 268 229 191 179 167 162 157 149 141 136 131 129 127 128 129 127 125 121 117 110 104 107 110 113 116 119 123 122 121 122 123 118 114 109 104 97 89 83 77 70 64 61 57 59 61 57 53 54 54 55 55 55 54 52 51 50 49
311 327 329 332 353 374 378 383 374 365 340 316 290 263 251 238 258 278 278 278 281 284 297 310 315 319 334 350 375 400 401 403 393 382 396 410 448 486 391 296 239 181 175 168 171 175 171 167 150 133 134 136 133 131 127 123 120 117 111 106 108 110 112 115 116 118 117 116 115 114 110 105 102 98 92 86 80 74 69 63 60 56 58 59 57 55 57 58 58 57 56 55 54 53 52 50
342 374 352 331 350 370 360 351 363 375 348 320 294 268 258 248 271 294 296 299 288 277 316 354 357 360 345 330 357 385 386 387 377 367 403 440 515 591 457 324 248 172 170 168 181 193 193 193 163 134 139 145 138 132 127 122 119 117 112 108 109 110 112 114 113 113 112 111 108 105 101 96 94 92 88 83 77 71 67 63 59 55 56 57 57 58 60 62 61 59 58 57 56 55 53 51
325 346 354 361 374 388 379 371 372 372 336 299 279 259 261 263 292 321 336 352 334 316 335 354 360 366 369 373 388 403 399 394 365 335 347 359 411 463 396 329 248 167 178 190 194 199 192 185 164 144 141 139 136 132 127 122 120 117 113 109 109 110 111 112 110 108 107 105 102 99 96 92 89 85 80 75 71 67 65 63 61 59 60 60 58 56 57 58 59 60 58 56 55 54 53 52
308 319 355 391 399 406 398 390 380 370 324 278 264 249 264 279 314 349 377 405 380 355 354 353 362 371 393 415 419 422 411 401 353 304 291 278 306 334 334 334 248 161 186 211 208 205 191 177 165 153 144 134 133 132 127 122 120 118 114 110 110 109 110 110 107 104 101 99 96 94 91 88 83 78 72 66 64 63 63 63 63 63 63 63 59 55 55 55 58 60 58 55 54 53 53 52
319 331 351 370 369 369 360 351 347 343 321 299 274 249 272 294 331 368 375 382 369 356 347 338 357 376 405 434 450 465 431 397 373 348 313 278 275 272 274 275 230 185 206 226 221 217 208 200 183 167 153 139 137 136 130 123 121 120 115 110 109 108 107 106 103 100 97 94 92 91 88 85 80 76 71 67 65 64 64 63 61 60 59 59 56 53 54 54 55 57 56 54 53 52 51 50
330 344 347 349 340 331 322 313 314 316 318 320 284 248 279 310 348 387 373 360 358 357 340 323 352 380 417 453 481 509 451 393 393 393 336 278 244 211 213 215 212 209 225 241 235 229 226 222 201 180 162 144 142 139 132 125 123 121 115 110 108 106 104 103 100 97 93 88 88 88 85 81 77 73 70 68 66 65 64 63 60 57 56 55 53 52 53 54 53 53 53 53 52 51 50 48
324 333 334 335 326 317 311 304 310 317 323 329 297 265 271 278 301 325 316 307 310 312 315 318 340 363 408 454 482 511 459 407 399 390 328 266 244 222 223 224 221 219 210 200 202 203 200 197 184 171 158 145 143 141 134 127 124 121 115 110 107 103 101 98 95 92 88 84 84 84 80 76 73 69 67 64 63 62 60 59 56 53 53 53 52 50 51 52 52 52 52 53 51 50 48 47
319 322 321 321 312 304 299 295 307 318 328 339 310 282 264 246 255 263 259 255 261 267 290 313 329 345 400 455 484 513 468 422 405 388 321 254 243 233 233 232 231 229 194 160 169 178 174 171 166 162 153 145 144 142 135 128 124 120 115 110 105 101 97 94 90 87 83 79 79 79 75 71 68 66 63 61 59 58 56 55 52 50 50 51 50 49 49 49 50 51 51 52 50 48 47 46
318 321 317 314 306 298 291 284 299 315 331 346 332 317 301 285 276 268 284 301 315 330 330 330 327 324 382 440 460 481 452 422 376 329 289 250 245 240 238 237 238 239 219 200 189 178 176 173 170 166 164 163 153 143 136 128 124 121 116 110 106 102 98 94 90 87 83 80 77 75 70 66 64 63 61 59 58 57 55 54 53 52 51 50 49 47 48 48 49 49 49 48 47 46 46 46
318 320 313 307 299 291 282 273 292 311 333 354 353 352 338 323 298 273 310 347 370 393 370 346 324 302 364 425 437 449 435 422 346 269 258 246 246 247 244 241 245 249 244 240 210 179 177 175 173 171 176 180 163 145 136 128 125 122 116 111 106 102 98 94 91 87 84 80 75 70 66 61 60 59 58 57 56 55 54 53 53 54 51 49 48 46 46 47 47 47 46 44 44 44 45 45
319 323 313 304 297 291 284 277 294 310 347 383 378 373 358 344 322 300 328 356 380 403 385 366 364 362 374 385 410 434 451 467 420 372 316 261 254 247 244 241 236 230 223 216 200 184 181 178 175 172 173 175 163 151 147 143 138 132 127 122 118 114 110 106 102 97 90 83 78 73 68 63 61 59 58 57 55 54 53 52 51 51 50 48 46 44 45 45 46 46 45 44 44 43 44 44
321 326 313 300 295 290 286 282 295 309 360 412 403 395 379 364 346 328 347 366 390 413 400 386 404 423 384 345 383 420 466 512 493 474 375 276 261 247 243 240 226 212 202 192 190 189 184 180 177 174 171 169 163 158 158 159 151 143 138 133 129 125 122 118 112 106 97 87 81 75 71 66 62 59 57 56 55 54 52 50 49 48 48 47 45 43 43 44 44 45 44 43 43 43 43 43
313 314 306 299 295 292 291 289 311 333 349 366 366 367 377 387 367 347 364 380 389 398 388 379 386 394 383 373 406 439 460 482 470 458 371 283 255 227 243 258 241 224 211 198 196 194 188 182 180 178 181 184 180 177 172 167 163 159 154 149 143 138 134 130 120 110 101 91 85 78 73 67 63 59 57 56 55 54 52 50 48 47 46 46 45 43 43 43 43 44 43 43 42 42 42 42
305 302 299 297 295 294 295 297 327 356 338 319 329 338 374 410 388 367 380 394 388 382 377 372 368 365 382 400 429 458 455 452 447 442 366 290 249 207 242 276 256 235 220 205 202 199 192 185 184 183 190 198 198 197 186 176 176 176 170 165 158 151 146 142 128 114 105 96 89 82 75 69 64 59 57 56 55 54 51 49 47 46 45 45 44 44 43 43 43 43 42 42 42 42 42 42
301 299 297 295 300 305 299 293 308 322 308 294 314 335 362 390 362 335 345 355 354 352 357 361 361 362 376 390 405 420 413 407 405 403 365 327 311 295 290 285 255 224 214 204 200 196 192 187 193 200 207 214 208 202 190 178 173 168 163 158 152 146 141 137 127 118 112 105 95 85 77 69 64 60 58 55 54 52 50 48 47 45 44 44 43 43 42 42 42 42 42 42 42 42 42 42
298 295 295 294 305 316 303 290 289 288 279 269 300 331 350 370 337 304 310 316 319 323 337 351 355 359 370 381 382 382 372 361 363 364 364 364 374 384 339 294 254 214 208 202 198 193 191 190 203 217 223 229 218 206 193 181 171 161 156 151 146 141 136 132 127 122 118 115 101 88 78 69 65 61 58 55 53 51 49 47 46 44 43 43 42 42 42 41 41 41 42 42 42 41 41 41
314 293 292 292 296 300 292 283 281 278 269 261 276 292 311 329 308 287 299 311 325 338 350 362 361 360 364 368 368 368 364 360 359 359 351 344 331 318 292 266 243 221 219 217 203 190 192 194 217 240 233 226 214 203 193 182 173 165 161 157 148 138 134 129 123 118 115 113 103 94 81 68 64 60 57 54 52 50 48 46 45 44 43 42 42 42 41 41 41 41 41 41 41 41 40 40
330 290 290 289 287 284 280 276 272 268 260 252 252 252 271 289 279 270 288 307 330 353 363 374 368 362 358 355 354 353 356 358 356 354 339 323 288 252 245 238 233 229 230 231 209 187 193 198 230 262 242 222 211 200 192 184 176 168 166 163 149 136 131 126 120 114 112 110 106 101 84 67 64 60 57 54 51 49 47 45 44 43 43 42 42 41 41 41 41 41 41 41 40 40 39 39
332 306 300 294 288 283 285 286 278 270 265 261 258 255 267 279 278 277 289 301 320 339 349 359 356 353 350 347 347 347 350 353 350 347 338 329 307 285 270 255 256 257 245 232 208 185 193 201 231 261 245 228 218 208 199 191 184 178 171 164 150 136 132 128 123 118 114 110 103 95 82 69 64 59 56 53 51 48 46 45 44 43 43 43 42 42 42 41 41 41 41 41 40 40 39 38
334 321 310 298 290 283 290 297 284 271 271 270 264 257 263 268 276 285 290 294 309 324 334 345 345 345 342 338 340 341 345 348 344 339 337 335 326 317 295 273 280 286 260 234 208 182 193 205 232 260 247 235 226 217 207 197 192 188 177 165 151 137 133 129 125 121 115 109 100 90 81 72 65 59 56 52 50 47 46 45 44 43 43 43 43 43 42 42 41 41 41 40 40 39 38 37
320 321 312 303 300 297 298 299 286 273 280 287 279 271 274 276 283 289 305 321 335 349 344 338 340 342 338 333 336 339 351 363 365 367 348 328 309 291 275 260 257 255 238 222 206 189 199 208 232 256 243 230 221 211 204 196 191 185 175 164 151 139 136 132 128 124 118 111 102 93 85 77 69 62 56 51 48 45 44 44 43 42 42 42 43 43 42 42 41 41 41 40 40 39 38 37
306 321 314 307 309 311 306 302 289 275 289 303 294 285 285 285 289 293 320 348 361 374 353 331 336 340 334 328 333 337 357 377 387 396 358 321 293 265 256 246 235 224 217 210 203 197 204 211 231 252 238 225 215 206 200 195 189 183 173 163 151 140 138 136 131 127 120 113 105 96 89 82 73 64 57 49 46 43 43 43 42 41 41 41 42 43 42 42 42 41 41 40 40 39 38 37
321 339 328 317 314 312 305 297 292 286 299 311 321 331 324 318 311 304 332 359 365 371 358 344 350 356 344 332 336 340 358 376 378 380 342 303 284 264 251 238 226 214 209 204 201 197 201 204 219 233 228 223 215 208 201 193 184 175 166 156 149 141 135 129 124 120 116 113 103 94 87 80 73 66 59 52 48 45 43 41 41 41 41 41 42 42 42 42 43 43 42 41 40 39 38 38
335 357 342 326 320 314 303 292 295 297 308 319 347 376 364 352 334 315 343 371 369 367 362 358 365 372 354 336 339 342 359 375 370 364 325 286 275 264 246 229 217 205 202 199 198 197 197 198 206 215 218 220 215 211 201 192 179 167 159 150 146 143 132 122 117 112 112 112 102 91 85 78 73 69 62 55 51 47 43 39 40 40 41 41 42 42 42 43 43 44 43 41 40 39 39 38
331 349 334 318 315 311 297 282 284 286 292 298 326 353 361 370 351 332 347 361 363 366 364 362 363 365 352 339 340 342 348 354 349 343 304 266 254 243 231 220 212 204 202 199 197 196 192 188 199 210 214 217 224 231 224 216 192 168 160 152 146 141 129 118 114 110 109 107 99 91 86 81 76 71 65 59 55 52 48 44 42 40 40 40 41 42 42 42 43 43 43 42 43 43 44 46
328 342 326 310 310 309 290 271 273 275 277 278 304 329 358 387 368 349 350 351 358 364 365 366 362 357 349 341 341 341 338 334 328 322 283 245 234 223 216 210 207 204 201 199 197 195 187 178 192 205 210 214 233 252 247 241 206 170 162 154 147 139 126 113 111 109 105 102 97 92 87 83 78 73 68 63 60 56 52 48 44 40 40 40 40 41 41 41 42 42 43 44 45 47 50 54
313 319 308 296 293 289 283 276 272 268 278 288 315 341 361 382 369 356 348 340 340 339 344 350 347 344 343 343 344 345 339 332 310 288 260 232 224 216 212 207 205 202 200 198 198 197 191 185 195 205 205 204 212 219 216 212 192 172 163 155 147 139 129 119 115 111 108 105 98 92 89 85 81 77 73 68 64 61 57 52 49 45 44 43 45 48 46 45 45 45 47 49 52 56 58 60
299 296 289 282 276 269 275 281 271 260 279 298 326 353 364 376 369 363 346 330 321 313 324 335 332 330 337 345 347 349 340 331 293 255 237 220 215 210 207 204 203 201 200 198 198 198 195 192 199 206 200 195 191 186 184 182 178 173 164 155 147 139 132 125 119 113 111 108 100 93 90 88 85 82 77 73 69 66 61 56 53 50 48 47 50 54 51 48 48 48 51 55 60 65 65 66
282 276 273 270 273 275 275 274 278 282 302 321 341 361 360 358 352 347 332 318 319 320 329 339 346 354 357 361 353 346 339 333 298 263 248 233 226 219 210 200 197 193 192 191 191 191 189 188 191 194 192 190 184 177 173 169 164 160 154 147 142 138 135 132 135 139 134 129 121 112 106 99 95 91 86 81 77 73 67 61 58 54 55 56 60 64 63 63 61 58 58 58 61 65 65 65
265 257 257 258 270 282 274 267 286 305 325 345 357 369 355 341 336 330 318 306 317 327 335 343 360 378 377 377 360 343 339 336 303 270 259 247 238 228 212 196 191 185 184 183 183 183 184 185 183 182 183 185 177 168 162 155 151 147 143 139 138 137 138 140 152 164 157 150 141 132 121 111 105 100 95 90 85 80 73 66 63 59 62 66 69 73 75 77 73 69 65 60 63 66 65 64
263 257 258 259 266 274 269 264 274 284 303 321 339 356 340 324 317 311 310 310 320 329 336 343 369 394 398 403 383 363 341 320 289 259 252 246 237 229 214 199 192 184 183 182 182 182 182 183 180 177 175 173 166 159 154 149 146 144 140 136 136 137 146 156 168 180 186 192 188 184 164 144 134 123 115 107 95 82 79 76 83 90 87 84 84 83 82 81 82 84 82 79 75 70 64 57
