homework/Homework_5_files/or_precip_1983_11.asc
ncols 407
nrows 229
xllcorner -124.73958333333
yllcorner 41.73958333333
cellsize 0.02083333333
NODATA_value -9999
[rows 168 to 209 of 229, columns 288 to 383 of 407]
43 43 42 41 49 56 60 64 66 67 73 79 83 87 98 108 105 102 102 102 81 59 58 57 53 50 54 59 54 50 54 58 57 55 53 51 47 43 42 41 43 46 44 43 41 38 36 33 37 42 46 50 51 53 56 59 63 67 71 74 78 82 84 86 81 76 75 73 77 81 83 84 83 81 85 88 85 82 86 90 92 94 105 115 113 112 110 -9999 -9999 -9999 -9999 -9999 -9999 -9999 -9999 -9999
45 45 46 47 52 57 61 66 70 75 81 87 90 92 103 113 109 106 97 88 72 56 54 51 54 57 68 80 72 65 61 57 56 55 52 49 46 43 42 41 42 42 41 40 38 36 35 34 36 38 43 47 50 53 54 55 58 62 67 71 75 78 79 81 77 74 74 74 75 77 78 79 79 79 83 87 85 83 85 87 88 90 98 105 107 109 112 -9999 -9999 -9999 -9999 -9999 -9999 -9999 -9999 -9999
47 48 51 53 55 57 62 67 75 84 90 96 97 97 107 117 114 110 92 74 64 53 49 45 55 64 83 101 91 80 68 56 55 54 51 47 45 43 42 41 40 39 38 38 36 35 35 34 35 35 40 45 49 52 52 51 54 57 63 69 71 73 75 76 74 72 73 74 73 73 74 74 76 77 81 85 84 84 84 84 85 85 91 96 101 107 114 -9999 -9999 -9999 -9999 -9999 -9999 -9999 -9999 -9999
55 59 61 63 63 63 66 69 76 82 93 104 108 112 124 136 116 95 79 62 58 54 51 49 57 66 81 97 89 81 73 65 60 55 50 45 42 40 39 38 39 39 37 35 35 34 34 34 35 35 39 43 45 48 49 50 52 55 58 62 62 63 66 69 70 71 73 75 74 74 73 73 74 75 80 85 87 89 87 85 86 87 90 93 103 112 116 -9999 -9999 -9999 -9999 -9999 -9999 -9999 -9999 -9999
63 70 72 73 71 69 70 70 76 81 97 112 119 126 141 155 117 79 65 51 52 54 53 53 60 67 80 93 88 82 78 74 65 55 49 43 39 36 35 34 37 39 36 33 33 34 34 34 34 35 38 41 42 43 45 48 50 52 54 56 54 52 57 62 66 71 73 76 76 75 73 71 73 74 79 85 89 93 90 86 87 88 89 90 104 118 118 -9999 -9999 -9999 -9999 -9999 -9999 -9999 -9999 -9999
68 75 79 83 80 76 76 77 83 89 103 116 127 139 128 118 91 64 60 57 56 56 57 58 65 72 80 87 83 80 77 74 64 53 47 41 38 35 35 34 35 37 35 33 33 33 33 34 34 35 36 38 39 40 42 44 46 48 51 54 55 57 62 67 69 72 73 74 74 75 74 73 74 75 79 83 89 94 92 90 91 91 92 94 102 110 112 -9999 -9999 -9999 -9999 -9999 -9999 -9999 -9999 -9999
74 81 87 93 88 83 83 84 90 97 108 120 136 151 116 80 64 49 56 63 60 57 60 63 71 78 79 80 79 78 76 74 62 50 44 39 37 35 34 34 34 34 34 33 32 31 32 33 34 34 35 36 36 37 38 39 42 44 48 51 57 62 67 72 73 74 73 72 73 75 75 75 75 75 78 82 88 95 95 95 95 94 96 97 100 103 106 -9999 -9999 -9999 -9999 -9999 -9999 -9999 -9999 -9999
76 82 89 96 95 94 97 99 104 109 123 138 141 144 106 67 61 55 55 55 53 51 63 75 82 90 89 89 86 84 78 73 61 49 45 41 38 36 35 34 34 33 33 32 32 31 32 33 33 34 35 36 36 36 38 40 43 45 48 50 55 59 65 70 75 80 79 78 79 80 80 81 82 82 86 90 97 103 105 106 103 100 103 106 110 115 115 -9999 -9999 -9999 -9999 -9999 -9999 -9999 -9999 -9999
78 83 91 98 102 106 110 114 118 122 139 155 146 137 96 55 57 60 54 47 45 44 65 86 94 101 99 97 93 90 80 71 59 47 45 43 40 36 35 34 33 33 32 32 32 31 32 32 33 34 35 35 35 35 38 41 44 46 48 49 53 57 63 69 78 86 85 84 84 85 86 87 89 90 94 99 105 112 115 117 112 106 110 115 120 126 123 -9999 -9999 -9999 -9999 -9999 -9999 -9999 -9999 -9999
83 89 98 106 111 115 117 118 130 141 152 162 132 102 80 58 56 54 50 46 52 58 72 85 91 97 92 87 87 87 78 69 59 49 45 42 39 37 35 34 33 32 32 31 31 31 31 31 32 33 35 36 36 35 37 39 41 43 45 47 52 58 62 67 76 84 83 82 83 83 85 86 88 89 92 94 97 100 107 113 109 105 109 113 119 125 123 -9999 -9999 -9999 -9999 -9999 -9999 -9999 -9999 -9999
88 95 105 115 119 124 123 122 142 161 165 168 118 67 64 61 55 48 46 45 58 72 78 84 89 93 85 77 81 85 76 67 58 50 45 40 39 37 36 34 33 32 31 31 30 30 30 31 32 32 34 36 36 36 37 38 39 40 42 45 52 59 62 65 74 83 82 81 81 81 84 86 87 88 89 90 89 88 98 109 107 105 109 112 118 124 123 -9999 -9999 -9999 -9999 -9999 -9999 -9999 -9999 -9999
98 108 121 135 141 147 153 159 178 196 171 147 103 60 64 69 60 51 48 45 51 57 62 67 70 72 68 63 63 62 58 54 50 45 42 39 38 36 35 33 33 32 31 31 30 30 31 31 32 33 34 35 37 39 39 39 40 40 43 45 51 58 61 65 69 74 76 78 79 81 83 85 85 86 86 85 83 81 88 95 97 98 104 109 118 126 137 -9999 -9999 -9999 -9999 -9999 -9999 -9999 -9999 -9999
109 121 138 155 162 169 182 196 214 231 178 126 89 52 64 76 65 53 49 45 44 43 47 51 51 52 50 48 44 40 41 42 41 41 39 38 36 35 34 33 32 32 31 31 30 30 31 31 32 33 34 34 38 42 41 40 41 41 43 45 51 57 61 66 65 65 69 74 78 81 82 84 84 84 82 80 77 74 78 81 86 91 99 106 117 128 151 -9999 -9999 -9999 -9999 -9999 -9999 -9999 -9999 -9999
118 138 152 166 177 189 204 219 214 210 156 102 79 56 63 71 64 57 53 49 48 47 52 57 55 54 51 48 44 41 40 40 39 38 37 36 35 34 34 33 32 32 31 31 30 30 30 31 32 33 34 34 38 42 42 41 42 42 46 49 55 60 64 69 69 69 72 74 75 77 81 85 84 83 80 77 74 71 74 77 82 87 92 97 111 125 138 -9999 -9999 -9999 -9999 -9999 -9999 -9999 -9999 -9999
127 155 167 178 193 209 225 241 215 188 133 78 69 60 62 65 63 60 57 54 53 52 57 63 59 55 52 48 45 41 40 38 37 36 35 34 34 34 33 32 32 32 31 31 30 29 30 31 32 33 34 34 38 42 42 42 43 44 49 54 59 63 67 72 72 73 74 74 73 72 79 86 85 83 78 73 70 68 71 74 78 83 85 87 105 123 124 -9999 -9999 -9999 -9999 -9999 -9999 -9999 -9999 -9999
106 132 149 165 184 203 226 249 216 183 131 78 67 56 57 58 55 53 52 52 52 53 58 62 56 51 47 44 42 39 39 38 37 36 35 34 34 33 33 32 32 31 31 31 31 31 31 32 33 34 34 35 39 42 42 42 43 43 48 52 57 62 66 70 72 74 74 75 73 71 75 79 79 79 74 70 68 66 69 71 75 78 78 78 89 100 99 -9999 -9999 -9999 -9999 -9999 -9999 -9999 -9999 -9999
85 109 131 152 175 198 228 258 218 179 129 79 66 53 52 51 48 45 47 49 52 54 58 61 53 46 42 39 38 38 37 37 37 36 35 34 34 33 32 32 31 31 31 31 32 33 33 33 34 34 35 35 39 43 42 42 42 42 47 51 56 61 64 67 71 75 75 75 72 69 71 72 73 74 71 67 66 64 66 68 71 74 72 70 74 78 75 -9999 -9999 -9999 -9999 -9999 -9999 -9999 -9999 -9999
82 99 119 140 177 214 231 249 207 165 117 70 60 51 50 49 47 44 49 53 54 54 55 55 49 42 41 39 37 36 36 36 37 38 36 35 33 32 31 31 32 32 33 34 34 35 35 35 34 34 35 36 39 41 42 42 44 46 48 51 56 61 64 67 71 75 75 75 70 65 67 69 70 71 68 65 63 62 63 63 66 68 67 66 69 71 69 -9999 -9999 -9999 -9999 -9999 -9999 -9999 -9999 -9999
80 89 108 127 179 230 235 239 195 151 106 60 54 48 48 47 45 44 50 57 56 54 52 49 44 39 39 38 36 34 35 36 37 39 37 36 33 31 31 31 32 34 35 37 37 38 37 37 35 34 36 37 38 40 41 42 45 49 50 51 56 61 64 67 71 75 75 76 68 61 64 67 67 67 65 63 61 59 59 59 60 62 62 63 63 64 64 -9999 -9999 -9999 -9999 -9999 -9999 -9999 -9999 -9999
87 93 110 128 163 199 202 206 169 132 93 54 51 48 47 46 44 42 47 52 51 50 48 46 42 39 38 37 36 34 34 34 35 36 35 34 32 31 32 33 34 35 36 38 40 41 41 40 39 38 38 38 39 41 43 45 48 51 52 53 57 61 63 64 67 70 68 66 62 58 62 66 65 64 62 61 58 54 55 55 56 57 58 60 61 62 62 -9999 -9999 -9999 -9999 -9999 -9999 -9999 -9999 -9999
95 97 113 129 148 168 170 172 143 114 81 48 48 47 46 46 43 40 44 47 47 46 44 43 40 38 37 37 35 33 33 32 33 33 32 31 32 32 34 36 36 35 37 39 42 44 44 44 43 42 40 39 40 42 45 48 50 53 53 54 57 61 61 62 64 65 61 56 56 56 60 65 63 61 60 58 54 49 50 51 51 52 54 57 58 60 60 -9999 -9999 -9999 -9999 -9999 -9999 -9999 -9999 -9999
110 120 138 156 160 164 156 148 118 88 67 47 46 44 42 41 40 39 42 45 44 43 41 40 38 37 37 36 34 31 32 33 34 36 35 33 33 33 34 36 37 38 40 41 45 48 49 50 48 46 44 41 41 42 43 45 48 50 52 53 55 57 58 59 61 63 59 54 55 55 59 62 60 57 55 52 50 48 47 46 48 49 51 53 56 58 61 -9999 -9999 -9999 -9999 -9999 -9999 -9999 -9999 -9999
125 144 163 183 171 160 142 125 93 61 54 46 44 41 38 36 37 38 41 43 42 40 38 37 36 36 36 36 32 28 31 34 36 38 37 36 35 34 35 35 38 40 42 44 47 51 53 56 53 51 47 43 42 41 42 43 45 48 50 52 52 53 55 56 59 61 57 53 54 55 57 58 56 54 50 46 46 46 44 41 44 46 48 50 53 55 63 -9999 -9999 -9999 -9999 -9999 -9999 -9999 -9999 -9999
138 166 176 186 148 111 99 87 72 57 51 45 42 38 36 34 36 38 39 40 39 38 36 34 33 33 34 35 33 32 34 36 38 40 40 39 37 35 36 37 41 44 45 45 49 53 57 60 55 49 46 43 43 44 45 45 46 48 51 53 54 55 58 61 61 60 57 54 54 53 54 55 52 49 48 47 46 44 42 40 42 44 48 53 53 52 60 -9999 -9999 -9999 -9999 -9999 -9999 -9999 -9999 -9999
151 187 188 189 125 61 55 49 51 53 49 44 40 36 34 32 35 38 38 37 37 36 33 31 31 31 32 33 34 35 36 37 40 42 43 43 39 36 38 39 43 48 47 47 51 55 60 65 56 48 45 42 45 48 47 47 47 47 51 55 56 57 61 66 63 59 58 56 54 52 52 53 48 44 46 48 45 42 41 39 40 41 49 57 53 49 57 -9999 -9999 -9999 -9999 -9999 -9999 -9999 -9999 -9999
154 188 159 131 94 57 53 49 49 49 45 41 37 33 33 33 33 34 34 33 34 35 32 29 30 30 31 33 34 35 36 37 39 42 42 42 41 41 42 43 46 49 49 50 52 54 59 63 56 50 47 44 47 50 50 50 51 52 56 61 60 60 61 62 60 59 56 53 53 53 54 55 50 46 45 44 42 40 39 38 39 39 47 55 55 55 62 -9999 -9999 -9999 -9999 -9999 -9999 -9999 -9999 -9999
158 189 131 73 63 53 50 48 46 44 42 39 35 30 31 33 32 30 29 29 31 34 31 28 29 30 31 32 33 34 35 37 39 41 41 42 43 45 46 47 48 49 51 53 53 53 57 61 56 51 48 45 49 53 53 53 55 57 61 66 65 64 61 59 58 58 53 49 52 54 56 57 52 47 44 41 39 38 38 37 37 38 46 53 57 61 67 -9999 -9999 -9999 -9999 -9999 -9999 -9999 -9999 -9999
118 137 102 68 58 47 46 44 43 42 39 36 34 32 32 32 32 31 30 28 29 30 29 27 28 29 30 31 31 32 34 37 39 42 44 45 46 48 49 51 50 50 51 52 53 53 56 58 55 52 50 49 51 52 54 56 55 55 60 64 64 63 62 61 60 58 55 53 54 56 55 55 50 44 42 40 38 35 36 37 38 39 44 50 53 56 62 -9999 -9999 -9999 -9999 -9999 -9999 -9999 -9999 -9999
79 85 74 63 52 42 41 40 40 40 37 33 33 34 33 32 32 32 30 28 27 27 27 27 27 28 29 29 30 30 33 36 40 44 46 48 49 50 52 54 52 50 51 52 52 53 54 55 54 52 53 53 52 52 55 59 56 54 58 63 63 63 64 64 61 58 57 56 57 57 55 52 47 41 41 40 36 31 34 36 38 40 43 47 49 51 57 -9999 -9999 -9999 -9999 -9999 -9999 -9999 -9999 -9999
86 99 79 60 51 42 40 38 38 38 36 34 38 43 40 37 36 35 32 29 28 27 26 26 27 27 28 30 31 33 35 38 41 45 47 49 50 51 54 57 56 55 53 52 52 53 55 56 55 54 54 55 54 53 56 59 59 58 61 63 63 63 64 65 64 63 61 59 58 57 53 50 46 42 41 41 37 34 36 39 39 40 42 44 46 48 53 -9999 -9999 -9999 -9999 -9999 -9999 -9999 -9999 -9999
94 113 85 56 49 42 39 36 35 35 35 35 43 52 47 42 40 39 35 30 28 26 26 26 26 26 28 30 33 36 38 40 43 45 47 49 51 52 56 60 60 59 55 52 53 53 55 58 57 56 56 56 55 54 57 59 61 63 63 64 64 63 65 66 67 68 64 61 59 57 52 48 45 43 42 41 39 37 39 41 41 40 40 40 42 44 49 -9999 -9999 -9999 -9999 -9999 -9999 -9999 -9999 -9999
89 100 75 51 45 40 38 36 36 36 36 37 45 54 51 48 45 41 37 33 30 27 27 26 26 27 30 33 37 41 47 54 54 53 54 55 54 54 57 60 65 70 62 54 54 54 56 58 60 62 64 65 64 62 62 63 65 68 68 68 67 66 66 66 65 63 62 60 58 56 51 47 46 46 44 43 41 39 40 42 40 39 39 39 40 42 44 -9999 -9999 -9999 -9999 -9999 -9999 -9999 -9999 -9999
85 86 66 45 41 37 37 36 37 37 38 38 48 57 56 54 49 44 40 36 32 29 27 26 27 27 32 37 41 45 57 68 65 61 61 60 58 56 57 59 69 80 68 56 55 54 56 59 63 67 71 75 72 69 68 68 70 73 73 73 70 68 67 66 63 59 59 59 57 55 51 46 48 49 47 45 43 42 42 42 40 38 38 37 38 39 40 -9999 -9999 -9999 -9999 -9999 -9999 -9999 -9999 -9999
75 71 58 45 41 37 37 36 37 38 37 37 43 48 53 58 52 47 45 43 38 33 32 30 30 30 35 39 46 53 63 74 76 78 80 83 69 54 55 57 63 70 65 59 57 54 55 56 59 62 74 87 84 82 78 74 76 77 77 76 73 70 68 66 63 60 59 58 56 54 51 49 51 53 51 50 48 46 46 46 43 40 41 41 42 42 42 -9999 -9999 -9999 -9999 -9999 -9999 -9999 -9999 -9999
64 55 50 44 41 37 37 36 37 38 37 35 38 40 50 61 55 50 50 50 44 38 36 34 34 33 37 41 51 61 70 79 87 94 100 106 79 53 54 55 57 60 61 62 58 53 54 54 56 58 78 99 97 95 87 80 81 82 80 79 76 73 70 66 64 61 59 58 55 52 52 52 54 57 56 54 52 50 50 50 46 43 44 45 45 44 44 -9999 -9999 -9999 -9999 -9999 -9999 -9999 -9999 -9999
64 56 50 45 41 37 37 36 38 40 39 38 40 43 53 63 58 54 52 50 45 40 39 38 40 43 44 46 58 70 83 95 106 117 114 112 83 54 55 56 58 61 62 63 57 52 53 54 56 59 80 102 101 100 94 87 87 87 85 84 81 79 74 69 67 65 62 60 58 56 56 56 59 62 60 58 55 53 53 54 50 47 48 49 49 49 48 -9999 -9999 -9999 -9999 -9999 -9999 -9999 -9999 -9999
65 56 51 45 41 38 37 37 40 43 42 41 43 46 55 64 61 59 54 50 46 43 42 41 47 53 52 50 65 80 95 111 125 139 128 118 87 56 56 56 59 61 62 63 57 51 52 54 57 60 83 106 106 106 100 94 93 92 90 88 87 85 79 72 70 69 66 63 61 60 60 60 63 66 64 62 59 56 56 57 54 51 52 52 53 53 52 -9999 -9999 -9999 -9999 -9999 -9999 -9999 -9999 -9999
78 71 60 50 45 40 38 37 38 40 43 45 50 56 60 65 64 63 58 52 50 48 48 48 52 56 58 60 73 85 101 116 127 137 129 121 99 78 68 58 60 62 62 62 59 56 54 53 58 64 85 106 106 107 103 100 99 97 95 93 91 88 83 78 77 77 76 74 71 67 66 65 68 70 68 66 63 60 61 62 58 55 56 56 56 55 54 -9999 -9999 -9999 -9999 -9999 -9999 -9999 -9999 -9999
92 86 70 54 48 42 40 37 37 38 43 49 58 66 65 65 66 68 61 54 54 54 54 55 56 58 64 71 80 90 106 122 128 135 130 124 112 100 80 60 62 63 63 62 61 60 56 52 60 68 87 106 107 107 107 106 104 102 100 99 95 91 87 83 84 85 86 86 80 74 72 69 72 75 72 70 67 64 65 66 62 59 59 60 58 57 56 -9999 -9999 -9999 -9999 -9999 -9999 -9999 -9999 -9999
94 91 77 63 59 55 47 40 40 40 45 51 59 67 66 65 69 74 71 69 77 86 86 87 83 79 85 91 95 99 115 132 143 154 148 143 135 127 108 89 79 68 65 62 60 58 54 50 67 85 93 102 114 126 122 119 116 112 108 104 100 97 93 90 91 92 90 89 84 79 78 77 78 79 76 74 72 70 69 69 66 63 63 63 60 58 58 -9999 -9999 -9999 -9999 -9999 -9999 -9999 -9999 -9999
97 96 83 71 69 67 55 43 43 43 47 52 60 68 66 65 72 80 82 83 101 119 119 119 110 100 106 111 109 107 125 142 157 172 167 162 158 154 137 119 96 73 67 62 58 55 52 49 75 101 100 99 122 145 138 132 127 122 116 110 106 102 100 97 98 98 95 92 88 83 84 86 84 82 80 78 77 76 74 72 69 67 66 66 63 60 61 -9999 -9999 -9999 -9999 -9999 -9999 -9999 -9999 -9999
93 94 84 75 69 63 54 45 45 44 47 50 60 69 79 88 94 99 105 111 122 133 131 129 125 120 121 122 118 114 132 150 161 172 171 170 168 166 153 140 109 79 70 62 58 54 51 48 65 82 86 90 111 132 136 141 137 134 126 117 113 108 105 103 103 103 98 94 91 88 89 89 88 86 83 80 80 80 77 75 72 69 68 66 65 63 64 -9999 -9999 -9999 -9999 -9999 -9999 -9999 -9999 -9999
