homework/Homework_5_files/or_precip_1983_08.asc
ncols 407
nrows 229
xllcorner -124.73958333333
yllcorner 41.73958333333
cellsize 0.02083333333
NODATA_value -9999
[rows 96 to 143 of 229, columns 0 to 95 of 407]
-9999 -9999 -9999 -9999 -9999 -9999 -9999 -9999 -9999 -9999 -9999 -9999 -9999 -9999 -9999 -9999 -9999 -9999 -9999 -9999 -9999 -9999 -9999 -9999 -9999 -9999 -9999 -9999 37 37 35 34 35 37 40 43 47 51 54 57 54 52 56 61 64 66 65 63 61 59 64 69 64 60 66 72 72 72 61 50 46 42 42 41 38 34 33 32 33 34 36 38 39 40 41 42 43 44 47 50 51 53 55 57 60 63 62 61 63 64 65 65 65 65 64 63
-9999 -9999 -9999 -9999 -9999 -9999 -9999 -9999 -9999 -9999 -9999 -9999 -9999 -9999 -9999 -9999 -9999 -9999 -9999 -9999 -9999 -9999 -9999 -9999 -9999 -9999 -9999 -9999 38 38 37 37 38 39 42 44 46 47 51 55 57 59 63 68 68 68 66 65 65 64 69 73 69 66 71 76 70 65 57 49 47 44 43 41 39 36 35 34 35 35 37 38 39 40 41 42 44 47 49 50 52 53 54 56 59 62 64 65 65 66 66 67 65 64 63 63
-9999 -9999 -9999 -9999 -9999 -9999 -9999 -9999 -9999 -9999 -9999 -9999 -9999 -9999 -9999 -9999 -9999 -9999 -9999 -9999 -9999 -9999 -9999 -9999 -9999 -9999 -9999 -9999 38 38 39 39 41 42 44 45 44 43 48 53 59 66 70 75 72 69 68 67 68 69 73 77 74 71 75 79 68 57 53 48 47 46 43 41 39 38 37 36 36 37 38 39 39 40 41 41 45 49 50 51 52 53 54 54 58 62 65 69 68 67 68 69 66 63 63 63
-9999 -9999 -9999 -9999 -9999 -9999 -9999 -9999 -9999 -9999 -9999 -9999 -9999 -9999 -9999 -9999 -9999 -9999 -9999 -9999 -9999 -9999 -9999 -9999 -9999 -9999 -9999 -9999 39 39 39 40 40 41 43 44 45 46 50 53 57 61 64 68 67 66 65 64 75 86 91 97 83 70 67 65 58 52 50 48 47 47 44 42 41 41 39 38 38 38 39 40 40 41 41 42 46 50 51 51 53 54 54 55 59 63 65 68 68 68 67 65 63 61 62 62
-9999 -9999 -9999 -9999 -9999 -9999 -9999 -9999 -9999 -9999 -9999 -9999 -9999 -9999 -9999 -9999 -9999 -9999 -9999 -9999 -9999 -9999 -9999 -9999 -9999 -9999 -9999 -9999 39 39 40 40 40 41 42 43 46 49 51 53 54 56 58 61 62 64 63 62 83 103 110 116 92 68 59 50 48 47 48 49 48 47 45 42 43 43 42 40 40 40 41 41 41 42 42 43 47 51 51 52 53 55 55 55 59 63 65 67 67 68 65 62 61 60 61 61
-9999 -9999 -9999 -9999 -9999 -9999 -9999 -9999 -9999 -9999 -9999 -9999 -9999 -9999 -9999 -9999 -9999 -9999 -9999 -9999 -9999 -9999 -9999 -9999 -9999 -9999 -9999 -9999 40 40 41 41 42 44 47 50 50 50 51 53 53 54 53 52 54 57 56 55 66 76 81 86 74 61 56 51 51 51 51 51 50 49 47 44 44 45 43 41 42 42 43 43 44 44 45 46 48 51 51 51 52 54 54 54 57 60 61 62 63 63 61 59 59 59 59 59
-9999 -9999 -9999 -9999 -9999 -9999 -9999 -9999 -9999 -9999 -9999 -9999 -9999 -9999 -9999 -9999 -9999 -9999 -9999 -9999 -9999 -9999 -9999 -9999 -9999 -9999 -9999 -9999 41 41 42 42 45 47 52 57 53 50 51 52 52 52 48 43 47 50 50 49 49 49 53 56 55 54 53 53 54 56 55 54 53 52 49 46 46 46 44 43 43 44 44 45 46 47 48 48 49 50 50 51 52 53 53 54 55 57 57 58 58 58 57 57 57 57 57 57
-9999 -9999 -9999 -9999 -9999 -9999 -9999 -9999 -9999 -9999 -9999 -9999 -9999 -9999 -9999 -9999 -9999 -9999 -9999 -9999 -9999 -9999 -9999 -9999 -9999 -9999 -9999 -9999 45 45 45 45 48 52 53 54 53 51 52 53 54 54 51 47 49 50 53 56 56 56 56 57 56 55 57 59 59 60 57 55 54 54 51 48 48 48 46 45 45 46 46 47 47 48 49 49 50 50 50 51 51 52 53 55 56 58 58 57 57 57 57 56 57 57 56 56
-9999 -9999 -9999 -9999 -9999 -9999 -9999 -9999 -9999 -9999 -9999 -9999 -9999 -9999 -9999 -9999 -9999 -9999 -9999 -9999 -9999 -9999 -9999 -9999 -9999 -9999 -9999 -9999 49 49 48 47 52 56 54 51 52 53 54 54 55 56 53 51 51 50 57 64 63 62 59 57 56 56 61 65 64 63 60 57 56 56 53 51 50 49 49 48 48 48 48 49 49 49 50 50 50 50 50 51 51 51 53 55 57 58 58 57 57 57 57 56 56 56 56 55
-9999 -9999 -9999 -9999 -9999 -9999 -9999 -9999 -9999 -9999 -9999 -9999 -9999 -9999 -9999 -9999 -9999 -9999 -9999 -9999 -9999 -9999 -9999 -9999 -9999 -9999 -9999 53 49 47 49 50 52 53 52 50 51 52 53 55 54 54 53 52 52 52 57 62 58 55 55 55 59 63 67 72 82 93 78 63 61 59 56 53 52 51 50 50 50 50 50 50 50 50 50 50 50 50 50 50 51 51 52 53 55 57 59 60 60 60 58 57 56 56 60 63
-9999 -9999 -9999 -9999 -9999 -9999 -9999 -9999 -9999 -9999 -9999 -9999 -9999 -9999 -9999 -9999 -9999 -9999 -9999 -9999 -9999 -9999 -9999 -9999 -9999 -9999 53 53 49 46 49 53 52 51 50 49 51 52 53 55 54 52 53 53 54 54 57 59 53 47 51 54 62 69 74 79 101 122 96 70 66 61 58 55 54 52 52 53 52 51 51 51 51 51 50 50 50 50 50 50 50 51 51 51 54 57 60 63 63 63 60 57 57 56 64 71
-9999 -9999 -9999 -9999 -9999 -9999 -9999 -9999 -9999 -9999 -9999 -9999 -9999 -9999 -9999 -9999 -9999 -9999 -9999 -9999 -9999 -9999 -9999 -9999 -9999 -9999 -9999 -9999 51 50 52 54 56 57 56 55 55 55 56 56 56 55 55 54 55 56 58 60 60 61 63 65 66 67 72 77 86 96 80 65 65 65 64 62 59 56 56 56 55 54 54 54 54 54 52 50 50 50 50 50 50 51 52 52 55 59 61 63 61 60 58 56 56 56 60 64
-9999 -9999 -9999 -9999 -9999 -9999 -9999 -9999 -9999 -9999 -9999 -9999 -9999 -9999 -9999 -9999 -9999 -9999 -9999 -9999 -9999 -9999 -9999 -9999 -9999 -9999 -9999 -9999 54 54 55 56 60 64 62 60 59 59 58 58 58 57 56 56 56 57 59 60 68 75 75 75 70 66 71 75 72 69 64 59 64 69 69 69 64 60 60 59 58 56 57 57 57 57 54 51 50 50 50 50 51 51 52 53 57 61 61 62 59 57 56 55 55 55 56 57
-9999 -9999 -9999 -9999 -9999 -9999 -9999 -9999 -9999 -9999 -9999 -9999 -9999 -9999 -9999 -9999 -9999 -9999 -9999 -9999 -9999 -9999 -9999 -9999 -9999 -9999 -9999 54 56 57 59 61 62 64 62 59 60 61 60 59 58 58 58 57 59 61 61 61 65 68 72 75 79 82 76 69 69 69 66 63 65 68 68 68 66 63 62 61 61 60 59 59 58 57 56 54 52 50 49 48 50 51 53 55 59 62 61 60 58 56 56 55 55 55 55 55
-9999 -9999 -9999 -9999 -9999 -9999 -9999 -9999 -9999 -9999 -9999 -9999 -9999 -9999 -9999 -9999 -9999 -9999 -9999 -9999 -9999 -9999 -9999 -9999 -9999 -9999 54 54 57 59 62 65 65 64 61 58 61 63 62 60 59 59 59 59 62 64 63 62 62 62 69 75 87 99 80 62 66 70 68 66 67 67 67 67 67 66 65 64 63 63 62 60 59 58 58 58 53 49 48 47 49 51 54 57 61 64 61 59 58 56 56 56 56 56 55 54
-9999 -9999 -9999 -9999 -9999 -9999 -9999 -9999 -9999 -9999 -9999 -9999 -9999 -9999 -9999 -9999 -9999 -9999 -9999 -9999 -9999 -9999 -9999 -9999 -9999 -9999 -9999 -9999 59 62 64 66 66 66 64 62 63 64 62 61 60 60 60 60 62 64 63 62 62 63 67 72 83 94 79 64 66 68 67 66 66 65 65 64 65 65 65 64 64 64 64 64 63 63 60 58 54 49 49 48 48 48 52 56 57 58 56 54 54 55 55 55 55 54 54 54
-9999 -9999 -9999 -9999 -9999 -9999 -9999 -9999 -9999 -9999 -9999 -9999 -9999 -9999 -9999 -9999 -9999 -9999 -9999 -9999 -9999 -9999 -9999 -9999 -9999 -9999 -9999 -9999 64 64 65 67 68 68 67 67 65 64 63 62 61 61 61 62 63 63 63 62 63 63 66 69 79 90 77 65 66 67 66 66 65 63 62 61 63 65 64 64 64 64 66 68 68 67 63 59 54 50 50 50 47 44 49 54 53 51 50 49 51 54 54 54 53 53 54 55
-9999 -9999 -9999 -9999 -9999 -9999 -9999 -9999 -9999 -9999 -9999 -9999 -9999 -9999 -9999 -9999 -9999 -9999 -9999 -9999 -9999 -9999 -9999 -9999 -9999 -9999 -9999 56 62 65 66 67 71 75 74 73 69 66 64 63 63 64 63 62 63 63 63 62 64 65 65 66 71 76 73 70 70 70 68 65 64 62 62 61 63 64 64 63 63 63 63 64 64 63 59 56 52 48 48 48 46 43 46 49 48 47 47 47 48 50 51 52 52 53 55 57
-9999 -9999 -9999 -9999 -9999 -9999 -9999 -9999 -9999 -9999 -9999 -9999 -9999 -9999 -9999 -9999 -9999 -9999 -9999 -9999 -9999 -9999 -9999 -9999 -9999 -9999 56 56 61 66 67 67 74 81 80 80 74 68 66 64 65 67 64 62 62 63 63 63 65 67 65 63 62 61 68 75 74 73 69 64 63 61 62 62 63 64 63 62 62 61 61 60 60 59 56 52 50 47 47 47 44 42 43 43 44 44 44 45 45 46 48 49 51 53 55 58
-9999 -9999 -9999 -9999 -9999 -9999 -9999 -9999 -9999 -9999 -9999 -9999 -9999 -9999 -9999 -9999 -9999 -9999 -9999 -9999 -9999 -9999 -9999 -9999 -9999 -9999 55 55 59 63 66 69 72 75 75 75 71 67 67 68 68 68 66 65 64 63 64 66 67 68 66 63 63 63 67 70 70 70 68 66 63 60 61 61 61 62 61 61 60 59 59 59 58 58 55 52 49 46 46 45 43 41 41 42 43 43 43 44 44 44 45 45 47 49 50 51
-9999 -9999 -9999 -9999 -9999 -9999 -9999 -9999 -9999 -9999 -9999 -9999 -9999 -9999 -9999 -9999 -9999 -9999 -9999 -9999 -9999 -9999 -9999 -9999 -9999 -9999 53 53 57 61 66 70 69 68 70 71 68 66 69 71 70 69 68 68 65 63 66 69 69 69 67 64 64 64 65 65 66 67 67 67 63 60 60 60 60 60 60 59 58 56 56 57 57 57 54 51 48 46 45 44 42 40 40 41 42 42 43 43 43 43 42 42 43 44 44 43
-9999 -9999 -9999 -9999 -9999 -9999 -9999 -9999 -9999 -9999 -9999 -9999 -9999 -9999 -9999 -9999 -9999 -9999 -9999 -9999 -9999 -9999 -9999 -9999 -9999 -9999 55 55 58 62 65 68 68 68 69 70 70 70 72 74 72 71 71 71 68 65 66 66 67 67 65 64 65 66 66 65 65 66 68 69 66 63 62 61 60 59 58 57 56 56 56 56 57 57 53 49 47 46 44 42 41 41 41 41 41 42 42 42 42 42 41 41 43 44 48 52
-9999 -9999 -9999 -9999 -9999 -9999 -9999 -9999 -9999 -9999 -9999 -9999 -9999 -9999 -9999 -9999 -9999 -9999 -9999 -9999 -9999 -9999 -9999 -9999 -9999 -9999 58 58 60 62 64 66 67 68 69 70 72 73 75 77 74 72 73 73 70 67 66 64 64 64 64 63 66 68 66 65 65 64 68 72 69 66 64 61 59 58 56 54 55 55 55 56 56 57 52 48 47 46 43 40 41 42 42 42 41 41 41 42 41 41 41 40 42 44 52 60
-9999 -9999 -9999 -9999 -9999 -9999 -9999 -9999 -9999 -9999 -9999 -9999 -9999 -9999 -9999 -9999 -9999 -9999 -9999 -9999 -9999 -9999 -9999 -9999 -9999 -9999 57 57 58 58 62 65 67 69 70 70 71 72 74 75 74 73 73 72 70 68 67 67 66 65 64 62 64 66 65 64 66 67 69 72 70 69 65 62 59 57 55 53 53 53 53 52 53 54 50 47 46 46 43 41 42 44 43 43 42 42 42 42 41 40 40 39 41 42 48 55
-9999 -9999 -9999 -9999 -9999 -9999 -9999 -9999 -9999 -9999 -9999 -9999 -9999 -9999 -9999 -9999 -9999 -9999 -9999 -9999 -9999 -9999 -9999 -9999 -9999 -9999 57 57 55 54 59 64 67 70 70 70 71 71 72 73 74 74 72 71 69 68 69 70 68 65 63 61 63 64 64 64 67 70 70 71 72 73 67 62 59 56 53 51 51 51 50 49 50 50 48 46 46 46 44 42 44 46 45 45 43 42 42 42 40 39 39 38 40 41 45 49
-9999 -9999 -9999 -9999 -9999 -9999 -9999 -9999 -9999 -9999 -9999 -9999 -9999 -9999 -9999 -9999 -9999 -9999 -9999 -9999 -9999 -9999 -9999 -9999 -9999 -9999 56 56 55 55 59 64 68 72 73 75 76 77 77 77 77 77 78 78 78 77 75 74 71 68 66 65 64 64 64 65 65 66 68 70 72 73 69 65 63 60 56 52 51 50 49 49 48 48 47 46 46 46 45 44 44 45 45 45 44 43 42 42 42 41 39 38 38 38 40 42
-9999 -9999 -9999 -9999 -9999 -9999 -9999 -9999 -9999 -9999 -9999 -9999 -9999 -9999 -9999 -9999 -9999 -9999 -9999 -9999 -9999 -9999 -9999 -9999 -9999 -9999 56 56 56 55 60 65 70 74 77 79 81 82 81 81 80 79 83 86 86 86 82 77 74 71 69 68 66 64 65 65 64 62 66 69 71 73 70 68 66 65 59 53 51 49 49 48 47 45 46 46 46 46 46 45 44 43 44 45 44 44 43 43 43 43 40 37 36 35 35 34
-9999 -9999 -9999 -9999 -9999 -9999 -9999 -9999 -9999 -9999 -9999 -9999 -9999 -9999 -9999 -9999 -9999 -9999 -9999 -9999 -9999 -9999 -9999 -9999 -9999 -9999 57 57 57 57 61 65 70 75 77 79 80 81 81 81 83 84 85 85 88 90 87 84 79 75 72 68 67 65 66 66 66 65 69 73 75 78 75 73 73 73 68 63 58 52 51 49 48 46 46 46 46 47 46 46 45 45 45 45 45 44 43 42 41 41 39 37 36 35 34 34
-9999 -9999 -9999 -9999 -9999 -9999 -9999 -9999 -9999 -9999 -9999 -9999 -9999 -9999 -9999 -9999 -9999 -9999 -9999 -9999 -9999 -9999 -9999 -9999 -9999 -9999 57 57 58 59 62 65 70 75 77 79 79 80 81 82 86 89 87 84 89 95 93 91 85 79 74 69 67 66 67 68 68 68 72 77 80 83 80 77 79 81 77 74 64 55 53 50 49 47 47 46 47 47 47 47 47 46 46 46 45 44 43 41 40 38 37 36 35 34 34 34
-9999 -9999 -9999 -9999 -9999 -9999 -9999 -9999 -9999 -9999 -9999 -9999 -9999 -9999 -9999 -9999 -9999 -9999 -9999 -9999 -9999 -9999 -9999 -9999 -9999 -9999 58 58 59 60 63 65 70 74 76 77 78 78 80 81 82 83 80 77 81 86 84 83 78 73 71 69 69 69 69 70 70 70 69 69 72 75 72 68 71 73 71 69 63 58 54 50 49 48 48 49 50 51 50 49 48 48 48 49 48 48 47 45 44 42 39 36 36 36 38 41
-9999 -9999 -9999 -9999 -9999 -9999 -9999 -9999 -9999 -9999 -9999 -9999 -9999 -9999 -9999 -9999 -9999 -9999 -9999 -9999 -9999 -9999 -9999 -9999 -9999 -9999 58 58 60 62 64 66 70 73 74 75 76 77 79 80 78 76 73 70 73 76 75 74 71 67 68 69 71 72 72 72 72 72 66 61 64 67 63 59 62 65 64 64 62 60 55 50 50 49 50 51 52 54 52 50 50 49 50 51 52 52 51 50 48 46 41 36 37 38 43 48
-9999 -9999 -9999 -9999 -9999 -9999 -9999 -9999 -9999 -9999 -9999 -9999 -9999 -9999 -9999 -9999 -9999 -9999 -9999 -9999 -9999 -9999 -9999 -9999 -9999 60 59 59 62 64 66 67 70 73 74 75 76 77 76 75 75 75 75 74 74 74 72 69 68 67 67 67 70 72 72 72 76 80 75 70 71 71 67 63 63 63 62 61 60 60 57 54 53 52 52 52 52 52 52 52 51 49 50 50 52 54 51 48 48 48 44 39 39 39 43 47
-9999 -9999 -9999 -9999 -9999 -9999 -9999 -9999 -9999 -9999 -9999 -9999 -9999 -9999 -9999 -9999 -9999 -9999 -9999 -9999 -9999 -9999 -9999 -9999 60 60 60 60 64 67 68 69 70 72 73 74 75 76 73 71 73 75 76 77 75 73 68 64 65 66 66 65 69 72 72 71 80 88 83 79 77 75 71 66 64 62 60 58 58 59 58 57 56 55 54 52 52 51 53 55 52 50 50 49 52 55 51 46 48 50 47 43 41 40 43 47
-9999 -9999 -9999 -9999 -9999 -9999 -9999 -9999 -9999 -9999 -9999 -9999 -9999 -9999 -9999 -9999 -9999 -9999 -9999 -9999 -9999 -9999 -9999 -9999 60 60 61 61 64 66 67 68 70 71 72 73 73 74 72 71 73 74 75 75 72 69 67 65 66 67 67 68 70 73 76 78 79 80 78 76 74 72 70 68 67 66 66 65 64 63 62 62 60 58 57 56 54 53 53 53 51 49 49 48 49 50 48 46 49 51 49 46 48 49 51 53
-9999 -9999 -9999 -9999 -9999 -9999 -9999 -9999 -9999 -9999 -9999 -9999 -9999 -9999 -9999 -9999 -9999 -9999 -9999 -9999 -9999 -9999 -9999 -9999 60 60 62 63 64 65 67 68 70 71 71 71 71 72 72 72 72 73 73 73 70 66 66 66 67 68 69 71 72 74 80 85 79 72 73 74 72 69 69 70 70 71 72 73 70 67 67 67 64 62 60 59 57 54 52 51 50 49 47 46 46 45 46 47 49 52 51 49 54 59 59 60
-9999 -9999 -9999 -9999 -9999 -9999 -9999 -9999 -9999 -9999 -9999 -9999 -9999 -9999 -9999 -9999 -9999 -9999 -9999 -9999 -9999 -9999 -9999 -9999 61 61 62 63 64 65 67 69 70 71 73 75 77 79 79 80 80 80 80 80 76 73 69 66 68 71 71 71 73 75 76 77 74 71 71 70 71 72 72 72 75 77 75 74 72 71 68 66 65 65 62 60 57 54 53 52 50 48 47 46 45 45 46 46 48 49 48 47 51 55 58 62
-9999 -9999 -9999 -9999 -9999 -9999 -9999 -9999 -9999 -9999 -9999 -9999 -9999 -9999 -9999 -9999 -9999 -9999 -9999 -9999 -9999 -9999 -9999 -9999 61 61 62 63 64 65 67 70 71 72 75 78 82 86 87 88 87 86 86 86 83 79 72 66 70 74 73 72 73 75 72 68 69 69 68 67 70 74 75 75 79 83 79 75 75 75 70 65 67 68 64 60 57 54 54 54 50 47 46 45 45 46 46 46 46 46 46 45 48 52 58 64
-9999 -9999 -9999 -9999 -9999 -9999 -9999 -9999 -9999 -9999 -9999 -9999 -9999 -9999 -9999 -9999 -9999 -9999 -9999 -9999 -9999 -9999 -9999 -9999 62 62 63 63 65 66 67 67 69 72 74 76 79 81 83 85 87 88 87 85 83 81 74 66 68 69 73 76 74 71 68 66 66 67 66 66 69 71 74 77 80 82 81 79 77 75 70 66 66 67 63 60 58 56 53 49 47 45 46 46 46 46 46 46 46 45 45 45 46 48 51 53
-9999 -9999 -9999 -9999 -9999 -9999 -9999 -9999 -9999 -9999 -9999 -9999 -9999 -9999 -9999 -9999 -9999 -9999 -9999 -9999 -9999 -9999 -9999 -9999 62 62 63 63 66 68 66 63 68 73 74 75 76 77 80 82 87 91 87 84 84 84 75 67 66 65 73 80 74 67 65 63 63 64 64 65 67 69 74 79 81 82 82 83 79 75 71 66 66 66 63 60 60 59 52 44 44 44 45 47 46 46 46 46 45 45 45 45 44 44 43 43
-9999 -9999 -9999 -9999 -9999 -9999 -9999 -9999 -9999 -9999 -9999 -9999 -9999 -9999 -9999 -9999 -9999 -9999 -9999 -9999 -9999 -9999 -9999 64 63 63 65 67 68 70 69 67 71 74 74 73 75 78 77 76 81 86 81 77 75 73 68 63 62 61 64 67 64 60 60 60 59 59 59 59 63 67 69 71 73 75 76 78 77 75 71 66 65 65 63 61 59 58 51 44 44 45 48 51 48 45 46 47 48 50 48 46 46 46 46 46
-9999 -9999 -9999 -9999 -9999 -9999 -9999 -9999 -9999 -9999 -9999 -9999 -9999 -9999 -9999 -9999 -9999 -9999 -9999 -9999 -9999 -9999 64 64 64 65 67 70 71 72 72 71 73 75 73 71 75 78 74 69 75 81 76 70 66 62 61 59 58 56 55 53 53 53 55 56 55 54 54 54 60 65 64 62 65 68 70 73 74 76 71 67 65 63 62 62 59 56 50 43 45 47 51 55 50 44 46 48 52 55 50 46 47 48 48 49
-9999 -9999 -9999 -9999 -9999 -9999 -9999 -9999 -9999 -9999 -9999 -9999 -9999 -9999 -9999 -9999 -9999 -9999 -9999 -9999 -9999 -9999 64 64 65 66 68 70 71 72 72 73 74 76 76 76 77 78 75 73 75 77 74 71 69 67 66 65 61 57 56 55 54 54 53 53 55 57 59 61 62 63 63 62 64 66 68 69 71 72 69 66 63 60 57 54 52 51 47 43 45 46 50 53 51 48 48 48 51 53 55 56 53 49 53 56
-9999 -9999 -9999 -9999 -9999 -9999 -9999 -9999 -9999 -9999 -9999 -9999 -9999 -9999 -9999 -9999 -9999 -9999 -9999 -9999 -9999 -9999 65 65 66 67 68 70 71 73 73 74 75 76 78 81 79 77 76 76 74 72 72 71 71 71 71 71 65 58 57 56 55 54 52 49 54 60 64 69 65 60 61 62 64 65 65 66 67 68 67 66 61 56 51 47 46 45 44 44 44 45 48 52 52 52 50 48 50 52 59 66 58 51 57 63
-9999 -9999 -9999 -9999 -9999 -9999 -9999 -9999 -9999 -9999 -9999 -9999 -9999 -9999 -9999 -9999 -9999 -9999 -9999 -9999 -9999 -9999 65 65 66 67 68 69 71 73 74 75 76 77 79 81 79 77 79 81 80 79 75 71 73 75 73 71 66 61 61 61 58 55 52 50 53 56 59 62 62 61 59 57 60 62 64 65 64 64 63 61 57 52 50 47 46 45 45 44 45 45 47 49 49 50 50 51 50 49 56 62 60 58 59 60
-9999 -9999 -9999 -9999 -9999 -9999 -9999 -9999 -9999 -9999 -9999 -9999 -9999 -9999 -9999 -9999 -9999 -9999 -9999 -9999 -9999 -9999 66 66 66 67 68 69 71 73 74 75 77 79 81 82 80 78 82 85 86 86 79 71 75 78 75 71 67 63 64 65 60 55 53 51 52 53 55 56 59 62 57 52 56 60 62 64 62 60 58 56 52 48 48 47 46 45 45 45 45 45 45 46 46 47 50 53 50 47 52 58 62 65 61 56
-9999 -9999 -9999 -9999 -9999 -9999 -9999 -9999 -9999 -9999 -9999 -9999 -9999 -9999 -9999 -9999 -9999 -9999 -9999 -9999 -9999 66 66 66 68 71 72 74 74 75 75 76 79 82 84 87 85 83 84 86 85 83 79 74 78 82 81 80 76 72 70 69 64 59 56 52 53 54 55 55 61 66 65 64 61 58 59 61 59 58 57 57 53 50 49 48 48 49 49 49 47 45 50 55 52 50 54 57 56 54 56 58 64 70 65 60
-9999 -9999 -9999 -9999 -9999 -9999 -9999 -9999 -9999 -9999 -9999 -9999 -9999 -9999 -9999 -9999 -9999 -9999 -9999 -9999 66 66 67 67 71 74 76 79 78 77 77 77 80 84 88 93 90 88 87 87 83 80 78 76 81 86 87 89 85 81 77 72 67 63 59 54 55 55 55 54 62 71 73 76 66 56 56 57 57 56 57 57 55 52 50 48 50 53 53 53 49 45 54 63 58 53 57 62 61 60 60 59 67 74 70 65
-9999 -9999 -9999 -9999 -9999 -9999 -9999 -9999 -9999 -9999 -9999 -9999 -9999 -9999 -9999 -9999 -9999 -9999 -9999 -9999 67 67 67 67 71 74 77 80 81 83 87 92 95 97 94 91 92 92 89 87 84 81 79 77 79 81 83 85 80 76 74 72 66 59 57 55 56 57 56 56 59 62 65 68 61 55 55 55 55 56 55 55 53 52 51 50 51 52 51 50 49 47 52 57 58 59 61 62 63 63 65 66 69 71 68 65
