homework/Homework_5_files/or_precip_1983_09.asc
ncols 407
nrows 229
xllcorner -124.73958333333
yllcorner 41.73958333333
cellsize 0.02083333333
NODATA_value -9999
[rows 53 to 105 of 229, columns 192 to 287 of 407]
14 14 14 14 14 14 14 13 13 13 12 12 12 13 13 13 13 13 12 12 12 12 12 12 12 12 12 12 12 12 12 12 11 11 12 12 12 12 12 12 12 12 12 12 12 12 12 12 12 12 12 12 12 12 12 12 13 13 13 14 14 14 14 14 15 16 16 16 15 15 15 16 17 18 18 18 17 16 16 16 17 18 19 21 22 22 22 21 21 21 22 22 24 25 27 28
13 13 13 14 14 14 13 13 13 12 12 12 12 13 13 13 13 13 13 13 12 12 12 12 12 12 12 12 12 12 12 12 12 11 12 12 12 12 12 12 12 12 12 12 12 12 12 12 13 13 12 12 12 13 13 12 13 13 13 13 13 13 14 14 16 17 17 17 17 16 17 17 17 18 18 18 17 16 17 17 18 19 20 21 22 23 23 23 23 23 25 26 28 30 30 30
13 13 14 14 14 14 14 13 13 13 13 13 13 13 13 13 13 13 12 12 12 12 12 12 12 12 12 12 12 12 12 12 12 12 12 12 12 12 12 12 13 13 13 13 13 13 13 13 13 13 13 13 13 13 13 13 13 13 13 13 14 14 14 15 15 16 17 18 18 18 17 17 17 17 18 19 18 17 18 18 18 18 20 22 22 22 22 22 23 23 26 29 31 33 33 33
14 14 14 14 14 14 14 14 13 13 13 13 13 13 13 13 12 12 12 12 12 12 12 12 12 12 12 12 12 12 12 12 12 12 12 12 12 13 13 13 13 13 13 13 13 13 13 13 13 13 13 13 13 13 13 13 13 13 13 13 14 14 15 15 15 15 17 18 19 19 18 17 17 17 18 19 19 19 18 18 18 17 20 23 22 21 22 22 23 24 28 32 34 35 36 36
14 14 14 14 14 14 14 14 13 13 13 14 13 13 13 13 13 12 12 12 12 12 12 11 11 11 11 11 11 11 12 12 12 12 12 12 12 13 13 13 13 13 13 13 13 13 13 13 13 13 13 13 13 13 13 13 14 14 14 14 15 16 16 16 16 15 17 19 20 21 20 19 19 20 20 19 20 21 21 21 20 19 22 24 25 26 26 26 27 29 31 33 34 35 35 36
14 14 14 14 14 14 14 13 13 13 13 14 14 13 13 13 13 12 12 12 12 12 11 11 11 11 11 11 11 11 11 12 12 12 12 12 12 12 13 13 13 13 14 14 13 13 13 13 13 13 13 13 13 13 13 13 14 15 15 15 17 19 17 16 16 16 18 20 21 23 22 21 22 23 21 20 21 23 23 24 22 21 23 25 28 31 30 29 31 33 33 33 34 34 34 35
14 14 14 14 14 14 14 14 13 12 13 14 14 13 13 13 13 13 13 12 12 12 11 11 11 11 11 11 11 11 11 11 12 12 12 12 12 13 13 14 14 14 13 13 13 12 12 12 12 13 13 13 13 13 13 13 14 15 15 16 17 18 17 17 19 20 22 24 26 29 29 29 27 25 24 23 25 26 26 26 24 23 25 27 28 29 30 31 32 33 34 34 34 34 35 35
14 14 14 14 14 14 14 14 13 12 13 14 13 13 14 14 14 14 13 12 12 12 12 11 11 11 11 11 11 11 11 11 11 12 12 12 12 13 13 14 14 14 13 12 12 12 12 12 12 12 12 12 13 13 13 13 14 15 16 16 17 17 17 18 21 24 27 29 32 34 36 37 32 27 27 27 28 29 28 28 26 25 27 30 28 27 29 32 33 34 34 34 34 34 35 35
14 14 14 15 14 14 14 14 13 12 13 14 13 13 13 13 13 13 12 12 11 11 11 11 11 11 11 11 11 11 11 11 11 12 12 12 12 13 12 12 12 12 12 12 12 12 12 13 13 13 13 13 13 13 13 13 13 14 14 14 15 17 19 21 25 29 30 31 38 44 42 39 37 34 35 35 34 34 33 32 30 29 28 28 26 24 26 28 29 30 31 32 33 34 34 34
14 14 15 15 15 15 14 14 13 12 13 13 13 13 13 13 13 12 11 11 11 11 11 11 11 11 11 11 11 11 11 11 11 11 12 12 12 12 12 11 11 11 11 11 11 12 13 14 14 13 14 14 14 14 13 13 12 12 12 11 14 17 21 24 29 34 34 34 44 54 48 41 42 42 42 43 40 38 37 36 34 33 29 26 23 21 23 25 26 27 29 31 32 33 33 33
14 14 15 15 15 15 14 14 14 13 13 14 13 13 13 13 12 12 11 11 11 11 11 11 11 11 11 11 11 11 11 11 11 11 12 12 12 12 12 11 12 12 12 12 12 13 13 14 14 14 14 14 14 14 14 14 14 15 15 15 17 20 21 22 28 35 37 39 46 54 51 48 47 47 45 44 42 39 38 37 34 32 28 25 22 19 20 21 23 24 26 28 29 31 31 32
14 14 14 15 15 14 14 14 14 14 14 14 14 13 13 12 12 11 11 11 11 11 11 11 11 11 11 11 11 11 11 11 11 11 12 12 11 11 12 12 12 13 13 13 13 13 14 14 14 14 14 15 15 15 15 14 16 19 19 19 20 22 21 20 28 36 40 44 49 54 54 54 53 51 48 46 43 40 39 37 34 31 27 23 21 18 18 18 19 21 23 25 27 28 30 31
14 14 14 14 14 14 14 14 14 14 14 14 13 13 12 12 11 11 11 10 10 10 10 11 11 10 10 10 10 11 10 10 11 12 12 12 12 12 12 12 13 14 14 14 14 14 14 14 15 15 15 15 16 16 18 20 21 23 23 23 25 26 27 28 33 37 40 43 47 51 50 50 49 48 45 43 41 39 38 36 33 29 26 22 20 18 18 18 19 20 21 23 25 27 29 31
13 14 14 14 14 13 14 14 14 14 14 14 13 12 12 11 11 10 10 10 10 9 10 10 10 10 10 10 10 10 9 9 10 12 13 13 13 14 13 13 14 15 15 15 14 14 15 15 15 16 16 16 17 18 22 26 26 27 27 28 29 31 33 35 37 38 40 42 45 48 46 45 44 44 42 41 39 38 36 35 31 27 24 22 20 18 18 18 18 19 19 20 23 26 29 32
13 13 14 14 13 13 13 13 13 13 13 13 12 12 11 11 10 10 10 10 9 9 9 9 8 8 8 8 9 9 9 9 11 13 13 13 14 14 14 13 13 14 14 15 15 15 15 15 17 19 18 17 18 19 20 21 22 22 26 31 30 30 32 33 34 36 37 38 40 42 41 40 39 38 38 38 37 36 34 32 29 26 23 21 21 20 20 20 23 25 25 26 27 28 29 31
13 13 13 14 13 13 13 13 12 12 12 12 12 11 11 11 10 10 9 9 9 9 8 7 6 6 6 7 7 8 8 9 11 13 14 14 14 14 14 14 13 13 14 15 15 15 16 16 19 22 20 17 19 21 19 17 17 18 26 34 32 30 30 31 32 33 33 33 35 37 36 36 34 33 34 36 35 35 32 29 26 24 22 21 21 22 22 23 27 32 32 31 30 29 30 30
13 13 13 13 13 13 13 13 12 12 12 12 11 11 11 10 9 8 8 8 8 8 7 7 7 7 7 7 8 9 9 9 13 16 15 14 15 16 15 14 13 13 14 14 15 16 16 17 19 22 20 19 21 23 22 20 20 21 25 28 26 24 25 26 26 27 29 30 32 33 32 30 30 29 30 31 31 32 29 27 24 21 20 19 20 21 21 22 25 29 29 29 29 30 31 33
13 13 13 13 13 13 13 12 12 12 12 12 11 11 10 10 8 6 7 7 7 7 6 6 7 7 8 8 9 9 9 10 14 19 17 14 16 18 16 14 13 13 14 14 15 17 17 17 19 21 21 20 23 26 24 23 24 25 24 23 20 18 19 21 21 20 24 28 28 29 27 24 25 26 26 26 27 28 27 25 22 18 18 18 19 20 21 21 23 25 26 27 29 31 33 35
13 13 13 13 13 13 12 12 12 12 12 11 11 11 10 10 9 8 7 7 7 7 6 6 6 6 7 7 8 9 9 9 13 16 17 17 17 17 15 14 14 15 15 16 17 18 19 19 21 22 21 21 21 22 22 22 22 22 20 18 17 17 17 18 18 17 19 21 22 22 21 20 21 23 22 21 21 21 20 19 19 18 17 17 18 18 19 19 20 21 22 23 24 26 29 32
12 13 13 13 13 12 12 12 12 12 11 11 11 10 10 10 10 9 8 6 7 8 7 5 5 5 6 7 7 8 9 9 12 14 17 19 17 16 15 15 15 16 17 18 19 20 21 22 22 23 22 21 20 19 20 21 20 20 17 14 15 15 15 15 15 14 15 15 15 15 16 16 18 19 18 16 15 14 14 13 16 18 17 16 16 16 17 17 17 17 18 18 19 20 25 30
13 14 13 13 13 13 13 13 12 11 11 11 11 10 10 10 9 7 7 7 8 10 8 6 6 6 7 7 7 8 9 10 13 16 18 20 19 18 17 17 17 17 17 17 18 19 19 19 21 23 22 21 21 20 19 19 19 19 16 14 14 14 13 13 14 14 14 13 13 12 13 14 15 17 16 15 15 14 14 14 15 16 16 15 15 15 16 16 16 16 19 23 24 25 27 29
14 15 14 13 13 13 13 13 12 11 11 11 11 10 10 10 8 5 6 8 10 12 9 7 7 7 7 7 7 8 9 11 14 18 19 20 20 20 19 19 18 17 17 17 18 19 17 16 19 22 22 21 21 21 18 16 17 18 16 14 13 12 11 11 12 14 13 11 10 8 10 12 13 14 14 13 14 15 14 14 14 14 14 14 14 14 15 15 15 15 21 27 28 30 29 29
13 14 13 13 13 13 13 12 12 11 11 11 10 10 10 10 8 6 6 6 8 9 8 6 7 8 8 8 9 10 10 10 13 16 16 16 16 16 15 15 14 14 13 13 13 13 13 12 14 16 18 19 19 18 16 13 14 14 13 11 10 9 9 8 9 9 9 8 7 7 8 9 11 13 13 13 12 12 13 14 14 15 13 12 13 13 14 14 16 17 20 22 24 26 26 27
12 12 12 12 13 13 13 12 11 11 11 10 10 10 10 10 8 7 6 5 5 6 6 6 8 10 9 9 11 13 11 10 12 14 13 12 12 12 12 11 10 10 9 8 8 8 8 8 8 9 13 17 16 16 13 10 10 11 10 9 8 7 6 4 5 5 5 5 5 5 6 7 9 12 12 12 10 9 11 14 14 15 12 10 11 12 13 13 16 19 18 18 20 21 23 25
12 12 13 13 13 13 13 12 11 11 11 10 10 10 10 9 8 6 5 4 5 6 7 7 9 10 10 9 11 12 11 10 10 10 11 11 10 10 9 9 9 9 8 8 7 7 7 7 8 8 13 17 17 17 15 13 12 12 9 7 6 5 5 4 4 4 5 7 6 5 6 6 7 9 9 10 9 9 10 12 11 11 10 9 10 11 11 11 15 18 18 18 19 21 22 24
11 12 13 14 14 13 13 12 11 11 10 10 10 10 10 9 7 5 4 4 5 6 7 8 10 11 10 10 11 12 10 9 8 7 8 9 9 8 7 6 7 8 8 7 6 5 6 7 7 7 12 18 18 19 17 16 14 12 9 5 5 4 3 3 3 4 6 8 6 5 5 6 5 5 7 8 8 8 9 11 9 7 7 8 9 9 9 10 13 17 18 19 19 20 21 23
12 12 13 13 13 13 12 11 11 10 10 9 9 9 9 9 7 5 5 4 5 6 7 8 8 9 9 8 9 10 9 8 7 6 7 8 7 7 7 6 6 7 6 6 5 5 5 6 6 7 10 13 14 15 14 13 11 8 6 4 4 3 3 3 3 3 4 6 6 5 6 7 6 6 7 8 8 8 8 9 8 8 8 9 9 8 9 9 12 15 17 20 21 23 23 24
12 12 12 11 12 12 11 11 10 10 9 8 8 8 8 8 7 6 5 4 5 6 7 7 7 7 7 6 7 8 8 8 7 6 6 6 6 6 7 7 6 5 5 5 5 5 5 5 6 6 8 9 10 10 10 10 7 5 4 3 3 3 2 2 2 3 3 3 5 6 7 8 7 6 7 7 7 7 7 7 8 9 9 10 9 8 8 8 10 13 17 21 23 25 26 26
12 12 11 11 12 12 11 10 10 10 9 9 9 9 9 8 7 6 6 6 6 7 7 6 6 5 6 7 7 8 7 7 6 5 5 5 5 6 6 6 6 5 5 5 5 5 5 5 5 5 6 7 7 7 7 6 5 3 3 3 3 3 3 2 3 3 4 4 6 7 7 8 7 6 7 7 7 7 7 7 8 9 9 9 8 7 7 7 9 10 14 17 19 22 24 25
11 11 11 11 11 11 11 10 10 9 9 9 9 9 9 9 8 7 7 8 8 8 6 5 4 3 5 7 7 7 7 6 5 4 4 4 5 5 6 6 6 6 6 6 5 5 5 6 5 5 4 4 4 4 3 3 2 2 3 3 3 3 3 3 3 3 4 5 6 7 7 7 7 7 7 7 7 7 7 7 8 8 8 8 8 7 7 7 7 8 10 13 16 19 22 25
11 11 11 12 11 11 11 11 10 9 9 9 9 9 9 9 8 7 7 6 6 6 6 6 5 5 5 6 6 6 6 6 5 5 5 5 5 6 6 6 6 6 6 6 6 6 7 7 6 5 5 4 4 5 5 5 4 4 4 4 5 5 4 3 3 4 5 6 7 8 8 7 7 7 7 7 7 7 7 7 8 8 9 9 8 7 8 8 8 8 9 11 13 16 20 24
11 11 12 12 11 10 11 12 11 10 10 9 9 9 9 9 8 7 6 5 5 5 6 7 7 7 6 5 5 5 5 5 5 6 6 5 6 7 7 6 6 7 7 7 7 7 8 9 7 6 5 4 5 5 6 7 6 5 5 5 6 7 5 3 4 4 6 7 8 8 8 7 7 7 7 7 7 8 7 7 7 8 9 11 9 7 8 9 9 8 9 9 11 13 18 22
10 11 12 12 12 12 12 12 11 10 10 9 9 9 9 9 8 8 7 6 6 6 6 7 7 7 6 5 5 5 6 6 6 5 6 6 7 7 7 6 6 6 6 6 6 6 6 7 6 5 5 4 4 4 5 6 6 6 6 6 6 7 6 4 5 6 7 8 8 9 8 8 8 8 8 8 8 7 7 7 7 7 9 10 9 8 10 12 11 10 10 10 11 12 16 20
10 11 12 12 12 13 12 11 11 11 10 9 9 9 9 8 8 8 8 8 7 7 7 7 7 7 7 6 6 6 7 7 6 5 6 7 7 7 7 6 6 6 6 5 5 5 5 5 5 4 4 4 4 4 5 5 6 7 7 6 7 7 6 5 6 7 8 9 9 9 9 8 9 10 9 8 8 7 7 7 7 7 8 10 9 9 12 16 14 12 11 10 11 11 14 17
11 11 11 11 12 12 11 9 9 9 9 9 9 9 8 8 8 8 8 7 7 7 7 7 7 7 7 8 7 6 7 8 7 7 7 7 8 8 7 6 6 5 5 5 5 5 5 5 5 4 4 4 4 4 5 6 7 7 7 8 7 7 7 7 8 9 9 10 9 9 9 8 8 8 8 8 8 8 8 9 9 9 9 9 10 10 13 16 14 13 13 13 13 14 15 17
11 10 10 11 11 12 9 7 6 6 8 9 9 9 8 8 8 8 7 7 7 7 6 6 7 7 8 9 8 7 8 9 9 9 8 8 8 9 8 7 6 5 5 5 5 5 5 5 4 4 4 3 3 3 5 7 7 7 8 9 8 6 8 9 10 10 10 10 10 9 9 8 7 7 7 7 8 8 9 10 11 11 10 9 10 10 13 16 14 13 14 16 16 16 17 17
11 10 10 11 11 12 9 6 6 6 7 7 7 7 7 6 7 7 7 7 7 7 7 6 6 6 7 8 8 7 8 8 8 8 7 7 8 8 8 7 6 5 5 5 5 5 4 4 4 4 3 3 3 3 5 6 7 8 8 9 8 8 9 10 10 9 9 9 9 9 8 8 7 7 7 6 7 8 9 10 12 13 13 12 12 11 14 16 16 15 15 16 18 19 19 20
11 11 11 11 11 12 9 6 6 6 6 6 6 6 5 5 6 7 7 8 7 7 7 6 6 6 6 7 7 8 8 8 7 7 7 6 7 7 8 8 6 4 5 6 5 4 4 4 4 3 3 3 3 3 4 4 6 8 9 9 9 10 10 10 10 9 9 9 9 9 8 7 7 6 6 6 7 8 9 11 12 14 15 16 14 12 14 17 17 16 17 17 19 21 22 22
11 11 11 10 10 10 8 5 6 6 6 6 6 6 6 5 6 7 7 7 7 7 7 7 6 6 7 7 7 7 8 8 7 7 7 7 7 7 7 7 6 5 5 5 5 4 4 3 3 3 3 3 3 3 3 4 5 7 7 7 9 10 10 11 10 10 10 10 10 10 9 9 8 7 8 8 10 11 13 14 15 16 16 16 14 13 16 19 18 17 18 19 21 22 22 23
11 11 11 10 10 9 7 5 6 6 6 6 7 7 6 5 6 7 7 7 7 7 7 7 7 7 7 7 7 7 8 8 7 7 7 7 6 6 5 5 5 5 5 5 4 4 3 3 3 3 3 2 3 3 3 3 4 6 6 6 8 10 11 12 11 11 11 10 10 10 10 10 9 7 9 11 13 15 16 17 17 17 16 15 15 14 17 20 19 18 20 21 22 23 23 23
11 11 10 10 10 9 8 7 8 8 7 5 6 6 6 5 6 6 6 7 7 7 7 7 7 7 7 7 7 7 7 7 7 7 7 6 5 4 4 3 3 3 4 4 4 3 3 3 3 3 3 3 3 2 3 3 4 5 6 6 7 8 11 13 13 12 12 11 11 11 11 11 11 10 12 14 15 17 16 15 15 15 15 15 15 15 17 20 20 20 21 22 22 22 22 22
11 10 10 10 10 9 9 9 10 11 8 5 5 5 5 5 5 5 6 6 7 7 7 7 7 7 7 7 7 7 7 7 7 7 6 5 4 2 2 2 2 2 2 3 3 3 3 3 3 3 3 3 3 2 3 4 4 5 5 5 6 7 11 15 14 14 13 12 12 11 12 12 13 13 15 16 18 19 16 14 13 12 14 15 15 15 17 20 21 22 22 23 22 22 22 22
10 10 10 10 10 9 9 10 10 11 10 9 8 7 6 5 5 5 5 6 6 6 7 8 8 8 8 7 8 8 8 8 7 7 5 3 2 1 1 1 1 1 2 2 2 2 3 3 3 3 3 3 3 3 3 4 5 5 5 5 6 7 10 13 13 13 12 11 11 11 11 12 12 13 14 16 16 17 16 15 15 15 15 15 16 17 19 20 21 22 22 22 22 21 21 21
9 10 10 10 10 9 10 11 11 12 13 13 11 9 7 5 5 4 5 5 5 5 7 9 9 9 8 8 8 9 8 8 7 6 4 1 1 1 1 1 1 1 1 1 2 2 2 3 3 3 3 3 3 3 4 5 5 6 5 5 6 8 10 11 12 12 11 11 11 11 11 12 12 12 13 15 15 15 15 16 16 17 16 15 17 19 20 21 21 22 21 21 21 21 21 21
8 9 9 9 9 9 10 10 11 11 12 12 11 10 8 7 6 5 5 4 4 4 6 7 8 9 9 8 8 7 7 7 5 4 2 1 1 1 1 0 1 1 1 1 2 2 3 3 3 3 3 3 3 4 4 5 5 5 5 5 6 7 8 9 9 10 10 11 11 11 12 12 12 13 14 15 15 16 16 16 16 17 18 19 21 23 23 23 23 22 21 21 20 20 20 20
7 8 8 8 8 9 9 9 10 10 11 11 10 10 10 9 7 5 4 3 3 3 5 6 8 10 9 8 7 6 6 6 4 1 1 1 1 0 0 0 0 1 1 1 2 2 3 4 4 4 4 4 4 4 5 5 5 5 5 5 5 5 6 6 6 7 9 11 11 12 12 12 13 14 15 16 16 16 16 15 16 17 20 23 25 26 26 25 24 22 21 20 20 19 19 19
8 9 9 8 8 8 9 10 10 11 11 11 11 10 10 10 7 5 4 3 3 4 4 5 6 7 7 6 6 5 5 4 3 1 1 1 1 1 0 0 0 0 1 1 2 2 3 5 5 4 4 4 5 5 5 5 5 5 6 8 8 9 9 10 10 10 11 12 12 12 12 12 13 14 15 15 16 17 17 17 18 18 20 23 24 26 25 24 23 22 21 20 19 19 19 19
9 10 9 9 8 8 9 11 11 11 11 10 11 11 11 11 8 4 4 3 3 4 4 4 4 4 4 5 5 4 3 2 2 1 1 1 1 1 0 0 0 0 1 2 2 2 4 6 5 5 5 5 6 7 6 6 5 5 8 10 11 13 13 14 13 13 12 12 12 12 13 13 14 14 15 15 16 17 18 19 19 20 21 22 23 25 24 22 21 21 20 20 19 19 19 19
8 9 8 7 8 9 9 10 10 10 10 10 10 10 11 11 10 8 6 3 4 4 4 4 4 4 4 4 4 4 3 2 2 2 2 1 2 2 2 2 1 1 2 4 4 5 6 8 7 6 7 8 8 8 7 6 6 6 8 10 11 12 14 16 15 13 13 12 13 14 14 14 14 14 15 16 17 17 18 19 19 19 20 21 21 22 21 21 21 21 21 21 21 21 21 21
7 8 7 6 8 9 10 10 9 9 10 10 10 10 10 11 11 12 8 4 4 5 5 4 4 4 4 4 4 3 3 2 2 2 2 2 3 4 4 4 2 1 3 5 6 8 9 10 8 7 9 11 10 10 8 7 7 7 8 10 11 12 15 19 17 14 13 13 14 15 15 15 15 15 16 17 17 18 18 19 19 19 19 19 19 19 19 20 21 22 22 22 22 23 22 22
6 8 7 6 7 8 8 8 8 9 9 10 10 9 10 11 12 13 10 7 7 6 5 4 4 4 4 4 4 4 3 3 3 2 2 2 4 6 5 5 5 4 5 7 7 8 9 10 9 9 10 11 10 9 8 7 7 7 8 9 10 12 14 17 16 16 15 14 15 15 17 19 19 19 18 17 18 18 18 18 18 18 18 19 19 20 22 24 26 28 26 23 24 24 24 24
6 7 6 5 6 7 7 7 8 8 9 9 9 9 10 12 13 15 13 10 9 7 6 4 4 4 4 4 4 4 4 4 3 3 2 2 5 7 7 6 7 8 8 8 8 9 9 10 10 11 11 10 9 8 8 7 7 8 8 8 10 12 13 14 16 17 16 16 15 14 18 22 22 23 20 18 19 19 18 17 16 16 17 19 20 20 24 27 31 34 30 25 25 25 26 27
5 6 5 5 6 6 7 7 8 9 9 9 9 8 10 11 12 14 13 12 10 9 7 4 4 4 4 4 4 4 4 4 4 4 4 4 6 7 7 7 8 8 8 8 8 9 9 9 9 9 10 11 10 9 8 8 8 8 8 8 10 12 12 13 14 15 15 15 15 14 16 18 19 20 19 18 19 20 18 17 16 16 17 17 18 19 21 23 25 27 26 26 24 23 24 24
