homework/Homework_5_files/or_precip_1983_06.asc
ncols 407
nrows 229
xllcorner -124.73958333333
yllcorner 41.73958333333
cellsize 0.02083333333
NODATA_value -9999
[rows 0 to 46 of 229, columns 288 to 383 of 407]
-9999 -9999 -9999 -9999 -9999 -9999 -9999 -9999 -9999 -9999 -9999 -9999 -9999 -9999 -9999 -9999 -9999 -9999 -9999 -9999 -9999 -9999 -9999 -9999 -9999 -9999 -9999 -9999 -9999 -9999 -9999 -9999 -9999 -9999 -9999 -9999 -9999 -9999 -9999 -9999 -9999 -9999 -9999 -9999 -9999 -9999 -9999 -9999 -9999 -9999 -9999 -9999 -9999 -9999 -9999 -9999 -9999 -9999 -9999 -9999 -9999 -9999 -9999 -9999 -9999 -9999 -9999 -9999 -9999 -9999 -9999 -9999 -9999 -9999 -9999 -9999 -9999 -9999 -9999 -9999 -9999 -9999 -9999 -9999 -9999 -9999 -9999 -9999 -9999 -9999 -9999 -9999 -9999 -9999 -9999 -9999
-9999 -9999 -9999 -9999 -9999 -9999 -9999 -9999 -9999 -9999 -9999 -9999 -9999 -9999 -9999 -9999 -9999 -9999 -9999 -9999 -9999 -9999 -9999 -9999 -9999 -9999 -9999 -9999 -9999 -9999 -9999 -9999 -9999 -9999 -9999 -9999 -9999 -9999 -9999 -9999 -9999 -9999 -9999 -9999 -9999 -9999 -9999 -9999 -9999 -9999 -9999 -9999 -9999 -9999 -9999 -9999 -9999 -9999 -9999 -9999 -9999 -9999 -9999 -9999 -9999 -9999 -9999 -9999 -9999 -9999 -9999 -9999 -9999 -9999 -9999 -9999 -9999 -9999 -9999 -9999 -9999 -9999 -9999 -9999 -9999 -9999 -9999 -9999 -9999 -9999 -9999 -9999 -9999 -9999 -9999 -9999
-9999 -9999 -9999 -9999 -9999 -9999 -9999 -9999 -9999 -9999 -9999 -9999 -9999 -9999 -9999 -9999 -9999 -9999 -9999 -9999 -9999 -9999 -9999 -9999 -9999 -9999 -9999 -9999 -9999 -9999 -9999 -9999 -9999 -9999 -9999 -9999 -9999 -9999 -9999 -9999 -9999 -9999 -9999 -9999 -9999 -9999 -9999 -9999 -9999 -9999 -9999 -9999 -9999 -9999 -9999 -9999 -9999 -9999 -9999 -9999 -9999 -9999 -9999 -9999 -9999 -9999 -9999 -9999 -9999 -9999 -9999 -9999 -9999 -9999 -9999 -9999 -9999 -9999 -9999 -9999 -9999 -9999 -9999 -9999 -9999 -9999 -9999 -9999 -9999 -9999 -9999 -9999 -9999 -9999 -9999 -9999
-9999 -9999 -9999 -9999 -9999 -9999 -9999 -9999 -9999 -9999 -9999 -9999 -9999 -9999 -9999 -9999 -9999 -9999 -9999 -9999 -9999 -9999 -9999 -9999 -9999 -9999 -9999 -9999 -9999 -9999 -9999 -9999 -9999 -9999 -9999 -9999 -9999 -9999 -9999 -9999 -9999 -9999 -9999 -9999 -9999 -9999 -9999 -9999 -9999 -9999 -9999 -9999 -9999 -9999 -9999 -9999 -9999 -9999 -9999 -9999 -9999 -9999 -9999 -9999 -9999 -9999 -9999 -9999 -9999 -9999 -9999 -9999 -9999 -9999 -9999 -9999 -9999 -9999 -9999 -9999 -9999 -9999 -9999 -9999 -9999 -9999 -9999 -9999 -9999 -9999 -9999 -9999 -9999 -9999 -9999 -9999
-9999 -9999 -9999 -9999 -9999 -9999 -9999 -9999 -9999 -9999 -9999 -9999 -9999 -9999 -9999 -9999 -9999 -9999 -9999 -9999 -9999 -9999 -9999 -9999 -9999 -9999 -9999 -9999 -9999 -9999 -9999 -9999 -9999 -9999 -9999 -9999 -9999 -9999 -9999 -9999 -9999 -9999 -9999 -9999 -9999 -9999 -9999 -9999 -9999 -9999 -9999 -9999 -9999 -9999 -9999 -9999 -9999 -9999 -9999 -9999 -9999 -9999 -9999 -9999 -9999 -9999 -9999 -9999 -9999 -9999 -9999 -9999 -9999 -9999 -9999 -9999 -9999 -9999 -9999 -9999 -9999 -9999 -9999 -9999 -9999 -9999 -9999 -9999 -9999 -9999 -9999 -9999 -9999 -9999 -9999 -9999
-9999 -9999 -9999 -9999 -9999 -9999 -9999 -9999 -9999 -9999 -9999 -9999 -9999 -9999 -9999 -9999 -9999 -9999 -9999 -9999 -9999 -9999 -9999 -9999 -9999 -9999 -9999 -9999 -9999 -9999 -9999 -9999 -9999 -9999 -9999 -9999 -9999 -9999 -9999 -9999 -9999 -9999 -9999 -9999 -9999 -9999 -9999 -9999 -9999 -9999 -9999 -9999 -9999 -9999 -9999 -9999 -9999 -9999 -9999 -9999 -9999 -9999 -9999 -9999 -9999 -9999 -9999 -9999 -9999 -9999 -9999 -9999 -9999 -9999 -9999 -9999 -9999 -9999 -9999 -9999 -9999 -9999 -9999 -9999 -9999 -9999 -9999 -9999 -9999 -9999 -9999 -9999 -9999 -9999 -9999 -9999
-9999 -9999 -9999 -9999 -9999 -9999 -9999 -9999 -9999 -9999 -9999 -9999 -9999 -9999 -9999 -9999 -9999 -9999 -9999 -9999 -9999 -9999 -9999 -9999 -9999 -9999 -9999 -9999 -9999 -9999 -9999 -9999 -9999 -9999 -9999 -9999 -9999 -9999 -9999 -9999 -9999 -9999 -9999 -9999 -9999 -9999 -9999 -9999 -9999 -9999 -9999 -9999 -9999 -9999 -9999 -9999 -9999 -9999 -9999 -9999 -9999 -9999 -9999 -9999 -9999 -9999 -9999 -9999 -9999 -9999 -9999 -9999 -9999 -9999 -9999 -9999 -9999 -9999 -9999 -9999 -9999 -9999 -9999 -9999 -9999 -9999 -9999 -9999 -9999 -9999 -9999 -9999 -9999 -9999 -9999 -9999
-9999 -9999 -9999 -9999 -9999 -9999 -9999 -9999 -9999 -9999 -9999 -9999 -9999 -9999 -9999 -9999 -9999 -9999 -9999 -9999 -9999 -9999 -9999 -9999 -9999 -9999 -9999 -9999 -9999 -9999 -9999 -9999 -9999 -9999 -9999 -9999 -9999 -9999 -9999 -9999 -9999 -9999 -9999 -9999 -9999 -9999 -9999 -9999 -9999 -9999 -9999 -9999 -9999 -9999 -9999 -9999 -9999 -9999 -9999 -9999 -9999 -9999 -9999 -9999 -9999 -9999 -9999 -9999 -9999 -9999 -9999 -9999 -9999 -9999 -9999 -9999 -9999 -9999 -9999 -9999 -9999 -9999 -9999 -9999 -9999 -9999 -9999 -9999 -9999 -9999 -9999 -9999 -9999 -9999 -9999 -9999
-9999 -9999 -9999 -9999 -9999 -9999 -9999 -9999 -9999 -9999 -9999 -9999 -9999 -9999 -9999 -9999 -9999 -9999 -9999 -9999 -9999 -9999 -9999 -9999 -9999 -9999 -9999 -9999 -9999 -9999 -9999 -9999 -9999 -9999 -9999 -9999 -9999 -9999 -9999 -9999 -9999 -9999 -9999 -9999 -9999 -9999 -9999 -9999 -9999 -9999 -9999 -9999 -9999 -9999 -9999 -9999 -9999 -9999 -9999 -9999 -9999 -9999 -9999 -9999 -9999 -9999 -9999 -9999 -9999 -9999 -9999 -9999 -9999 -9999 -9999 -9999 -9999 -9999 -9999 -9999 -9999 -9999 -9999 -9999 -9999 -9999 -9999 -9999 -9999 -9999 -9999 -9999 -9999 -9999 -9999 -9999
-9999 -9999 -9999 -9999 -9999 -9999 -9999 -9999 -9999 -9999 -9999 -9999 -9999 -9999 -9999 -9999 -9999 -9999 -9999 -9999 -9999 -9999 -9999 -9999 -9999 -9999 -9999 -9999 -9999 -9999 -9999 -9999 -9999 -9999 -9999 -9999 -9999 -9999 -9999 -9999 -9999 -9999 -9999 -9999 -9999 -9999 -9999 -9999 -9999 -9999 -9999 -9999 -9999 -9999 -9999 -9999 -9999 -9999 -9999 -9999 -9999 -9999 -9999 -9999 -9999 -9999 -9999 -9999 -9999 -9999 -9999 -9999 -9999 -9999 -9999 -9999 -9999 -9999 -9999 -9999 -9999 -9999 -9999 -9999 -9999 -9999 -9999 -9999 -9999 -9999 -9999 -9999 -9999 -9999 -9999 -9999
-9999 -9999 -9999 -9999 -9999 -9999 -9999 -9999 -9999 -9999 -9999 -9999 -9999 -9999 -9999 -9999 -9999 -9999 -9999 -9999 -9999 -9999 -9999 -9999 -9999 -9999 -9999 -9999 -9999 -9999 -9999 -9999 -9999 -9999 -9999 -9999 -9999 -9999 -9999 -9999 -9999 -9999 -9999 -9999 -9999 -9999 -9999 -9999 -9999 -9999 -9999 -9999 -9999 -9999 -9999 -9999 -9999 -9999 -9999 -9999 -9999 -9999 -9999 -9999 -9999 -9999 -9999 -9999 -9999 -9999 -9999 -9999 -9999 -9999 -9999 -9999 -9999 -9999 -9999 -9999 -9999 -9999 -9999 -9999 -9999 -9999 -9999 -9999 -9999 -9999 -9999 -9999 -9999 -9999 -9999 -9999
-9999 -9999 -9999 -9999 -9999 -9999 -9999 -9999 -9999 -9999 -9999 -9999 -9999 -9999 -9999 -9999 -9999 -9999 -9999 -9999 -9999 -9999 -9999 -9999 -9999 -9999 -9999 -9999 -9999 -9999 -9999 -9999 -9999 -9999 -9999 -9999 -9999 -9999 -9999 -9999 -9999 -9999 -9999 -9999 -9999 -9999 -9999 -9999 -9999 -9999 -9999 -9999 -9999 -9999 -9999 -9999 -9999 -9999 -9999 -9999 -9999 -9999 -9999 -9999 -9999 -9999 -9999 -9999 -9999 -9999 -9999 -9999 -9999 -9999 -9999 -9999 -9999 -9999 -9999 -9999 -9999 -9999 -9999 -9999 -9999 -9999 -9999 -9999 -9999 -9999 -9999 -9999 -9999 -9999 -9999 -9999
-9999 -9999 -9999 -9999 -9999 -9999 -9999 -9999 -9999 -9999 -9999 -9999 -9999 -9999 -9999 -9999 -9999 -9999 -9999 -9999 -9999 -9999 -9999 -9999 -9999 -9999 -9999 -9999 -9999 -9999 -9999 -9999 -9999 -9999 -9999 -9999 -9999 -9999 -9999 -9999 -9999 -9999 -9999 -9999 -9999 -9999 -9999 -9999 -9999 -9999 -9999 -9999 -9999 -9999 -9999 -9999 -9999 -9999 -9999 -9999 -9999 -9999 -9999 -9999 -9999 -9999 -9999 -9999 -9999 -9999 -9999 -9999 -9999 -9999 -9999 -9999 -9999 -9999 -9999 -9999 -9999 -9999 -9999 -9999 -9999 -9999 -9999 -9999 -9999 -9999 -9999 -9999 -9999 -9999 -9999 -9999
-9999 -9999 -9999 -9999 -9999 -9999 -9999 -9999 -9999 -9999 -9999 -9999 -9999 -9999 -9999 -9999 -9999 -9999 -9999 -9999 -9999 -9999 -9999 -9999 -9999 -9999 -9999 -9999 -9999 -9999 -9999 -9999 -9999 -9999 -9999 -9999 -9999 -9999 -9999 -9999 -9999 -9999 -9999 -9999 -9999 -9999 -9999 -9999 -9999 -9999 -9999 -9999 -9999 -9999 -9999 -9999 -9999 -9999 -9999 -9999 -9999 -9999 -9999 -9999 -9999 -9999 -9999 -9999 -9999 -9999 -9999 -9999 -9999 -9999 -9999 -9999 -9999 -9999 -9999 -9999 -9999 -9999 -9999 -9999 -9999 -9999 -9999 -9999 -9999 -9999 -9999 -9999 -9999 -9999 -9999 -9999
-9999 -9999 -9999 -9999 -9999 -9999 -9999 -9999 -9999 -9999 -9999 -9999 -9999 -9999 -9999 -9999 -9999 -9999 -9999 -9999 -9999 -9999 -9999 -9999 -9999 -9999 -9999 -9999 -9999 -9999 -9999 -9999 -9999 -9999 -9999 -9999 -9999 -9999 -9999 -9999 -9999 -9999 -9999 -9999 -9999 -9999 -9999 -9999 -9999 -9999 -9999 -9999 -9999 -9999 -9999 -9999 -9999 -9999 -9999 -9999 -9999 -9999 -9999 -9999 -9999 -9999 -9999 -9999 -9999 -9999 -9999 -9999 -9999 -9999 -9999 -9999 -9999 -9999 -9999 -9999 -9999 -9999 -9999 -9999 -9999 -9999 -9999 -9999 -9999 -9999 -9999 -9999 -9999 -9999 -9999 -9999
-9999 -9999 -9999 -9999 -9999 -9999 -9999 -9999 -9999 -9999 -9999 -9999 -9999 -9999 -9999 -9999 -9999 -9999 -9999 -9999 -9999 -9999 -9999 -9999 -9999 -9999 -9999 -9999 -9999 -9999 -9999 -9999 -9999 -9999 -9999 -9999 -9999 -9999 -9999 -9999 -9999 -9999 -9999 -9999 -9999 -9999 -9999 -9999 -9999 -9999 -9999 -9999 -9999 -9999 -9999 -9999 -9999 -9999 -9999 -9999 -9999 -9999 -9999 -9999 -9999 -9999 -9999 -9999 -9999 -9999 -9999 -9999 -9999 -9999 -9999 -9999 -9999 -9999 -9999 -9999 -9999 -9999 -9999 -9999 -9999 -9999 -9999 -9999 -9999 -9999 -9999 -9999 -9999 -9999 -9999 -9999
-9999 -9999 -9999 -9999 -9999 -9999 -9999 -9999 -9999 -9999 -9999 -9999 -9999 -9999 -9999 -9999 -9999 -9999 -9999 -9999 -9999 -9999 -9999 -9999 -9999 -9999 -9999 -9999 -9999 -9999 -9999 -9999 -9999 -9999 -9999 -9999 -9999 -9999 -9999 -9999 -9999 -9999 -9999 -9999 -9999 -9999 -9999 -9999 -9999 -9999 -9999 -9999 -9999 -9999 -9999 -9999 -9999 -9999 -9999 -9999 -9999 -9999 -9999 -9999 -9999 -9999 -9999 -9999 -9999 -9999 -9999 -9999 -9999 -9999 -9999 -9999 -9999 -9999 -9999 -9999 -9999 -9999 -9999 -9999 -9999 -9999 -9999 -9999 -9999 -9999 -9999 -9999 -9999 -9999 -9999 -9999
-9999 -9999 -9999 -9999 -9999 -9999 -9999 -9999 -9999 -9999 -9999 -9999 -9999 -9999 -9999 -9999 -9999 -9999 -9999 -9999 -9999 -9999 -9999 -9999 -9999 -9999 -9999 -9999 -9999 -9999 -9999 -9999 -9999 -9999 -9999 -9999 -9999 -9999 -9999 -9999 -9999 -9999 -9999 -9999 -9999 -9999 -9999 -9999 -9999 -9999 -9999 -9999 -9999 -9999 -9999 -9999 -9999 -9999 -9999 -9999 -9999 -9999 -9999 -9999 -9999 -9999 -9999 -9999 -9999 -9999 -9999 -9999 -9999 -9999 -9999 -9999 -9999 -9999 -9999 -9999 -9999 -9999 -9999 -9999 -9999 -9999 -9999 -9999 -9999 -9999 -9999 -9999 -9999 -9999 -9999 -9999
-9999 -9999 -9999 -9999 -9999 -9999 -9999 -9999 -9999 -9999 -9999 -9999 -9999 -9999 -9999 -9999 -9999 -9999 -9999 -9999 -9999 -9999 -9999 -9999 -9999 -9999 -9999 -9999 -9999 -9999 -9999 -9999 -9999 -9999 -9999 -9999 -9999 -9999 -9999 -9999 -9999 -9999 -9999 -9999 -9999 -9999 -9999 -9999 -9999 -9999 -9999 -9999 -9999 -9999 -9999 -9999 -9999 -9999 -9999 -9999 -9999 -9999 -9999 -9999 -9999 -9999 -9999 -9999 -9999 -9999 -9999 -9999 -9999 -9999 -9999 -9999 -9999 -9999 -9999 -9999 -9999 -9999 -9999 -9999 -9999 -9999 -9999 -9999 -9999 -9999 -9999 -9999 -9999 -9999 -9999 -9999
-9999 -9999 -9999 -9999 -9999 -9999 -9999 -9999 -9999 -9999 -9999 -9999 -9999 -9999 -9999 -9999 -9999 -9999 -9999 -9999 -9999 -9999 -9999 -9999 -9999 -9999 -9999 -9999 -9999 -9999 -9999 -9999 -9999 -9999 -9999 -9999 -9999 -9999 -9999 -9999 -9999 -9999 -9999 -9999 -9999 -9999 -9999 -9999 -9999 -9999 -9999 -9999 -9999 -9999 -9999 -9999 -9999 -9999 -9999 -9999 -9999 -9999 -9999 -9999 -9999 -9999 -9999 -9999 -9999 -9999 -9999 -9999 -9999 -9999 -9999 -9999 -9999 -9999 -9999 -9999 -9999 -9999 -9999 -9999 -9999 -9999 -9999 -9999 -9999 -9999 -9999 -9999 -9999 -9999 -9999 -9999
-9999 -9999 -9999 33 35 37 37 37 37 37 37 37 37 37 38 40 41 43 43 44 45 45 45 44 46 47 48 48 54 59 61 62 64 65 67 69 74 79 80 82 80 79 79 79 78 77 76 75 73 72 79 86 81 76 80 85 89 93 95 98 -9999 -9999 -9999 -9999 -9999 -9999 -9999 -9999 -9999 -9999 -9999 -9999 -9999 -9999 -9999 -9999 -9999 -9999 -9999 -9999 -9999 -9999 -9999 -9999 -9999 -9999 -9999 -9999 -9999 -9999 -9999 -9999 -9999 -9999 -9999 -9999
32 32 33 34 35 36 37 37 37 37 37 36 36 36 38 40 41 42 43 44 44 44 44 44 46 47 50 52 56 60 61 63 62 61 65 69 72 75 80 86 82 79 81 83 81 79 78 76 74 73 78 83 78 74 74 74 77 80 98 116 119 122 107 93 79 66 67 68 60 52 55 57 62 67 69 72 65 58 57 56 55 55 42 30 37 45 55 64 -9999 -9999 -9999 -9999 -9999 -9999 -9999 -9999
33 33 34 35 36 36 37 37 36 36 36 36 36 35 37 40 41 42 43 43 43 43 43 44 45 47 52 56 59 61 62 63 60 56 63 69 70 71 80 90 84 79 83 86 84 81 80 78 76 73 77 80 76 71 67 63 65 68 100 133 123 112 96 80 66 51 49 47 42 38 40 42 50 57 58 58 47 36 34 33 32 31 30 30 47 64 56 49 64 -9999 -9999 -9999 -9999 -9999 -9999 -9999
35 35 34 34 36 37 37 37 36 35 35 36 36 36 38 40 41 42 43 43 44 44 45 46 49 53 56 60 60 61 60 59 57 54 58 62 66 71 78 85 82 78 80 83 82 80 79 79 74 70 73 76 74 72 71 69 69 68 86 103 98 93 77 61 50 40 44 49 48 46 54 61 64 67 66 65 59 53 48 44 41 39 44 50 57 64 52 39 55 70 -9999 -9999 -9999 -9999 -9999 -9999
38 37 35 33 35 38 37 37 36 34 35 35 37 38 39 40 41 42 43 44 44 45 47 48 53 58 61 63 62 61 59 56 54 52 53 54 62 70 75 81 79 77 78 79 79 80 79 79 73 66 69 72 72 73 74 75 72 69 72 74 74 74 57 41 35 29 40 51 53 55 67 79 78 77 74 71 70 69 63 56 51 46 58 70 67 64 47 30 46 62 71 -9999 -9999 -9999 -9999 -9999
46 45 42 39 40 41 40 40 39 37 38 38 39 40 41 42 42 43 43 44 46 47 50 52 56 60 62 64 63 62 60 59 57 55 56 57 62 68 72 76 77 78 76 74 72 70 71 72 69 66 70 75 74 74 74 73 71 69 63 58 56 55 47 39 44 50 54 57 61 65 71 78 78 78 73 69 68 67 63 59 59 60 68 76 75 73 60 47 44 42 57 71 -9999 -9999 -9999 -9999
55 54 50 45 44 43 44 44 42 41 41 40 41 42 42 43 43 44 44 44 47 50 53 56 59 61 63 64 63 62 62 63 61 59 60 61 63 65 68 71 75 78 74 69 65 61 62 64 65 65 71 77 76 75 74 72 70 68 55 41 39 37 37 36 54 72 68 63 69 74 76 77 78 78 72 66 66 65 63 61 67 73 78 83 83 82 73 64 43 22 42 63 66 -9999 -9999 -9999
55 55 53 51 51 51 50 50 49 47 46 45 46 46 46 46 46 46 47 48 51 54 58 61 63 64 65 66 65 63 63 63 61 60 60 61 62 64 67 70 72 73 71 69 68 68 69 71 70 70 72 74 74 74 73 72 71 69 62 54 46 37 39 41 54 67 67 66 71 76 76 77 75 74 71 68 71 74 70 65 70 74 76 78 82 86 75 64 44 23 42 61 64 68 -9999 -9999
56 55 56 57 58 58 57 57 55 53 51 50 50 51 50 49 49 48 50 53 56 59 63 67 67 67 67 67 66 65 64 62 61 61 61 61 62 63 66 70 69 67 68 68 71 75 76 78 76 74 73 71 72 72 73 73 72 70 69 67 52 38 41 45 54 63 66 69 73 77 77 77 73 70 70 70 76 83 76 70 72 75 74 73 81 89 77 64 44 25 42 59 63 66 -9999 -9999
56 56 56 57 57 57 57 57 56 55 54 53 53 53 52 51 51 51 54 58 60 63 65 66 67 68 67 67 66 65 64 63 63 62 62 62 63 64 67 70 71 71 72 72 75 78 76 75 69 63 62 60 62 64 63 61 63 66 59 52 46 40 47 54 59 63 66 68 70 72 70 69 70 72 74 76 81 87 81 74 79 83 82 80 85 90 78 66 52 37 41 45 48 52 48 43
55 56 56 56 57 57 57 58 58 58 58 57 56 55 55 54 54 54 58 62 65 68 67 66 67 68 67 67 66 66 65 64 64 64 64 64 64 65 68 71 73 75 76 77 79 81 76 72 62 52 51 50 53 56 52 49 55 62 49 36 39 43 53 64 64 64 66 67 67 67 64 62 67 73 78 82 86 91 85 79 85 92 90 87 89 91 79 67 59 50 40 30 34 38 40 42
55 55 55 56 56 56 56 57 57 57 57 58 58 57 58 58 59 60 62 64 65 67 68 68 69 69 68 66 65 65 64 64 64 64 65 65 66 66 68 70 71 73 74 75 76 77 69 61 61 60 58 55 56 57 57 56 58 60 52 44 46 49 56 63 64 64 66 67 68 68 65 62 67 73 79 85 87 88 85 83 86 89 88 88 89 90 79 68 63 58 49 41 40 39 39 40
54 55 55 55 55 55 55 56 56 57 57 58 59 59 61 62 63 65 65 65 66 67 68 70 70 71 68 64 64 63 63 63 64 65 66 67 67 68 68 69 70 71 72 73 74 74 63 51 60 68 64 61 59 58 61 63 61 58 55 51 53 55 59 62 63 64 66 67 68 69 65 62 67 72 80 88 87 85 86 86 87 87 87 88 88 88 78 68 67 65 59 52 46 40 38 37
54 54 54 54 54 54 54 54 55 56 57 58 59 61 62 64 65 66 66 66 66 67 68 70 68 67 66 64 64 64 64 65 66 67 67 67 67 67 67 67 67 67 68 69 70 71 61 52 59 67 65 63 62 60 64 67 64 62 59 57 59 60 60 59 62 66 66 66 67 68 65 62 66 70 72 75 78 80 80 80 78 76 78 79 80 81 77 72 70 68 62 56 51 46 42 39
53 53 53 53 53 53 53 53 54 55 56 58 60 62 64 66 66 66 66 66 66 66 68 69 66 64 64 64 64 64 65 66 68 69 68 68 67 67 66 65 64 62 64 65 66 67 60 52 59 67 66 64 64 63 67 70 68 66 64 63 64 65 61 56 61 67 66 66 66 66 64 62 65 68 65 62 68 75 74 74 70 66 68 70 72 75 75 76 73 70 65 59 56 52 47 41
53 53 53 53 52 52 52 52 53 54 56 57 59 61 62 64 65 67 65 63 64 64 64 65 64 62 63 64 63 63 65 66 69 71 69 68 66 64 63 62 61 60 62 64 63 61 59 57 63 69 68 67 67 67 68 68 67 66 65 64 66 67 64 60 63 66 66 66 67 67 64 62 66 70 66 61 67 73 72 70 68 65 67 69 70 70 70 70 67 65 61 58 54 50 44 39
52 52 52 52 52 52 52 52 53 54 55 56 58 60 60 61 64 67 64 61 61 62 61 60 61 61 62 64 63 62 64 67 70 73 71 69 66 62 60 58 57 57 59 62 59 55 59 62 67 71 70 69 70 72 69 66 66 66 66 66 68 69 67 65 65 65 66 67 67 68 65 61 67 72 67 61 66 71 69 66 65 65 67 69 68 66 65 63 62 60 58 56 52 47 42 37
51 51 51 51 52 52 52 53 53 54 55 55 56 57 57 57 58 59 57 56 58 61 61 61 61 60 61 62 63 64 67 70 72 73 72 71 68 64 61 57 56 55 56 57 55 53 58 64 66 69 69 69 72 74 70 66 65 64 66 69 70 71 70 69 68 66 67 67 68 70 66 63 66 69 65 61 63 64 63 62 64 65 65 65 66 66 63 60 58 56 55 54 50 46 45 43
50 50 50 51 51 52 52 53 53 54 54 55 55 55 54 53 52 50 51 52 56 59 60 61 61 60 60 60 63 66 69 73 73 74 74 73 70 66 61 56 55 54 53 53 52 51 58 65 66 67 68 70 73 76 71 66 65 63 67 71 72 72 73 73 70 68 67 67 69 71 68 65 65 65 63 61 59 57 58 59 62 65 63 61 64 66 61 56 54 52 52 52 49 46 47 49
49 49 50 50 51 51 51 52 53 53 54 55 55 54 54 53 52 51 53 54 57 60 61 62 61 61 60 60 64 68 70 72 72 73 72 71 68 64 61 58 56 55 55 55 55 55 58 60 62 64 65 65 68 71 68 66 63 61 63 66 68 71 71 71 70 68 68 67 68 69 67 64 63 62 60 58 57 57 56 55 58 62 60 58 60 63 61 59 54 49 49 49 48 47 48 48
47 48 49 50 50 51 51 51 52 53 54 55 54 54 53 53 53 52 55 57 58 60 61 63 62 61 61 60 65 70 70 71 71 72 71 69 66 62 61 60 58 56 57 57 58 59 57 55 58 61 61 61 64 67 66 65 62 59 59 60 65 70 70 70 69 68 68 68 68 67 65 62 61 60 57 54 56 57 54 51 55 59 57 54 57 60 61 62 54 46 46 46 47 47 48 48
48 49 50 51 51 52 53 54 54 54 54 55 54 54 54 53 54 54 56 57 59 61 62 63 63 62 63 64 66 68 68 68 69 70 68 67 63 60 59 59 58 57 57 58 59 60 59 58 59 60 60 60 63 65 60 56 54 53 55 57 63 69 69 69 68 67 67 68 67 67 62 58 58 57 55 53 54 54 51 49 52 55 53 52 54 57 57 58 52 47 48 49 52 55 53 52
50 50 51 51 52 53 56 58 56 55 55 54 54 54 54 54 55 56 57 58 59 61 62 63 63 63 65 67 67 67 66 64 67 69 66 64 60 57 57 58 58 58 58 59 59 60 60 60 60 60 60 60 61 63 55 46 46 46 50 55 61 68 69 69 68 67 67 67 67 66 60 54 54 55 54 52 52 51 49 46 48 50 49 49 51 54 54 54 51 49 50 52 57 63 59 56
50 51 52 53 54 54 55 56 55 54 53 53 52 51 52 53 54 55 56 57 58 60 62 64 64 63 64 66 66 66 65 63 64 66 64 62 61 59 58 57 58 59 59 59 60 60 61 61 61 61 62 63 67 72 60 48 46 43 47 50 57 64 67 70 67 65 66 67 65 63 59 54 53 52 50 48 47 46 44 43 45 47 48 48 50 51 53 54 55 56 54 52 60 69 65 60
51 52 53 54 55 55 55 55 54 53 52 51 49 48 50 52 53 55 55 55 57 59 62 65 64 63 64 64 65 66 64 62 62 62 62 61 61 60 58 56 59 61 60 59 60 61 62 63 63 62 64 65 73 81 65 50 45 40 43 46 53 60 65 70 67 63 65 66 63 60 57 54 52 49 47 45 43 41 40 39 42 45 46 48 48 49 52 54 58 62 57 52 64 76 70 64
52 54 55 55 55 55 55 55 54 53 52 50 50 51 54 57 58 59 58 58 57 57 59 61 61 62 62 63 66 69 65 61 61 61 60 60 60 60 58 55 58 60 61 62 63 64 64 65 64 62 66 71 76 81 74 67 56 46 45 45 49 53 58 62 62 61 62 62 62 61 57 54 51 47 46 45 42 40 40 40 42 44 46 47 50 52 55 57 60 62 59 55 63 71 66 61
54 56 56 56 56 56 55 54 54 53 51 49 52 54 58 63 63 63 62 60 58 56 56 57 59 60 61 63 67 72 66 61 60 59 59 58 59 60 57 54 57 60 62 64 65 67 67 67 64 61 69 77 78 80 82 85 68 51 47 43 45 46 50 54 57 59 59 58 60 61 58 54 50 45 45 45 42 39 40 41 43 44 45 47 51 56 58 60 61 62 60 58 62 66 62 58
