homework/Homework_5_files/or_precip_1983_09.asc
ncols 407
nrows 229
xllcorner -124.73958333333
yllcorner 41.73958333333
cellsize 0.02083333333
NODATA_value -9999
[rows 53 to 105 of 229, columns 288 to 383 of 407]
30 32 32 32 33 35 36 37 36 34 36 38 39 41 41 41 40 39 38 36 34 32 32 32 31 29 28 27 31 34 28 22 18 13 13 13 13 13 14 16 19 22 23 24 29 33 34 35 36 37 34 31 33 35 39 43 40 38 42 45 45 45 40 35 36 36 34 31 29 27 26 26 26 26 27 28 31 33 35 37 36 35 35 36 40 45 40 34 34 33 36 38 33 27 34 42
31 33 32 32 34 36 37 38 38 39 38 38 40 42 42 42 41 40 37 35 31 28 28 28 26 25 27 28 29 30 24 17 15 13 13 13 13 12 13 14 14 14 16 17 25 34 35 36 38 40 36 33 34 35 40 45 43 40 44 47 47 47 43 40 40 40 39 37 34 32 29 27 27 27 28 28 30 31 32 33 32 31 33 36 42 47 38 30 32 34 39 43 36 28 33 38
33 34 35 35 36 37 38 38 38 39 38 38 40 41 41 40 38 36 33 30 28 26 25 25 23 21 22 24 25 26 21 15 14 13 13 12 12 12 13 14 14 14 15 15 21 27 32 37 38 40 38 36 34 32 34 37 40 43 44 45 47 49 45 40 40 40 38 36 36 36 31 27 27 28 28 29 30 31 32 33 35 37 37 36 41 46 42 37 38 40 39 38 35 31 38 45
36 35 37 39 39 38 38 38 38 38 39 39 40 41 39 37 35 32 29 25 25 24 23 22 19 17 18 19 20 22 18 13 13 13 13 12 12 12 13 14 14 14 14 14 17 20 29 38 39 40 39 38 34 29 29 28 36 45 44 44 48 51 46 41 41 40 38 35 37 40 33 27 28 28 29 30 31 32 33 34 39 44 40 37 41 45 45 44 45 46 40 33 34 34 43 52
35 35 36 38 37 37 37 38 38 38 38 38 39 39 37 35 32 30 28 26 26 25 24 24 22 19 19 19 22 26 20 15 13 12 11 11 11 11 12 14 14 13 14 14 17 20 26 33 36 39 39 39 36 34 35 35 37 39 42 45 48 51 47 43 44 45 44 42 40 38 37 35 34 32 35 37 38 38 37 35 40 44 40 35 39 43 44 44 43 41 39 38 33 29 40 50
35 35 36 36 36 36 36 37 37 37 37 36 37 38 35 32 30 28 28 27 27 26 26 26 24 22 21 19 24 29 23 16 13 10 10 10 10 11 12 14 14 13 14 15 17 20 24 28 33 39 39 39 39 39 41 42 38 34 40 46 49 52 48 45 47 50 50 50 43 37 40 43 40 36 40 45 44 44 40 37 41 45 40 34 37 41 43 44 40 36 39 42 33 24 36 49
35 35 35 35 35 35 35 35 35 35 35 35 36 37 35 34 32 31 31 32 30 29 28 26 24 22 22 21 24 27 25 23 17 11 10 10 10 11 12 14 14 14 16 17 19 21 24 28 33 38 39 39 39 40 42 44 40 35 41 46 48 49 49 49 45 42 43 44 49 55 49 43 39 36 43 51 51 51 46 41 43 45 41 36 40 44 42 41 38 34 35 35 31 27 33 39
35 35 35 35 35 35 34 34 34 34 34 34 35 35 36 36 35 34 35 36 34 32 29 26 24 23 23 23 24 25 28 30 21 11 11 10 11 11 12 13 14 14 17 19 21 22 25 28 33 38 39 39 40 40 43 46 41 37 42 47 47 47 50 53 44 35 36 38 55 73 58 43 39 35 47 58 58 58 51 45 46 46 42 38 43 47 42 38 35 32 30 28 30 31 30 29
34 34 34 34 34 34 34 33 34 34 34 34 34 35 35 35 35 34 35 35 33 31 29 26 26 25 23 22 23 23 25 27 21 15 14 14 14 14 15 15 15 14 16 18 20 21 23 25 30 36 38 41 41 42 44 47 44 42 42 42 46 49 52 54 47 40 42 43 53 64 49 35 35 35 47 58 58 58 51 45 45 44 41 37 40 43 41 39 33 27 26 25 27 29 29 28
33 34 34 34 34 34 33 33 33 33 33 33 34 34 34 35 35 35 35 35 32 30 29 27 27 27 24 21 21 21 23 24 21 18 18 18 17 17 17 16 15 14 16 18 18 19 21 22 28 33 38 42 43 43 46 48 47 46 42 38 45 51 54 56 50 45 47 49 52 54 40 27 31 35 47 58 58 58 51 45 44 43 39 36 38 40 40 40 30 21 21 22 25 28 27 27
32 33 33 33 34 34 34 33 33 33 33 34 34 34 34 35 35 35 35 34 34 33 32 30 28 25 24 22 20 18 20 21 19 16 16 16 17 17 16 16 15 15 18 21 20 19 21 23 27 31 35 39 41 42 45 47 48 48 46 44 47 49 50 50 49 49 50 51 52 53 41 29 34 38 44 50 51 53 48 42 41 40 37 35 36 37 34 31 26 21 22 23 25 26 24 22
31 32 32 33 33 34 34 33 33 33 33 34 33 33 34 34 35 35 35 34 35 36 34 33 28 23 23 23 19 15 16 17 16 15 15 15 16 16 16 16 15 15 19 23 22 20 22 24 26 28 32 35 38 42 44 45 48 50 50 50 49 47 45 44 48 53 53 54 53 52 42 32 36 41 41 41 45 49 44 39 38 37 35 33 34 35 29 23 21 20 22 25 25 24 21 18
32 32 33 33 34 35 35 34 34 33 33 33 33 32 34 35 35 34 33 32 33 33 32 31 28 24 22 19 17 14 13 13 13 13 14 14 15 15 15 15 16 16 18 20 23 26 27 28 27 26 29 32 35 37 41 45 47 49 50 51 51 50 49 48 51 54 57 60 54 48 43 38 39 40 40 39 39 39 37 35 34 33 31 29 30 31 27 23 22 21 22 23 21 19 18 16
32 32 33 34 35 37 36 35 34 33 33 33 32 32 33 35 35 34 32 30 30 30 30 30 28 25 20 15 14 12 11 9 10 12 13 14 14 14 14 14 16 18 17 17 24 32 32 31 27 23 26 29 31 33 39 45 46 47 49 52 53 54 53 53 54 56 61 65 55 44 43 43 41 39 38 37 34 30 31 32 30 29 27 26 27 28 25 22 22 22 21 21 17 14 14 14
31 32 33 33 36 38 38 38 36 35 34 33 32 32 33 34 34 34 31 29 28 27 26 25 25 24 19 14 12 9 8 7 9 10 11 13 14 14 14 15 16 16 16 16 20 24 28 33 31 30 30 30 33 36 40 45 46 47 48 49 51 53 53 53 55 56 56 56 50 44 41 39 38 36 36 35 34 32 32 32 30 28 27 25 25 25 24 22 22 22 21 20 16 13 15 17
31 32 33 33 36 39 40 41 38 36 35 33 33 32 33 34 34 34 31 27 26 24 22 20 22 23 18 13 10 6 6 6 7 8 10 13 13 14 14 15 15 15 15 15 16 16 25 34 36 37 34 30 35 39 42 45 46 48 47 47 50 52 52 53 55 57 52 47 45 44 39 35 34 33 33 33 33 34 33 32 30 28 27 25 24 23 22 21 22 22 21 20 16 12 16 19
32 32 32 32 36 39 40 41 40 39 36 33 32 31 31 32 31 30 27 23 22 20 20 20 20 20 15 10 9 7 7 6 7 8 11 13 14 14 14 15 15 15 15 14 17 19 24 28 30 32 30 28 31 34 37 40 41 43 45 46 45 44 46 48 50 52 43 35 36 38 37 36 33 31 32 32 32 33 32 32 30 27 26 24 23 21 21 20 20 19 17 14 14 14 17 21
34 33 32 32 35 38 40 41 41 41 37 32 31 31 30 30 27 25 22 20 18 17 18 20 18 16 12 7 8 8 7 6 7 8 11 14 14 14 14 14 14 14 14 13 18 22 22 23 25 28 27 26 27 29 32 35 37 39 42 45 40 35 40 44 45 47 34 22 27 32 34 36 33 29 30 31 31 31 31 32 29 27 25 24 22 20 19 19 18 17 13 9 13 17 19 22
32 32 32 32 33 34 35 35 34 34 32 29 30 30 30 30 30 29 27 24 22 19 19 18 17 15 13 10 10 11 10 9 10 11 12 14 14 14 13 13 13 14 14 13 16 19 21 24 25 26 24 23 24 25 28 31 35 38 38 39 37 34 35 36 36 36 30 23 27 31 33 35 31 26 27 27 27 27 26 26 25 23 23 22 20 18 17 17 16 15 12 9 12 14 18 -9999
30 31 31 32 31 30 30 29 28 27 27 27 28 29 30 31 32 32 31 29 25 22 19 16 15 14 14 13 13 13 13 12 13 13 13 13 13 13 13 12 13 13 13 14 15 16 20 25 24 24 22 19 20 20 24 28 32 37 35 33 33 33 30 28 27 25 25 24 27 30 32 34 28 23 23 23 23 22 21 21 20 20 21 21 19 16 15 14 14 13 11 9 11 12 17 -9999
29 29 29 29 28 27 27 27 26 25 25 24 25 25 28 30 30 30 31 32 28 25 22 20 19 18 17 16 16 15 14 13 13 13 13 13 13 13 13 13 13 13 13 14 14 15 17 20 20 21 20 18 19 20 23 25 29 33 32 31 31 30 28 26 25 23 22 21 23 25 27 28 25 22 21 21 20 19 18 17 17 17 17 18 15 13 14 15 13 11 10 8 11 14 -9999 -9999
28 27 27 26 25 24 24 24 24 24 23 22 22 22 25 28 28 28 31 34 31 28 26 23 22 21 20 20 19 18 16 14 14 13 13 13 13 13 13 13 13 13 13 14 14 14 14 14 16 18 17 17 18 20 22 23 26 28 29 30 29 28 26 24 23 21 19 17 19 21 21 22 21 21 19 18 17 16 15 14 14 14 14 14 12 10 13 16 12 9 8 8 11 15 18 -9999
26 26 25 24 23 22 23 24 24 24 23 22 21 21 24 27 26 26 27 28 26 23 23 22 24 25 25 24 22 20 18 15 14 13 13 13 13 13 13 13 13 13 13 14 14 14 14 14 15 16 15 14 15 16 17 18 19 20 21 23 23 24 22 21 21 20 19 17 18 19 19 19 19 20 17 15 14 14 13 13 12 12 12 12 11 10 11 13 12 11 9 7 12 16 17 -9999
25 25 23 22 21 20 22 24 24 24 23 21 21 20 23 26 25 23 23 22 20 18 20 21 25 30 29 28 25 23 19 16 14 13 13 13 13 13 13 13 13 13 13 14 14 15 14 14 13 13 12 12 12 12 12 12 12 12 14 15 17 19 19 18 19 20 18 17 17 17 17 16 18 19 16 12 12 11 12 12 11 11 11 11 10 10 10 9 11 12 9 6 12 17 16 -9999
24 25 25 24 23 22 21 20 21 21 21 21 22 23 25 26 25 23 23 24 21 18 18 18 22 26 26 26 26 26 25 24 21 18 16 13 13 13 13 13 13 13 13 14 14 14 14 14 13 13 13 12 12 12 11 11 11 11 12 13 14 16 16 17 18 19 18 18 18 17 16 14 16 17 15 13 13 12 11 11 11 10 10 10 10 10 10 10 10 10 9 8 11 14 16 -9999
24 25 26 26 25 23 20 17 17 18 20 21 24 26 26 27 25 23 24 26 22 18 17 16 19 22 23 25 27 29 30 32 28 24 19 13 13 13 13 13 13 13 13 14 14 14 14 13 13 13 13 12 12 11 11 10 10 10 10 10 11 12 14 16 17 18 19 19 18 17 15 12 14 16 15 15 13 12 11 11 10 10 10 10 10 9 10 10 9 9 9 10 10 10 -9999 -9999
24 24 25 27 26 25 23 20 20 19 20 20 21 22 23 24 23 22 25 27 23 20 17 14 15 15 18 21 23 26 27 29 26 23 18 13 13 13 13 13 13 13 13 14 14 14 13 13 14 14 13 13 12 12 11 10 10 10 9 9 10 10 11 12 13 14 15 16 16 15 14 13 13 14 15 16 15 14 13 11 11 10 10 10 10 9 9 10 9 9 10 12 13 -9999 -9999 -9999
24 23 25 28 27 27 26 24 22 20 19 18 19 19 20 20 21 22 25 28 25 21 17 13 11 8 12 17 20 22 24 26 24 22 18 13 13 13 13 13 13 13 13 14 14 14 13 13 14 14 14 13 12 12 11 10 10 9 9 8 8 8 9 9 10 11 12 13 13 13 13 13 12 12 14 17 16 16 14 12 11 11 10 10 10 9 9 9 9 9 11 14 -9999 -9999 -9999 -9999
25 25 27 28 28 28 27 25 24 23 22 20 21 21 21 21 21 21 23 25 24 23 19 15 13 12 12 13 16 20 23 26 25 24 20 15 14 13 13 13 13 13 13 13 13 13 13 13 14 14 13 13 12 12 11 11 10 10 9 9 9 9 9 10 11 12 12 12 11 10 10 9 9 9 10 11 11 11 11 11 11 12 11 11 10 9 9 8 10 12 15 -9999 -9999 -9999 -9999 -9999
26 28 28 28 29 29 28 27 26 26 24 22 23 23 22 21 21 20 21 22 23 24 21 17 16 16 13 9 13 18 22 26 26 26 22 18 16 14 13 12 12 13 13 13 13 13 13 13 13 13 13 12 12 12 11 11 11 10 10 10 9 9 10 11 12 13 12 11 8 6 6 6 6 6 6 5 6 6 8 9 11 12 12 12 11 10 9 8 11 14 19 -9999 -9999 -9999 -9999 -9999
26 29 30 31 31 31 30 29 28 27 25 23 23 23 22 21 21 22 22 22 22 23 21 18 17 15 13 11 14 17 19 20 22 24 22 21 17 13 13 14 13 12 12 13 13 13 13 14 14 14 14 13 13 12 12 12 12 12 11 10 11 12 14 15 15 15 14 13 11 8 7 6 6 5 5 5 5 6 7 9 9 9 9 9 9 9 9 9 10 12 -9999 -9999 -9999 -9999 -9999 -9999
26 30 32 33 33 33 32 32 30 28 26 24 24 23 22 20 22 23 23 22 22 21 21 20 17 15 14 14 15 17 16 15 18 22 23 24 18 13 14 15 14 12 12 12 12 13 13 14 14 15 14 14 13 13 13 14 14 14 13 11 13 15 17 19 18 18 17 16 13 10 8 6 5 5 5 5 5 5 6 8 7 6 6 7 8 9 10 10 10 -9999 -9999 -9999 -9999 -9999 -9999 -9999
21 23 26 28 30 32 32 31 31 32 29 27 25 23 22 21 21 21 20 18 19 19 19 19 17 16 15 14 14 14 14 13 15 17 18 18 16 13 13 14 13 12 12 12 12 12 13 13 14 14 14 14 14 14 15 15 15 14 13 12 13 13 15 18 17 15 16 17 15 13 11 9 8 6 6 6 6 6 7 8 7 7 8 8 9 10 10 10 -9999 -9999 -9999 -9999 -9999 -9999 -9999 -9999
17 17 20 24 28 31 31 30 33 35 32 30 27 24 23 22 20 18 17 15 15 16 17 17 18 18 16 14 13 12 12 12 12 12 12 12 13 14 13 12 12 12 12 12 12 12 13 13 13 13 14 15 15 16 16 17 16 15 14 14 12 10 13 17 15 13 15 17 17 16 15 13 10 7 7 7 6 6 7 8 8 8 9 10 10 10 10 -9999 -9999 -9999 -9999 -9999 -9999 -9999 -9999 -9999
17 17 19 20 22 24 25 26 26 27 25 24 22 21 20 18 17 16 15 14 14 14 15 16 16 17 16 15 14 13 13 12 13 13 13 12 13 13 13 12 12 12 12 12 12 12 13 13 13 14 14 15 15 15 15 14 14 13 12 11 11 11 13 14 14 13 15 17 17 16 14 13 11 9 8 8 8 7 7 7 7 8 9 10 10 -9999 -9999 -9999 -9999 -9999 -9999 -9999 -9999 -9999 -9999 -9999
18 18 17 16 16 17 19 21 20 20 19 18 18 18 16 15 14 14 14 13 13 13 13 14 15 16 16 17 16 14 14 13 13 14 13 12 12 12 12 12 12 12 12 12 12 13 13 13 13 14 14 15 14 14 13 12 12 12 10 9 10 12 12 12 13 14 15 17 16 16 14 12 11 10 10 10 9 8 7 6 7 8 9 -9999 -9999 -9999 -9999 -9999 -9999 -9999 -9999 -9999 -9999 -9999 -9999 -9999
20 20 19 18 18 18 20 21 20 20 19 19 18 17 16 15 16 16 16 16 15 13 13 14 14 15 16 17 16 15 14 13 15 16 16 16 15 14 13 12 12 12 13 13 13 13 14 14 15 16 16 17 17 16 15 13 12 12 10 8 9 10 10 10 11 13 14 15 15 16 15 13 12 11 11 10 9 7 7 7 8 8 9 -9999 -9999 -9999 -9999 -9999 -9999 -9999 -9999 -9999 -9999 -9999 -9999 -9999
22 22 21 21 20 19 20 21 20 20 20 20 18 17 17 16 17 18 19 20 16 13 13 13 14 15 16 16 16 15 15 14 17 19 20 21 18 15 14 12 12 12 14 15 14 14 14 15 16 18 18 19 19 18 16 14 13 11 9 7 8 8 8 8 10 11 12 13 14 16 15 15 13 11 11 11 9 6 7 8 9 9 -9999 -9999 -9999 -9999 -9999 -9999 -9999 -9999 -9999 -9999 -9999 -9999 -9999 -9999
23 22 22 21 21 21 21 22 21 20 20 20 20 19 17 14 15 16 17 18 16 14 13 13 13 13 14 15 15 15 14 14 15 16 16 16 16 17 16 14 14 14 14 15 15 15 15 14 15 16 17 17 17 17 16 14 12 11 9 7 7 7 8 8 9 11 11 12 14 16 14 13 11 10 10 10 8 6 7 8 9 9 -9999 -9999 -9999 -9999 -9999 -9999 -9999 -9999 -9999 -9999 -9999 -9999 -9999 -9999
23 23 22 21 21 22 22 23 21 20 20 21 21 21 17 13 13 14 15 17 16 15 14 12 12 12 13 14 14 14 14 13 13 14 13 12 15 18 17 16 16 15 15 16 16 16 15 14 14 15 15 15 15 15 15 14 12 10 8 6 6 6 7 8 9 10 11 12 14 17 14 11 10 9 9 8 7 6 7 8 9 -9999 -9999 -9999 -9999 -9999 -9999 -9999 -9999 -9999 -9999 -9999 -9999 -9999 -9999 -9999
22 22 21 21 21 21 22 22 21 20 21 22 22 22 18 14 15 16 16 16 15 14 13 12 11 10 11 12 12 13 13 14 13 13 13 12 14 15 15 15 14 13 13 14 14 14 14 13 13 13 13 13 13 13 13 14 13 13 11 9 9 8 8 8 8 9 10 10 12 14 12 10 9 8 8 7 7 6 7 8 9 -9999 -9999 -9999 -9999 -9999 -9999 -9999 -9999 -9999 -9999 -9999 -9999 -9999 -9999 -9999
22 22 21 20 20 20 21 21 21 20 22 24 23 22 19 16 17 18 17 16 15 13 12 11 10 9 9 9 10 11 13 14 14 13 13 12 12 13 13 14 12 11 12 12 12 12 12 13 12 11 11 11 11 11 12 13 14 16 14 12 11 10 9 7 7 7 8 9 10 11 10 9 8 7 7 6 7 7 8 9 9 -9999 -9999 -9999 -9999 -9999 -9999 -9999 -9999 -9999 -9999 -9999 -9999 -9999 -9999 -9999
21 21 20 20 20 20 20 21 21 21 22 23 23 23 20 18 19 20 19 17 15 13 11 10 9 8 9 9 9 9 10 10 11 11 11 10 11 11 11 11 10 9 10 11 11 10 11 11 11 11 11 12 13 14 15 15 15 15 14 13 12 12 10 8 7 7 7 8 9 10 9 8 7 6 6 6 7 7 8 8 -9999 -9999 -9999 -9999 -9999 -9999 -9999 -9999 -9999 -9999 -9999 -9999 -9999 -9999 -9999 -9999
21 20 20 19 20 20 20 20 21 22 23 23 23 23 21 20 21 22 20 18 15 12 11 9 8 7 8 9 8 8 7 7 8 9 9 9 9 9 8 8 8 7 9 10 9 9 9 9 10 10 11 13 15 16 17 18 16 13 13 13 13 13 10 8 7 6 6 7 8 9 8 7 6 5 6 6 7 7 7 -9999 -9999 -9999 -9999 -9999 -9999 -9999 -9999 -9999 -9999 -9999 -9999 -9999 -9999 -9999 -9999 -9999
20 20 20 19 20 20 20 20 22 24 23 23 23 23 23 24 24 24 23 21 16 12 11 9 8 8 8 9 9 8 8 8 8 9 9 9 9 8 8 7 8 8 8 9 9 8 9 9 9 10 11 13 14 15 15 16 16 16 14 12 12 11 10 9 9 8 7 6 7 9 8 8 6 5 6 6 7 7 -9999 -9999 -9999 -9999 -9999 -9999 -9999 -9999 -9999 -9999 -9999 -9999 -9999 -9999 -9999 -9999 -9999 -9999
19 19 19 20 20 20 20 20 23 26 24 23 23 24 26 27 27 26 25 23 17 11 10 9 9 8 9 9 9 9 9 9 9 9 9 9 9 8 7 7 7 8 8 9 8 8 8 8 9 10 11 12 13 13 13 14 16 18 15 11 10 9 10 11 10 9 7 5 7 8 8 8 7 5 6 6 7 -9999 -9999 -9999 -9999 -9999 -9999 -9999 -9999 -9999 -9999 -9999 -9999 -9999 -9999 -9999 -9999 -9999 -9999 -9999
19 19 20 20 20 21 21 20 22 24 23 22 23 25 26 27 25 23 21 20 15 11 10 9 9 9 9 9 9 9 9 9 9 9 10 10 10 11 9 8 7 7 7 8 8 8 8 8 9 10 10 11 12 13 13 13 14 15 13 10 10 9 9 9 9 8 8 7 7 8 8 8 7 5 6 6 6 -9999 -9999 -9999 -9999 -9999 -9999 -9999 -9999 -9999 -9999 -9999 -9999 -9999 -9999 -9999 -9999 -9999 -9999 -9999
19 19 20 20 21 21 21 21 21 22 22 22 23 25 26 27 23 19 18 16 13 10 10 9 9 9 9 9 9 9 9 8 9 10 10 10 12 14 11 9 8 6 7 7 7 8 8 8 8 9 9 10 11 12 12 12 12 12 11 9 9 9 8 7 7 7 8 8 8 8 8 8 7 6 6 6 5 -9999 -9999 -9999 -9999 -9999 -9999 -9999 -9999 -9999 -9999 -9999 -9999 -9999 -9999 -9999 -9999 -9999 -9999 -9999
20 19 20 21 21 22 21 21 21 21 21 21 22 23 23 23 22 20 17 14 13 11 11 11 10 10 10 9 9 9 9 9 9 9 9 9 9 10 8 7 7 6 6 6 6 7 7 8 8 8 9 9 10 10 10 10 10 11 9 8 8 8 8 7 7 7 7 7 7 6 7 7 6 6 7 8 -9999 -9999 -9999 -9999 -9999 -9999 -9999 -9999 -9999 -9999 -9999 -9999 -9999 -9999 -9999 -9999 -9999 -9999 -9999 -9999
20 19 20 22 22 22 22 22 21 20 21 21 21 21 20 19 20 22 17 12 12 12 12 12 11 11 10 9 9 9 9 9 9 8 8 7 6 6 6 5 6 6 6 6 6 6 7 7 8 8 8 8 8 8 8 8 8 9 8 7 7 7 7 7 6 6 6 7 6 4 5 6 6 6 8 10 -9999 -9999 -9999 -9999 -9999 -9999 -9999 -9999 -9999 -9999 -9999 -9999 -9999 -9999 -9999 -9999 -9999 -9999 -9999 -9999
25 25 24 24 22 21 21 21 21 21 23 25 27 29 24 20 21 22 18 14 14 14 14 13 12 11 11 10 9 9 8 8 7 7 7 6 6 5 5 5 6 6 6 6 6 6 6 7 7 8 8 8 7 7 7 7 7 7 8 8 8 8 7 7 7 7 7 7 6 5 5 6 6 6 7 8 6 -9999 -9999 -9999 -9999 -9999 -9999 -9999 -9999 -9999 -9999 -9999 -9999 -9999 -9999 -9999 -9999 -9999 -9999 -9999
29 31 28 26 23 19 20 21 21 21 25 29 33 36 28 20 21 22 19 17 16 16 15 14 13 12 11 11 10 9 8 7 6 6 6 5 5 5 5 5 5 6 6 5 6 6 6 6 7 7 7 7 7 6 6 6 6 6 7 9 9 9 8 8 8 8 8 7 6 5 5 5 5 5 5 6 6 5 4 -9999 -9999 -9999 -9999 -9999 -9999 -9999 -9999 -9999 -9999 -9999 -9999 -9999 -9999 -9999 -9999 -9999
27 31 30 29 28 26 23 20 22 24 29 34 36 37 29 21 21 20 19 18 17 16 15 14 13 12 11 10 9 9 8 7 7 6 6 6 5 5 5 5 5 5 5 5 6 6 6 6 6 7 7 7 6 6 6 6 6 6 7 9 8 8 8 8 8 8 8 7 6 5 5 5 5 5 5 6 5 4 4 3 3 2 2 2 2 -9999 -9999 -9999 -9999 -9999 -9999 -9999 -9999 -9999 -9999 -9999
