homework/Homework_5_files/or_precip_1983_08.asc
ncols 407
nrows 229
xllcorner -124.73958333333
yllcorner 41.73958333333
cellsize 0.02083333333
NODATA_value -9999
[rows 144 to 191 of 229, columns 192 to 287 of 407]
35 35 34 34 33 32 32 31 31 31 30 29 29 29 30 30 30 30 30 29 29 28 28 28 27 27 26 26 26 26 25 25 25 25 25 25 26 27 24 22 22 22 22 21 20 20 20 19 19 19 19 19 19 19 20 20 21 21 21 21 21 21 22 22 22 22 22 23 22 21 21 20 20 20 20 20 21 21 21 21 20 20 20 20 19 19 19 19 19 19 19 19 19 19 19 19
36 35 35 34 33 32 32 32 32 32 31 30 30 30 30 30 30 30 30 29 29 28 28 28 27 27 27 26 26 26 26 26 26 26 27 27 27 27 26 24 24 24 23 22 21 20 20 19 19 19 19 19 19 19 19 20 20 20 21 21 21 21 22 22 22 21 22 22 21 21 21 21 21 22 22 22 22 22 21 21 21 21 21 20 20 20 20 20 20 20 20 20 20 20 20 21
37 36 35 35 33 32 33 34 33 33 32 31 31 30 30 30 30 30 30 29 29 28 28 27 27 27 27 26 26 26 27 27 28 28 28 29 28 27 27 27 26 25 24 22 21 20 20 19 19 18 18 18 19 19 19 19 20 20 21 21 21 21 22 22 21 21 21 21 21 21 21 21 22 24 23 23 23 22 22 22 22 22 21 21 21 21 22 22 22 21 21 21 21 21 21 22
37 36 36 35 34 34 34 34 34 34 33 32 31 30 30 30 31 31 30 30 29 29 28 28 28 28 28 27 27 27 27 28 28 28 29 29 28 28 27 26 26 26 25 23 22 21 20 19 19 19 19 19 19 19 19 20 20 20 21 21 22 22 22 23 22 22 22 22 22 22 22 22 23 23 23 23 23 23 23 23 23 23 22 22 23 23 23 23 23 23 23 23 23 23 23 23
37 37 36 36 35 35 35 35 35 34 33 33 31 29 30 31 31 31 31 30 30 29 29 29 29 29 29 28 28 28 28 28 28 28 29 30 29 28 26 25 26 26 26 25 24 22 21 20 19 19 19 19 19 19 20 20 20 21 21 22 22 22 23 24 23 23 23 23 23 23 23 22 23 23 23 23 23 23 23 23 23 23 23 24 24 24 24 24 24 25 25 25 24 24 24 23
38 37 37 36 36 36 35 35 35 35 34 33 32 31 31 31 31 31 31 30 30 30 30 29 29 29 29 29 29 28 28 28 29 29 30 31 30 29 29 28 28 27 26 26 25 24 22 20 20 20 20 20 20 20 20 21 21 21 22 22 22 22 23 24 24 23 23 23 23 23 23 23 23 23 23 23 23 23 23 24 24 24 24 24 24 25 25 25 25 25 25 25 25 25 25 24
38 38 38 37 37 36 36 36 35 35 35 34 33 32 32 32 32 32 31 31 31 30 30 30 30 30 30 30 30 29 29 29 29 29 31 32 31 31 31 31 29 28 27 27 26 25 23 21 21 21 20 20 21 21 21 21 21 22 22 22 23 23 23 23 24 24 24 24 24 24 23 23 23 24 24 24 24 24 24 24 24 24 24 25 25 25 26 26 26 26 26 26 26 26 26 25
38 38 38 37 37 36 36 36 36 35 35 34 34 34 34 33 33 33 32 32 31 31 31 31 31 31 31 31 31 30 30 29 30 30 31 32 32 32 32 32 31 30 29 28 27 26 25 23 22 21 21 21 21 21 22 22 22 22 22 23 23 23 23 24 24 24 24 24 24 24 24 24 24 24 24 24 24 24 24 24 25 25 25 25 26 26 26 27 27 27 27 27 27 27 26 26
38 38 38 37 37 37 36 36 36 36 35 35 35 36 35 34 35 35 34 32 32 32 32 32 32 33 32 32 31 31 30 30 30 31 32 33 33 33 33 34 33 32 30 29 27 26 26 26 24 22 22 22 22 22 22 22 23 23 23 23 23 23 23 24 24 24 24 24 24 24 24 24 24 24 24 24 24 24 25 25 25 26 26 26 26 27 27 27 27 27 27 27 27 27 27 27
38 38 38 37 37 37 37 37 36 36 36 35 36 36 36 35 35 35 34 33 33 32 32 32 33 33 33 33 32 31 30 30 30 31 31 32 32 32 32 32 32 32 30 29 28 27 26 25 24 23 23 23 23 23 23 23 23 23 23 23 23 24 24 24 24 24 24 24 24 24 24 24 24 24 24 24 25 25 25 25 26 26 26 27 27 27 27 27 27 27 27 28 27 27 27 27
38 38 38 38 37 37 37 37 37 37 37 36 36 36 36 36 36 36 35 34 33 33 33 33 33 34 33 33 32 31 31 30 31 31 31 32 31 31 31 31 32 32 31 29 28 28 26 24 24 23 23 23 23 23 23 23 23 24 24 24 24 24 24 24 24 24 24 24 24 24 24 24 24 24 24 25 25 25 26 26 26 27 27 27 27 27 28 28 28 28 28 28 28 28 28 27
38 38 38 37 37 37 37 37 37 37 37 37 37 36 36 36 36 36 35 34 34 34 34 34 34 35 34 33 32 31 31 31 31 31 31 31 31 31 31 31 31 31 30 29 28 28 26 25 25 24 24 24 24 24 24 24 24 24 24 24 24 24 24 24 24 24 24 24 24 24 24 24 24 24 25 25 25 26 26 26 27 27 27 28 28 28 28 28 28 28 28 28 28 28 28 28
38 38 38 37 37 37 37 37 37 37 37 37 37 37 36 36 36 36 35 35 35 34 34 34 35 36 34 33 33 32 31 31 31 31 31 31 30 30 30 30 29 29 29 29 28 28 27 26 25 24 24 24 24 24 24 24 24 24 24 24 24 24 24 24 24 24 24 24 24 24 24 24 24 24 25 25 26 26 27 27 27 28 28 28 28 29 29 29 28 28 28 28 28 28 28 28
38 38 38 37 37 37 37 37 38 38 37 37 37 37 36 36 36 36 36 36 36 36 35 35 36 36 35 34 35 35 35 35 35 35 35 34 34 33 31 30 30 30 30 30 29 29 28 27 26 24 24 25 25 25 25 26 25 25 25 25 25 25 25 24 24 25 25 25 25 25 25 25 25 25 25 26 26 27 27 27 28 28 28 29 29 29 29 29 29 28 28 28 28 28 28 28
38 38 38 38 38 38 38 38 38 38 38 37 37 37 37 37 37 37 37 38 37 37 36 36 36 37 36 35 36 37 38 39 39 40 39 38 37 36 33 30 30 30 31 32 31 30 28 27 26 25 25 25 25 25 26 27 26 26 26 25 25 25 25 25 25 25 25 25 25 25 25 25 25 25 26 26 27 27 27 28 28 28 29 29 29 29 29 29 29 29 29 29 29 29 29 29
38 38 38 39 38 38 38 39 40 42 40 38 38 37 37 37 37 38 38 38 38 38 38 38 39 41 40 39 41 43 43 43 43 43 42 41 39 37 36 34 33 32 33 34 33 32 31 30 29 27 27 27 27 27 27 27 27 27 26 26 26 26 25 25 25 25 26 26 26 26 26 26 26 26 26 27 27 27 28 28 28 29 29 30 30 30 30 29 29 29 29 29 29 29 29 29
38 38 39 40 39 38 39 39 42 46 42 39 38 37 37 37 38 39 39 39 39 39 39 40 42 44 44 43 46 48 48 48 47 46 46 45 42 38 38 38 36 34 35 36 35 34 34 33 31 29 29 29 29 29 29 28 28 28 27 26 26 26 26 26 26 26 26 27 27 27 27 27 27 27 27 28 28 28 28 28 29 29 30 30 30 30 30 30 30 30 30 29 29 29 29 28
39 40 40 41 41 42 43 43 45 47 43 39 38 38 38 38 39 41 40 40 41 42 41 41 43 46 47 48 50 51 50 48 47 47 46 45 43 41 42 42 40 38 39 39 39 38 37 36 34 32 32 33 33 33 32 30 30 29 28 28 27 27 27 26 27 27 27 27 27 27 28 28 28 28 28 29 29 29 29 29 29 30 32 33 32 31 31 31 31 31 30 30 29 29 28 28
40 41 42 42 44 46 47 48 48 49 44 39 39 38 39 40 41 42 41 40 42 44 43 43 45 48 50 53 54 55 51 48 48 47 46 46 44 43 45 46 44 42 43 43 42 42 40 38 36 34 35 37 37 37 34 32 31 30 30 29 28 28 27 27 27 28 28 28 28 28 28 29 29 29 29 30 30 29 29 29 30 30 33 36 34 32 32 32 32 31 31 31 30 29 28 27
41 42 42 43 45 48 49 49 46 43 41 39 39 38 41 43 45 47 46 46 47 49 48 47 48 49 51 53 55 57 53 50 49 48 48 48 48 48 48 48 47 47 45 44 45 46 44 42 40 38 38 39 40 41 37 34 34 34 32 30 30 29 29 30 30 30 29 29 29 29 29 29 29 29 31 32 32 33 32 31 32 32 34 37 36 36 34 32 32 32 31 31 30 28 27 25
42 43 43 44 47 50 51 51 45 38 38 39 39 39 42 46 49 52 52 52 53 54 53 52 51 51 52 53 56 59 56 52 51 50 50 50 51 52 51 49 50 52 48 45 47 49 47 45 44 42 42 41 43 44 40 36 37 39 35 32 31 30 31 32 32 32 31 30 30 29 29 30 30 29 32 34 35 36 35 34 33 33 35 37 38 40 36 33 33 32 32 32 30 28 26 24
40 40 39 38 40 42 43 44 42 40 39 39 40 42 46 50 51 53 53 53 52 52 52 53 52 50 52 54 56 58 57 56 55 54 54 54 54 53 54 55 55 55 52 49 51 52 49 47 47 47 46 46 45 45 41 37 38 38 35 33 33 33 33 33 33 33 33 32 33 33 32 31 31 30 31 32 35 37 37 36 36 35 37 38 41 44 39 35 34 32 32 31 28 25 24 22
38 38 36 33 33 34 35 36 39 42 40 39 42 46 50 54 54 54 54 54 52 49 52 54 52 50 52 55 56 58 59 60 59 58 58 58 56 54 57 61 60 59 56 54 54 54 51 48 50 51 51 50 48 45 42 38 38 37 36 34 35 36 35 35 35 35 35 35 36 36 34 32 31 31 31 31 34 38 38 39 38 37 38 39 43 47 42 36 34 33 31 30 27 23 22 20
34 35 34 33 33 34 36 39 41 43 45 46 46 46 50 55 55 55 55 55 53 52 53 54 53 51 54 57 58 60 61 61 61 60 60 59 61 62 63 65 64 64 60 57 57 58 54 51 51 52 52 53 51 48 45 42 40 37 38 38 38 38 38 38 37 37 38 39 38 38 36 33 33 33 33 34 36 39 38 38 39 40 40 41 42 44 42 40 36 32 30 28 26 23 22 20
30 31 32 33 33 34 38 41 43 44 49 54 50 46 51 56 56 56 56 56 55 54 54 54 53 52 56 59 61 62 63 63 63 62 61 60 65 70 69 69 69 68 64 59 60 61 57 53 53 52 54 56 54 52 49 47 42 38 40 42 42 41 41 41 40 39 41 43 41 39 37 35 35 36 36 36 38 40 39 38 40 42 43 43 42 40 42 45 38 32 29 27 25 23 22 21
30 31 32 33 33 34 38 43 43 43 49 56 52 48 52 56 57 58 57 56 55 54 55 55 55 55 58 60 61 63 64 66 65 65 64 64 69 74 73 72 71 69 66 63 62 62 58 54 55 55 55 55 52 48 46 43 42 41 43 44 43 42 42 42 42 41 42 43 41 39 39 39 39 39 38 36 38 41 41 40 41 42 42 42 42 41 43 44 39 33 32 30 28 25 25 24
29 31 32 33 33 34 39 45 43 42 49 57 53 49 52 56 57 59 58 56 56 55 55 55 57 58 59 61 62 63 66 68 68 68 68 68 73 78 77 75 73 70 69 67 65 63 59 55 57 58 56 54 49 45 42 40 42 45 45 46 45 44 44 44 43 43 43 44 42 39 42 44 43 42 39 36 39 42 42 43 43 43 42 42 42 42 43 43 39 35 34 34 31 28 28 27
30 30 32 33 34 34 40 45 48 52 50 48 48 48 52 56 58 60 59 57 56 56 57 58 59 60 61 62 63 64 66 68 68 68 68 68 73 78 77 76 73 71 69 67 65 63 61 59 58 56 55 53 50 46 43 41 42 43 44 44 44 44 44 44 45 46 46 47 44 41 42 44 43 42 41 40 41 42 42 42 43 43 43 44 45 46 46 47 42 37 36 35 34 32 32 31
30 30 32 33 34 35 40 45 54 62 50 38 43 47 52 56 59 61 60 58 57 56 59 61 61 61 62 63 63 64 66 68 68 68 68 68 73 77 77 76 74 71 69 67 65 62 62 63 58 54 53 53 50 47 44 42 42 41 42 42 43 44 44 44 47 49 49 49 46 42 43 43 43 43 43 43 43 43 42 42 43 43 45 46 47 49 50 52 46 40 38 36 36 36 36 35
34 35 34 34 36 38 41 45 52 59 54 48 46 44 49 54 57 60 60 61 58 55 56 58 60 62 63 63 63 64 66 67 67 67 67 67 71 76 75 75 73 72 70 68 65 61 62 62 59 55 54 52 51 49 47 46 45 44 45 47 46 46 45 45 46 48 48 48 46 43 44 44 43 42 43 43 43 43 43 43 43 44 46 49 50 52 52 52 48 43 41 39 39 40 37 35
39 39 37 35 38 41 43 45 50 55 57 59 50 41 47 52 55 58 61 64 59 54 54 54 59 63 63 63 64 64 65 67 66 66 66 66 70 74 73 73 73 73 71 69 64 60 61 62 59 57 54 52 52 51 50 49 48 47 49 51 49 48 47 45 46 47 47 47 46 44 44 44 43 42 42 43 43 43 43 43 44 45 48 51 54 56 54 52 49 47 44 41 42 43 39 35
39 39 39 39 40 41 42 43 49 54 56 59 54 50 51 52 55 57 58 59 56 53 53 53 57 62 62 63 62 61 62 64 63 63 64 65 68 71 71 70 71 71 69 66 64 62 62 63 59 55 55 54 52 49 48 47 46 44 46 47 47 48 47 46 45 45 44 43 43 43 43 43 42 41 42 42 42 42 43 44 46 49 51 53 55 57 54 51 50 48 46 43 44 44 40 37
39 39 41 44 43 42 42 41 47 54 56 58 59 59 56 52 54 55 54 54 53 52 51 51 55 60 61 62 60 58 60 61 60 60 62 64 66 69 68 68 69 70 67 64 64 64 64 64 59 54 55 56 52 47 46 45 43 41 43 44 46 47 47 46 45 43 41 39 41 43 42 42 42 41 41 41 41 42 43 44 48 52 53 55 57 59 55 51 50 50 47 45 45 45 42 38
37 37 40 43 44 44 45 45 48 51 54 57 57 58 56 54 55 55 54 53 51 49 48 47 52 56 58 59 58 58 59 60 59 58 61 64 64 64 64 63 64 66 62 58 58 58 59 59 57 54 53 52 48 44 44 45 43 42 43 44 45 46 46 45 44 43 42 40 41 43 42 41 41 41 41 41 41 41 42 43 47 51 53 54 55 56 56 55 53 52 49 46 46 46 42 39
35 35 39 43 45 47 48 49 48 48 52 56 56 56 56 56 56 55 54 53 49 45 44 43 48 52 54 56 57 58 59 60 58 55 59 63 62 60 59 58 60 62 57 53 53 53 53 54 54 54 51 48 44 41 43 44 44 43 44 44 44 44 45 45 44 43 42 41 42 42 41 40 40 41 41 41 41 41 41 41 46 51 52 53 54 54 57 59 56 53 50 47 47 47 43 39
34 36 38 40 42 45 46 48 48 47 49 51 51 50 53 55 55 56 54 53 50 47 47 47 49 51 52 53 51 50 53 56 54 53 56 59 57 56 56 56 57 58 55 51 50 49 50 50 48 47 46 45 43 41 43 45 44 43 44 44 44 44 44 44 44 43 42 41 41 41 42 42 42 41 41 41 41 41 41 42 44 47 49 51 53 54 56 59 57 56 51 45 45 45 42 39
32 36 37 37 40 43 45 47 47 47 46 46 45 45 50 54 55 56 54 53 50 48 49 50 50 50 50 50 46 41 46 51 51 51 53 55 53 51 53 55 55 55 52 49 48 46 46 45 42 40 41 41 41 40 43 45 44 43 44 44 44 43 43 44 43 42 42 41 41 40 42 45 43 41 41 41 41 41 41 42 43 43 47 50 52 54 56 58 59 59 52 44 44 44 41 38
51 48 45 43 49 55 53 50 48 46 46 46 45 45 48 50 55 60 57 54 50 47 48 50 50 49 47 46 45 44 47 50 49 48 48 48 47 45 48 51 50 50 49 47 45 43 42 40 40 39 39 39 41 42 44 46 45 44 44 44 43 42 43 44 43 42 42 41 40 39 41 42 41 41 42 43 42 42 42 42 43 43 47 50 52 54 56 58 57 56 49 43 42 40 39 37
70 59 54 50 58 67 60 53 49 45 45 45 45 45 46 46 55 64 59 54 50 45 48 51 50 49 45 42 44 46 47 48 47 46 44 41 40 39 43 47 46 45 45 45 43 40 38 36 37 38 38 38 41 44 45 46 45 44 44 45 43 41 43 45 44 42 42 41 40 39 39 39 40 41 43 44 43 42 42 43 43 44 47 51 52 54 56 58 55 53 47 42 39 36 36 36
116 109 102 95 88 81 71 61 55 49 47 45 45 45 46 46 56 65 60 55 50 44 46 47 46 46 44 43 44 45 46 47 45 43 41 39 40 41 44 48 46 45 43 42 39 36 35 34 36 38 38 38 41 44 45 46 45 43 43 44 42 40 40 40 42 43 43 43 43 42 41 40 41 41 42 43 43 43 43 43 43 44 47 50 52 54 54 54 51 48 45 42 38 35 35 34
162 158 149 140 118 96 82 68 61 53 49 45 45 45 45 46 56 66 61 56 50 43 43 43 43 43 44 44 44 45 45 45 42 40 39 38 40 42 45 49 47 45 42 38 35 32 32 32 35 38 38 38 41 45 45 46 44 43 43 43 41 40 38 36 40 43 44 45 45 46 44 42 42 42 42 43 43 43 43 43 44 44 47 49 51 54 52 50 46 43 42 42 37 33 33 32
152 153 142 130 111 91 84 76 73 71 58 45 45 44 45 45 50 56 54 51 47 43 43 42 42 42 44 46 45 45 44 44 41 38 38 38 40 41 44 47 44 41 39 37 34 32 32 32 34 35 37 39 43 47 46 45 44 43 43 43 42 42 41 39 42 44 45 46 45 44 43 42 42 42 42 43 43 43 44 44 44 44 46 49 51 53 50 47 44 41 40 38 35 33 33 32
142 148 135 121 104 87 85 83 86 88 66 44 44 44 44 44 45 46 46 47 45 43 42 41 41 40 44 48 46 45 44 43 39 36 37 39 39 39 42 45 41 37 36 36 33 31 31 32 32 33 36 40 45 50 47 44 44 43 43 43 43 43 43 43 44 45 45 46 44 43 43 42 42 42 43 43 43 44 44 44 43 43 46 48 50 52 48 44 42 40 37 33 33 33 33 32
132 135 126 118 102 86 83 80 83 87 66 45 44 44 43 43 43 44 45 47 44 41 41 40 40 39 42 45 44 44 43 43 41 39 39 38 38 38 40 43 39 34 33 33 32 31 31 32 35 39 41 44 46 48 46 45 45 44 44 43 43 43 43 43 44 45 45 45 44 43 43 43 43 42 43 43 43 44 44 44 44 43 45 47 48 49 49 48 45 42 40 38 36 34 36 37
122 122 118 114 100 85 80 76 81 87 67 46 45 44 43 42 42 41 44 46 43 40 39 39 39 38 40 42 42 43 43 43 43 43 40 37 37 36 38 40 36 31 30 30 30 30 31 31 38 45 46 48 47 47 46 45 46 46 44 42 43 44 43 43 44 44 44 44 44 43 43 43 43 43 43 43 43 44 44 44 44 44 44 45 46 47 50 52 48 43 43 43 39 35 39 42
119 115 108 101 87 74 72 69 85 100 78 56 49 43 42 42 41 40 42 43 41 40 39 38 39 40 41 42 42 42 42 41 41 41 40 38 37 37 38 39 36 34 32 30 32 34 35 36 42 47 47 47 47 47 46 45 45 45 44 44 44 44 43 43 43 43 44 44 44 44 44 44 44 43 43 43 44 44 44 44 44 44 44 44 46 48 48 48 45 43 42 40 40 40 45 49
115 109 98 87 75 63 63 63 88 114 90 65 54 43 42 41 40 39 39 39 39 39 39 38 40 41 41 41 41 41 40 40 40 40 39 38 38 38 37 37 37 37 33 30 34 39 40 41 45 49 48 47 47 46 46 45 44 44 44 45 44 44 44 43 42 42 43 44 44 45 45 45 44 44 44 44 44 44 44 43 43 43 44 44 46 48 46 43 43 42 40 38 42 45 50 55
98 96 90 84 76 69 67 65 79 93 89 85 68 52 47 43 41 38 38 39 39 38 38 38 42 47 44 42 41 40 39 38 39 39 38 38 36 35 35 36 36 35 32 29 33 38 39 40 43 46 46 46 46 45 45 44 44 43 44 45 44 43 43 42 41 40 41 42 43 45 45 45 45 45 45 45 46 46 43 41 42 43 45 46 48 49 47 45 45 45 44 44 45 47 53 58
