homework/Homework_5_files/or_precip_1983_09.asc
ncols 407
nrows 229
xllcorner -124.73958333333
yllcorner 41.73958333333
cellsize 0.02083333333
NODATA_value -9999
[rows 106 to 158 of 229, columns 96 to 191 of 407]
19 19 17 15 16 17 22 27 29 31 29 28 26 24 30 37 34 31 35 38 40 42 40 37 34 30 32 35 39 44 39 34 26 19 22 25 28 32 35 37 34 32 33 33 30 27 26 25 19 13 10 7 6 6 5 5 4 4 4 4 4 4 4 3 3 3 3 2 2 1 1 1 1 0 0 0 0 0 0 0 1 1 1 2 2 2 2 2 2 2 2 2 3 4 4 5
18 18 18 18 20 22 24 27 27 27 26 24 25 27 29 30 33 35 37 39 39 40 38 36 33 29 32 35 39 43 37 30 25 20 23 25 29 33 35 37 36 34 34 35 31 28 28 28 20 13 11 9 8 7 6 5 5 4 4 4 4 4 4 3 3 3 3 2 2 2 1 1 1 1 0 0 0 0 0 0 1 1 1 2 2 2 2 2 2 2 2 2 3 3 4 4
16 17 19 21 24 27 27 27 25 24 22 20 25 30 27 24 32 40 39 39 38 38 36 34 32 29 32 36 39 43 35 26 24 21 24 26 30 34 36 37 37 36 36 36 33 30 30 30 21 13 12 10 9 7 6 5 5 4 4 4 4 4 4 4 3 3 3 3 2 2 2 2 1 1 1 0 0 0 0 0 1 1 1 2 2 2 2 2 2 2 2 3 3 3 4 4
18 19 20 21 24 27 28 29 27 25 23 22 25 28 28 28 36 44 42 39 37 36 34 32 32 32 33 35 37 40 34 28 25 21 24 28 31 34 36 37 36 36 36 36 35 33 31 28 21 14 12 9 9 8 7 6 5 5 5 5 5 4 4 4 4 4 3 3 3 2 2 3 2 2 1 1 0 0 0 1 1 1 2 2 2 2 2 3 2 2 2 3 3 3 4 4
19 21 21 21 24 28 29 30 28 26 25 24 25 26 28 31 40 49 44 38 36 33 32 31 32 34 34 33 35 36 33 31 26 21 25 30 32 35 35 36 36 36 36 36 36 37 31 26 21 16 12 8 8 9 7 6 6 6 5 5 5 5 5 5 5 4 4 3 3 3 3 4 3 2 2 1 1 1 1 1 1 1 2 2 2 3 3 3 3 2 2 3 3 3 4 4
20 21 21 22 23 24 24 25 23 22 21 21 22 24 27 30 34 38 35 32 31 29 29 28 29 31 30 29 30 31 31 30 28 26 27 28 30 32 33 35 35 35 36 36 37 37 34 30 21 12 10 8 8 8 8 7 7 6 6 6 5 5 6 6 6 6 6 6 6 6 6 5 5 4 3 3 3 2 2 1 1 1 2 2 2 3 3 3 3 3 3 3 3 3 4 4
20 21 22 23 21 20 20 20 19 17 18 19 20 22 25 28 28 27 26 25 25 25 25 25 26 28 26 24 25 26 28 30 31 31 29 27 28 29 32 34 34 35 36 36 37 37 36 34 22 9 9 8 8 8 8 8 7 7 7 6 6 6 7 7 8 9 9 9 9 9 8 7 6 6 5 5 5 4 3 1 1 1 2 2 2 2 2 2 3 3 3 3 3 4 4 4
21 20 20 20 19 17 18 19 18 17 17 18 19 20 22 25 24 23 26 28 28 29 28 28 29 30 30 30 31 32 33 34 32 29 28 27 29 31 33 35 35 34 35 35 36 37 36 35 22 10 9 8 9 9 9 8 8 8 7 7 7 8 9 10 10 10 10 10 10 10 10 9 8 7 7 6 6 5 5 5 3 1 2 2 2 2 2 2 3 3 3 3 3 3 3 4
21 20 18 17 16 14 16 18 17 16 16 17 18 18 20 21 20 19 25 31 32 32 32 31 32 32 34 36 37 38 38 38 33 28 27 27 30 33 35 37 35 34 34 34 35 36 36 35 23 11 10 8 9 10 9 8 9 9 8 7 9 10 11 12 12 12 12 11 11 12 11 10 10 9 9 8 7 6 8 10 6 1 2 2 2 2 2 3 3 3 3 3 3 3 3 3
18 18 18 19 18 18 21 24 23 23 22 22 23 24 22 21 22 23 26 30 31 33 32 31 33 35 36 38 38 38 38 38 35 31 30 28 30 33 33 34 32 30 32 33 35 37 34 31 23 16 15 14 13 11 10 9 9 9 9 9 8 8 10 12 13 13 13 13 13 12 12 12 11 11 10 9 8 8 8 8 7 5 4 2 2 2 2 2 3 3 3 3 3 3 3 3
15 16 18 21 21 21 25 29 29 29 28 27 28 29 25 21 24 27 27 28 31 34 33 32 35 37 39 40 40 39 38 37 36 35 32 29 31 32 31 31 29 26 29 32 34 37 32 27 24 20 20 20 16 12 11 10 10 9 10 11 8 6 9 13 13 14 14 15 14 13 13 13 12 12 11 10 9 9 8 7 8 9 5 2 2 2 2 2 3 3 3 3 3 3 3 3
18 18 20 21 22 23 24 26 28 30 32 34 34 34 32 29 32 35 34 33 34 35 33 31 33 35 35 36 35 34 34 33 32 31 29 27 28 29 28 28 27 26 29 31 33 34 31 27 23 20 18 17 14 12 11 10 10 10 11 11 10 10 11 13 13 14 14 15 14 14 13 13 13 12 12 11 10 9 9 9 9 9 6 3 3 3 3 3 3 3 3 3 3 3 3 3
20 21 21 22 23 24 23 22 26 30 35 41 40 39 39 38 41 44 41 39 38 36 33 30 31 32 31 31 30 29 29 29 27 26 26 25 26 26 25 24 25 26 29 31 31 31 29 27 23 19 16 13 12 11 11 10 11 11 12 12 13 13 13 13 14 14 14 14 14 14 14 14 13 13 12 12 11 10 11 11 11 10 7 5 4 4 4 5 4 3 3 3 3 3 3 3
20 19 20 21 21 22 23 24 26 28 30 32 31 31 34 36 37 37 38 39 36 33 34 35 32 30 29 27 28 29 28 27 26 24 23 23 23 24 23 23 24 25 26 27 28 29 27 26 23 21 17 14 12 10 10 10 10 11 10 10 11 12 12 13 13 14 14 14 14 14 14 14 14 13 13 13 12 11 10 9 9 8 6 4 4 4 4 5 4 3 3 3 4 4 3 3
19 18 18 19 19 20 23 26 26 25 24 23 23 23 28 34 32 31 35 40 35 30 35 39 34 29 26 23 26 29 28 26 24 21 21 20 20 21 21 22 22 23 23 24 25 26 25 24 23 22 19 15 12 8 9 10 10 10 8 7 9 11 12 13 13 14 14 14 14 14 14 14 14 14 14 14 14 13 10 7 7 6 5 4 4 4 4 5 4 4 4 4 4 4 4 4
18 17 18 19 19 19 21 22 22 22 22 22 23 24 28 31 30 28 32 35 33 31 33 34 30 26 24 22 23 24 23 22 21 20 19 19 19 19 20 22 22 23 23 23 23 23 22 21 20 18 15 11 9 7 9 10 10 10 9 8 9 10 11 12 13 14 14 15 14 14 14 14 14 14 14 13 12 11 10 9 7 6 5 5 4 4 4 4 4 3 4 4 4 4 3 3
16 16 17 18 18 18 19 19 19 20 20 21 23 26 27 28 27 26 29 31 32 32 31 30 27 24 22 20 19 19 19 18 18 18 18 17 17 17 19 21 22 23 22 21 21 20 19 18 16 14 10 7 7 7 8 10 10 10 9 9 9 9 10 10 12 14 14 15 14 13 13 13 14 15 14 13 11 9 10 10 8 6 6 5 5 5 4 3 3 3 4 5 4 3 3 2
17 18 18 18 19 20 21 22 22 22 22 21 23 24 25 26 26 25 28 31 30 29 28 26 25 24 21 19 19 18 18 18 18 18 18 18 18 18 19 20 20 19 19 18 18 18 18 18 15 12 10 8 7 7 7 8 8 8 8 8 8 8 8 8 9 10 11 13 13 13 13 13 13 12 11 9 8 7 8 8 7 5 5 4 4 4 3 3 3 3 3 4 4 3 3 3
17 19 18 17 20 22 24 26 25 25 23 22 22 23 24 25 24 24 28 32 29 27 25 23 23 24 21 17 18 18 18 18 18 18 18 18 19 19 19 19 17 15 15 15 15 15 16 17 14 10 10 10 8 7 7 7 7 7 7 8 7 7 6 6 6 5 8 10 12 13 13 13 12 10 8 6 6 6 6 6 5 5 4 3 3 3 3 3 3 2 3 3 3 3 3 3
19 19 18 17 20 22 23 24 23 23 22 21 21 21 22 23 23 23 26 29 27 26 24 22 22 22 20 18 18 17 17 17 18 18 17 16 16 16 16 16 15 14 12 11 12 13 13 13 12 12 11 11 9 7 7 6 6 7 6 6 6 6 6 6 6 5 7 9 10 11 11 10 9 8 6 5 5 5 5 5 5 5 4 4 4 4 3 3 3 2 3 3 3 3 3 3
22 18 17 17 20 22 22 21 21 20 20 20 20 20 20 21 22 22 24 27 26 25 24 22 21 20 19 19 18 17 16 15 17 18 16 13 13 13 13 12 12 12 10 8 10 11 10 9 11 14 13 13 10 7 6 5 6 6 5 5 5 6 6 6 5 5 7 9 9 10 8 7 7 6 5 3 4 5 5 5 5 4 4 5 5 5 4 3 3 2 3 3 3 3 3 3
23 21 20 18 19 20 21 21 21 20 20 19 20 20 20 20 21 22 22 22 24 25 24 22 20 18 18 18 17 16 15 15 14 13 13 12 12 12 10 9 8 8 7 6 7 9 8 8 9 10 10 9 8 6 6 5 5 6 5 5 5 6 6 6 5 5 7 8 9 10 9 9 8 7 5 4 4 5 5 4 4 4 5 5 5 5 4 4 4 3 3 3 3 3 3 3
24 24 22 20 19 18 19 21 20 20 19 19 19 20 20 19 21 22 20 18 21 25 24 22 19 16 16 17 16 15 15 15 12 9 10 11 11 10 8 6 5 4 3 3 5 6 6 6 6 7 6 6 6 5 5 5 5 5 5 5 5 5 5 5 5 5 6 7 9 10 10 11 9 7 6 5 5 5 4 4 4 5 5 5 5 4 4 4 4 4 4 3 3 3 3 3
27 27 25 24 22 20 21 21 20 19 19 18 19 19 19 19 20 22 20 19 20 22 21 20 19 17 16 15 15 16 14 13 11 9 8 6 7 8 6 3 4 4 4 5 5 6 7 7 7 6 6 6 5 5 5 5 5 6 5 5 5 5 5 5 5 5 6 7 9 10 11 12 11 10 9 8 7 6 6 6 5 5 5 4 5 5 5 5 5 4 4 4 3 3 3 2
29 31 29 28 25 21 22 22 20 18 18 18 18 18 18 18 20 22 21 20 19 19 19 18 18 18 16 13 15 16 13 10 10 9 5 2 3 5 3 1 3 5 6 6 6 6 7 8 7 6 6 5 5 5 5 5 5 6 6 6 5 5 5 5 5 5 6 7 9 11 12 13 13 13 12 11 9 7 7 7 7 6 5 4 5 6 6 6 5 4 4 4 4 3 3 2
29 29 28 28 26 24 23 22 20 18 17 17 17 17 17 18 19 20 21 21 21 21 20 19 18 16 15 14 15 16 15 13 12 10 8 6 6 6 4 2 4 6 6 6 6 5 6 6 6 5 5 5 5 5 5 5 5 6 5 5 5 5 5 5 5 6 7 7 10 13 15 17 16 16 14 13 11 9 8 8 7 6 5 4 5 5 5 5 5 4 4 4 4 4 3 2
29 27 27 28 27 26 24 22 20 18 16 15 16 16 17 18 18 19 20 22 23 24 22 20 17 14 15 16 16 16 16 16 14 11 11 10 8 6 4 2 5 8 7 5 5 5 5 5 5 5 5 4 4 4 4 4 5 5 5 5 5 5 5 5 6 6 7 8 11 15 18 20 20 19 17 15 13 10 9 9 8 7 6 5 5 4 4 4 4 4 4 4 4 4 3 3
27 27 26 25 25 24 21 18 17 15 16 16 17 17 18 18 19 19 20 21 22 23 22 21 19 18 16 14 14 15 16 17 16 14 14 13 12 10 9 7 7 7 6 5 5 5 5 4 4 4 4 4 4 4 4 4 5 5 5 5 5 5 5 5 5 6 7 8 11 14 16 18 18 18 17 16 14 11 9 7 7 7 6 5 5 5 5 4 4 4 4 4 4 4 3 3
26 27 25 23 23 23 19 15 14 13 15 17 18 19 18 18 19 20 20 19 21 22 22 21 21 21 17 12 13 14 16 17 17 18 17 17 15 14 13 12 9 7 6 6 5 5 4 4 4 4 4 4 4 4 4 4 5 5 5 5 5 5 5 5 5 5 6 7 10 13 14 16 16 17 17 17 14 11 9 6 7 7 6 6 6 5 5 4 4 4 4 4 4 4 3 2
26 27 24 21 21 21 16 12 11 11 13 15 16 17 17 17 18 19 20 20 22 24 22 19 19 18 16 14 16 18 19 19 19 19 18 17 16 15 13 12 9 7 6 6 5 5 4 4 4 4 4 4 4 4 4 5 5 5 5 5 5 5 5 5 5 5 6 7 9 11 13 15 16 16 16 15 13 10 8 6 6 6 6 6 5 5 5 4 4 4 4 4 4 4 3 3
26 26 22 18 18 18 13 9 9 10 11 12 14 15 16 17 17 18 20 21 24 27 22 17 16 15 16 17 19 22 22 22 21 20 19 18 17 16 14 11 9 7 7 6 5 5 4 4 4 4 4 4 4 4 4 5 5 5 5 5 5 5 5 5 5 6 6 6 7 9 12 15 15 16 14 13 11 9 8 6 5 5 5 5 5 4 4 4 4 4 4 4 4 3 3 3
25 24 22 19 17 15 12 9 10 10 12 13 14 15 16 17 19 21 22 24 23 23 20 17 16 16 15 15 18 20 20 20 20 19 19 19 17 15 14 13 10 7 7 6 6 6 5 5 5 4 4 4 4 4 5 5 5 5 5 5 5 5 5 5 5 6 6 6 7 8 10 12 12 13 12 11 10 9 7 6 5 5 5 6 5 4 4 4 4 4 4 4 4 4 3 3
23 23 21 20 16 12 11 10 10 11 12 13 14 15 16 16 20 24 25 26 23 19 18 17 17 16 15 13 16 19 19 19 19 19 20 21 18 15 15 14 11 7 7 6 7 7 6 6 5 4 5 5 5 5 5 5 5 5 5 5 5 5 5 5 6 6 6 7 7 7 8 9 10 10 10 10 9 9 7 6 5 4 5 6 5 4 4 5 4 4 4 4 4 4 3 3
19 18 18 18 16 14 13 12 12 13 14 15 15 16 16 16 20 24 25 27 23 18 18 19 18 18 17 17 18 20 20 19 18 17 17 18 16 15 14 13 10 7 7 7 7 7 7 6 6 5 5 5 5 4 5 5 5 5 5 5 5 5 5 5 5 5 6 6 6 6 7 8 8 9 9 9 8 8 7 5 4 3 4 4 4 3 3 4 4 4 4 4 3 3 3 3
14 13 15 16 16 16 15 13 14 15 16 17 17 17 17 16 20 23 25 28 23 17 19 20 20 19 20 21 20 20 20 20 17 14 15 15 15 15 13 11 9 7 7 8 8 8 7 7 6 5 5 5 5 4 5 5 5 5 5 5 5 5 5 5 5 5 5 5 5 6 6 7 7 7 7 8 8 8 6 5 3 2 2 2 2 2 3 3 3 4 3 3 3 3 2 2
14 13 13 14 14 14 13 12 13 14 14 14 15 15 15 16 18 21 22 23 21 19 19 20 20 19 20 20 21 21 21 20 17 14 15 15 13 12 11 10 9 8 9 10 9 8 8 8 7 6 6 5 5 5 5 5 5 5 5 5 5 5 5 4 4 4 4 4 5 6 6 6 6 5 6 6 6 5 4 3 2 2 2 2 2 2 2 2 3 3 3 3 3 3 3 2
13 12 12 12 12 12 11 11 11 12 12 12 13 13 14 15 17 18 19 19 19 20 19 19 19 19 19 20 21 22 22 21 18 14 15 15 12 8 9 9 9 9 10 12 10 9 9 9 8 7 6 5 5 5 5 5 5 5 5 5 5 6 5 4 4 4 3 3 5 6 6 5 5 4 4 4 3 3 2 1 1 1 1 1 2 2 2 2 2 2 2 3 3 3 3 3
13 12 12 12 12 12 12 11 12 12 13 14 13 12 13 13 14 15 14 14 14 15 16 18 19 19 20 20 20 21 21 20 17 14 13 13 11 9 10 10 10 10 10 10 9 8 8 8 7 7 6 6 6 5 5 5 5 5 5 5 5 6 5 5 5 5 4 4 4 4 4 3 3 3 2 2 2 2 2 1 1 1 1 1 2 2 2 2 2 2 2 2 2 3 3 3
12 12 12 12 12 13 12 12 12 12 13 15 13 11 11 12 11 11 10 9 9 10 14 17 18 19 20 20 20 20 19 19 16 13 12 11 11 11 10 10 10 10 9 7 7 7 7 7 7 6 6 6 6 6 6 6 5 5 5 5 5 5 5 5 5 5 5 5 4 2 2 1 1 1 1 1 1 1 1 2 2 2 1 1 1 2 2 2 2 2 2 2 2 3 3 3
12 12 12 12 12 12 12 11 12 12 14 15 15 14 14 14 12 10 12 15 15 16 17 19 19 20 20 20 20 20 20 19 16 12 12 11 11 11 11 11 11 11 10 9 8 8 7 7 7 7 7 7 7 6 6 6 6 6 5 5 5 5 5 5 5 5 4 3 2 1 1 1 1 1 1 1 1 1 1 1 2 2 1 1 1 1 2 2 2 2 2 2 2 2 3 3
12 12 12 11 12 12 11 10 11 12 14 16 16 16 16 16 13 9 15 20 21 22 21 20 20 20 20 20 20 20 20 20 16 12 12 12 12 12 12 11 11 11 11 11 9 8 7 7 7 7 8 8 8 7 7 6 6 6 6 5 5 5 5 5 5 5 3 1 1 1 1 1 1 0 1 1 1 1 1 1 2 2 2 1 1 1 1 1 1 2 2 2 2 2 2 2
13 13 12 11 11 11 11 10 12 13 16 19 18 17 17 16 14 12 17 21 22 24 23 22 23 23 22 20 20 20 21 22 20 18 15 12 12 12 11 11 11 11 10 10 9 8 8 8 8 7 8 8 8 7 7 8 7 7 7 6 6 6 6 6 6 5 3 1 1 1 1 1 1 0 1 1 1 1 1 1 1 2 1 1 1 1 1 1 1 1 1 2 2 2 2 2
15 14 12 11 11 11 11 10 12 14 18 21 20 18 17 16 15 15 19 22 24 25 25 25 26 27 24 21 21 20 23 25 24 24 19 13 12 11 11 11 11 10 9 8 8 8 8 8 8 8 8 8 8 8 8 9 9 9 7 6 6 6 6 6 6 6 4 2 1 1 1 1 0 0 1 1 1 1 1 1 1 2 1 1 1 1 1 1 1 1 1 1 2 2 2 2
14 13 12 11 11 11 11 11 12 13 16 18 17 16 17 18 18 18 21 24 25 25 25 25 25 25 25 24 24 24 25 25 25 25 19 14 13 12 12 13 12 11 10 9 9 9 10 10 10 11 10 9 9 9 9 9 9 9 8 8 7 6 6 5 6 6 4 2 2 1 1 1 0 0 0 1 1 1 1 1 1 2 1 1 1 1 1 1 1 1 1 1 2 2 2 2
14 12 12 11 11 10 11 11 12 13 13 14 14 13 17 21 21 21 24 26 25 25 25 25 24 24 26 27 28 28 27 25 26 26 20 15 14 12 13 14 13 11 11 10 10 9 11 12 13 13 11 9 10 10 10 9 9 10 9 9 8 6 6 5 5 6 4 3 2 1 1 1 1 0 0 1 1 1 1 1 1 1 1 1 1 1 1 1 1 1 1 1 1 1 2 2
14 13 12 11 10 10 10 11 12 12 12 11 11 11 13 16 16 16 18 21 21 21 22 23 23 23 25 27 27 26 24 22 22 23 20 17 15 14 14 15 14 13 13 14 13 13 13 14 15 15 13 10 10 10 10 9 9 9 10 10 9 8 6 5 5 5 4 3 2 2 2 1 1 0 1 1 1 1 1 1 1 2 1 1 1 1 1 1 1 1 1 1 1 1 2 2
14 14 12 10 10 9 10 11 11 12 10 8 8 8 10 11 11 11 13 15 16 17 20 22 23 23 25 26 25 25 22 19 19 20 20 19 17 15 16 16 16 16 16 17 17 16 16 16 16 17 14 11 11 10 10 10 9 9 10 11 10 9 7 5 4 4 3 3 3 2 2 1 1 1 1 1 1 1 1 2 2 2 2 1 1 1 1 1 1 1 1 1 1 1 2 2
13 12 11 10 10 10 10 10 10 10 8 7 7 7 8 9 9 9 11 13 16 19 21 24 24 23 23 23 22 22 19 16 17 17 18 19 18 17 18 20 20 19 19 19 16 14 14 15 17 19 15 11 11 11 10 10 10 10 9 9 8 8 6 5 5 5 5 4 4 4 2 1 1 1 1 1 1 2 2 2 2 2 1 1 1 1 1 1 1 1 1 1 1 2 2 2
11 10 10 11 10 10 10 9 8 8 7 6 6 5 6 7 7 7 9 11 16 21 23 26 24 23 21 19 19 19 16 13 14 14 16 18 18 19 21 23 23 23 22 21 16 11 13 15 18 20 16 11 11 11 10 10 10 10 9 8 7 6 6 5 6 7 6 6 5 5 3 1 1 1 1 1 2 2 2 2 2 2 1 1 1 1 1 1 1 1 1 1 2 2 2 2
12 11 11 11 10 9 9 9 8 7 7 7 6 6 6 6 7 7 8 10 14 19 19 19 19 19 17 16 15 15 13 12 12 13 15 18 21 23 24 25 26 27 24 21 17 14 14 15 15 15 14 13 12 11 13 14 14 15 13 12 11 10 9 8 8 7 7 6 5 4 3 2 2 3 2 2 2 3 3 2 2 2 2 1 1 1 1 1 1 1 1 1 2 2 2 2
13 13 12 11 9 8 8 9 8 7 7 7 6 6 6 6 7 7 8 9 13 17 15 13 14 14 13 12 11 11 10 10 11 12 15 18 23 27 27 27 29 32 26 21 19 17 16 14 12 10 13 15 13 11 15 18 18 19 17 16 15 14 13 12 10 8 8 7 5 3 3 2 4 5 4 2 3 4 3 3 2 2 2 2 1 1 1 1 1 1 1 2 2 2 2 3
13 13 11 10 9 9 9 9 8 8 8 8 8 7 7 7 7 8 9 10 13 15 13 11 11 12 11 10 10 10 10 10 11 13 15 17 21 26 26 26 29 32 28 24 22 19 18 18 16 14 13 13 14 16 17 18 19 19 18 17 16 15 13 12 9 6 6 6 5 5 5 5 5 6 4 3 4 4 4 4 3 3 2 2 2 2 2 1 2 2 2 2 2 2 2 3
13 13 11 10 10 9 9 9 9 8 9 10 9 7 8 8 8 8 10 12 13 14 12 9 9 9 9 9 9 9 10 10 12 14 15 16 20 24 24 24 29 33 30 28 24 21 21 21 19 17 14 10 15 20 19 18 19 20 18 17 16 15 14 13 8 4 4 4 6 7 7 7 7 6 5 4 5 5 5 5 4 4 3 3 2 2 2 2 2 2 2 2 2 2 3 3
