homework/Homework_5_files/or_precip_1983_10.asc
ncols 407
nrows 229
xllcorner -124.73958333333
yllcorner 41.73958333333
cellsize 0.02083333333
NODATA_value -9999
[rows 0 to 47 of 229, columns 288 to 383 of 407]
-9999 -9999 -9999 -9999 -9999 -9999 -9999 -9999 -9999 -9999 -9999 -9999 -9999 -9999 -9999 -9999 -9999 -9999 -9999 -9999 -9999 -9999 -9999 -9999 -9999 -9999 -9999 -9999 -9999 -9999 -9999 -9999 -9999 -9999 -9999 -9999 -9999 -9999 -9999 -9999 -9999 -9999 -9999 -9999 -9999 -9999 -9999 -9999 -9999 -9999 -9999 -9999 -9999 -9999 -9999 -9999 -9999 -9999 -9999 -9999 -9999 -9999 -9999 -9999 -9999 -9999 -9999 -9999 -9999 -9999 -9999 -9999 -9999 -9999 -9999 -9999 -9999 -9999 -9999 -9999 -9999 -9999 -9999 -9999 -9999 -9999 -9999 -9999 -9999 -9999 -9999 -9999 -9999 -9999 -9999 -9999
-9999 -9999 -9999 -9999 -9999 -9999 -9999 -9999 -9999 -9999 -9999 -9999 -9999 -9999 -9999 -9999 -9999 -9999 -9999 -9999 -9999 -9999 -9999 -9999 -9999 -9999 -9999 -9999 -9999 -9999 -9999 -9999 -9999 -9999 -9999 -9999 -9999 -9999 -9999 -9999 -9999 -9999 -9999 -9999 -9999 -9999 -9999 -9999 -9999 -9999 -9999 -9999 -9999 -9999 -9999 -9999 -9999 -9999 -9999 -9999 -9999 -9999 -9999 -9999 -9999 -9999 -9999 -9999 -9999 -9999 -9999 -9999 -9999 -9999 -9999 -9999 -9999 -9999 -9999 -9999 -9999 -9999 -9999 -9999 -9999 -9999 -9999 -9999 -9999 -9999 -9999 -9999 -9999 -9999 -9999 -9999
-9999 -9999 -9999 -9999 -9999 -9999 -9999 -9999 -9999 -9999 -9999 -9999 -9999 -9999 -9999 -9999 -9999 -9999 -9999 -9999 -9999 -9999 -9999 -9999 -9999 -9999 -9999 -9999 -9999 -9999 -9999 -9999 -9999 -9999 -9999 -9999 -9999 -9999 -9999 -9999 -9999 -9999 -9999 -9999 -9999 -9999 -9999 -9999 -9999 -9999 -9999 -9999 -9999 -9999 -9999 -9999 -9999 -9999 -9999 -9999 -9999 -9999 -9999 -9999 -9999 -9999 -9999 -9999 -9999 -9999 -9999 -9999 -9999 -9999 -9999 -9999 -9999 -9999 -9999 -9999 -9999 -9999 -9999 -9999 -9999 -9999 -9999 -9999 -9999 -9999 -9999 -9999 -9999 -9999 -9999 -9999
-9999 -9999 -9999 -9999 -9999 -9999 -9999 -9999 -9999 -9999 -9999 -9999 -9999 -9999 -9999 -9999 -9999 -9999 -9999 -9999 -9999 -9999 -9999 -9999 -9999 -9999 -9999 -9999 -9999 -9999 -9999 -9999 -9999 -9999 -9999 -9999 -9999 -9999 -9999 -9999 -9999 -9999 -9999 -9999 -9999 -9999 -9999 -9999 -9999 -9999 -9999 -9999 -9999 -9999 -9999 -9999 -9999 -9999 -9999 -9999 -9999 -9999 -9999 -9999 -9999 -9999 -9999 -9999 -9999 -9999 -9999 -9999 -9999 -9999 -9999 -9999 -9999 -9999 -9999 -9999 -9999 -9999 -9999 -9999 -9999 -9999 -9999 -9999 -9999 -9999 -9999 -9999 -9999 -9999 -9999 -9999
-9999 -9999 -9999 -9999 -9999 -9999 -9999 -9999 -9999 -9999 -9999 -9999 -9999 -9999 -9999 -9999 -9999 -9999 -9999 -9999 -9999 -9999 -9999 -9999 -9999 -9999 -9999 -9999 -9999 -9999 -9999 -9999 -9999 -9999 -9999 -9999 -9999 -9999 -9999 -9999 -9999 -9999 -9999 -9999 -9999 -9999 -9999 -9999 -9999 -9999 -9999 -9999 -9999 -9999 -9999 -9999 -9999 -9999 -9999 -9999 -9999 -9999 -9999 -9999 -9999 -9999 -9999 -9999 -9999 -9999 -9999 -9999 -9999 -9999 -9999 -9999 -9999 -9999 -9999 -9999 -9999 -9999 -9999 -9999 -9999 -9999 -9999 -9999 -9999 -9999 -9999 -9999 -9999 -9999 -9999 -9999
-9999 -9999 -9999 -9999 -9999 -9999 -9999 -9999 -9999 -9999 -9999 -9999 -9999 -9999 -9999 -9999 -9999 -9999 -9999 -9999 -9999 -9999 -9999 -9999 -9999 -9999 -9999 -9999 -9999 -9999 -9999 -9999 -9999 -9999 -9999 -9999 -9999 -9999 -9999 -9999 -9999 -9999 -9999 -9999 -9999 -9999 -9999 -9999 -9999 -9999 -9999 -9999 -9999 -9999 -9999 -9999 -9999 -9999 -9999 -9999 -9999 -9999 -9999 -9999 -9999 -9999 -9999 -9999 -9999 -9999 -9999 -9999 -9999 -9999 -9999 -9999 -9999 -9999 -9999 -9999 -9999 -9999 -9999 -9999 -9999 -9999 -9999 -9999 -9999 -9999 -9999 -9999 -9999 -9999 -9999 -9999
-9999 -9999 -9999 -9999 -9999 -9999 -9999 -9999 -9999 -9999 -9999 -9999 -9999 -9999 -9999 -9999 -9999 -9999 -9999 -9999 -9999 -9999 -9999 -9999 -9999 -9999 -9999 -9999 -9999 -9999 -9999 -9999 -9999 -9999 -9999 -9999 -9999 -9999 -9999 -9999 -9999 -9999 -9999 -9999 -9999 -9999 -9999 -9999 -9999 -9999 -9999 -9999 -9999 -9999 -9999 -9999 -9999 -9999 -9999 -9999 -9999 -9999 -9999 -9999 -9999 -9999 -9999 -9999 -9999 -9999 -9999 -9999 -9999 -9999 -9999 -9999 -9999 -9999 -9999 -9999 -9999 -9999 -9999 -9999 -9999 -9999 -9999 -9999 -9999 -9999 -9999 -9999 -9999 -9999 -9999 -9999
-9999 -9999 -9999 -9999 -9999 -9999 -9999 -9999 -9999 -9999 -9999 -9999 -9999 -9999 -9999 -9999 -9999 -9999 -9999 -9999 -9999 -9999 -9999 -9999 -9999 -9999 -9999 -9999 -9999 -9999 -9999 -9999 -9999 -9999 -9999 -9999 -9999 -9999 -9999 -9999 -9999 -9999 -9999 -9999 -9999 -9999 -9999 -9999 -9999 -9999 -9999 -9999 -9999 -9999 -9999 -9999 -9999 -9999 -9999 -9999 -9999 -9999 -9999 -9999 -9999 -9999 -9999 -9999 -9999 -9999 -9999 -9999 -9999 -9999 -9999 -9999 -9999 -9999 -9999 -9999 -9999 -9999 -9999 -9999 -9999 -9999 -9999 -9999 -9999 -9999 -9999 -9999 -9999 -9999 -9999 -9999
-9999 -9999 -9999 -9999 -9999 -9999 -9999 -9999 -9999 -9999 -9999 -9999 -9999 -9999 -9999 -9999 -9999 -9999 -9999 -9999 -9999 -9999 -9999 -9999 -9999 -9999 -9999 -9999 -9999 -9999 -9999 -9999 -9999 -9999 -9999 -9999 -9999 -9999 -9999 -9999 -9999 -9999 -9999 -9999 -9999 -9999 -9999 -9999 -9999 -9999 -9999 -9999 -9999 -9999 -9999 -9999 -9999 -9999 -9999 -9999 -9999 -9999 -9999 -9999 -9999 -9999 -9999 -9999 -9999 -9999 -9999 -9999 -9999 -9999 -9999 -9999 -9999 -9999 -9999 -9999 -9999 -9999 -9999 -9999 -9999 -9999 -9999 -9999 -9999 -9999 -9999 -9999 -9999 -9999 -9999 -9999
-9999 -9999 -9999 -9999 -9999 -9999 -9999 -9999 -9999 -9999 -9999 -9999 -9999 -9999 -9999 -9999 -9999 -9999 -9999 -9999 -9999 -9999 -9999 -9999 -9999 -9999 -9999 -9999 -9999 -9999 -9999 -9999 -9999 -9999 -9999 -9999 -9999 -9999 -9999 -9999 -9999 -9999 -9999 -9999 -9999 -9999 -9999 -9999 -9999 -9999 -9999 -9999 -9999 -9999 -9999 -9999 -9999 -9999 -9999 -9999 -9999 -9999 -9999 -9999 -9999 -9999 -9999 -9999 -9999 -9999 -9999 -9999 -9999 -9999 -9999 -9999 -9999 -9999 -9999 -9999 -9999 -9999 -9999 -9999 -9999 -9999 -9999 -9999 -9999 -9999 -9999 -9999 -9999 -9999 -9999 -9999
-9999 -9999 -9999 -9999 -9999 -9999 -9999 -9999 -9999 -9999 -9999 -9999 -9999 -9999 -9999 -9999 -9999 -9999 -9999 -9999 -9999 -9999 -9999 -9999 -9999 -9999 -9999 -9999 -9999 -9999 -9999 -9999 -9999 -9999 -9999 -9999 -9999 -9999 -9999 -9999 -9999 -9999 -9999 -9999 -9999 -9999 -9999 -9999 -9999 -9999 -9999 -9999 -9999 -9999 -9999 -9999 -9999 -9999 -9999 -9999 -9999 -9999 -9999 -9999 -9999 -9999 -9999 -9999 -9999 -9999 -9999 -9999 -9999 -9999 -9999 -9999 -9999 -9999 -9999 -9999 -9999 -9999 -9999 -9999 -9999 -9999 -9999 -9999 -9999 -9999 -9999 -9999 -9999 -9999 -9999 -9999
-9999 -9999 -9999 -9999 -9999 -9999 -9999 -9999 -9999 -9999 -9999 -9999 -9999 -9999 -9999 -9999 -9999 -9999 -9999 -9999 -9999 -9999 -9999 -9999 -9999 -9999 -9999 -9999 -9999 -9999 -9999 -9999 -9999 -9999 -9999 -9999 -9999 -9999 -9999 -9999 -9999 -9999 -9999 -9999 -9999 -9999 -9999 -9999 -9999 -9999 -9999 -9999 -9999 -9999 -9999 -9999 -9999 -9999 -9999 -9999 -9999 -9999 -9999 -9999 -9999 -9999 -9999 -9999 -9999 -9999 -9999 -9999 -9999 -9999 -9999 -9999 -9999 -9999 -9999 -9999 -9999 -9999 -9999 -9999 -9999 -9999 -9999 -9999 -9999 -9999 -9999 -9999 -9999 -9999 -9999 -9999
-9999 -9999 -9999 -9999 -9999 -9999 -9999 -9999 -9999 -9999 -9999 -9999 -9999 -9999 -9999 -9999 -9999 -9999 -9999 -9999 -9999 -9999 -9999 -9999 -9999 -9999 -9999 -9999 -9999 -9999 -9999 -9999 -9999 -9999 -9999 -9999 -9999 -9999 -9999 -9999 -9999 -9999 -9999 -9999 -9999 -9999 -9999 -9999 -9999 -9999 -9999 -9999 -9999 -9999 -9999 -9999 -9999 -9999 -9999 -9999 -9999 -9999 -9999 -9999 -9999 -9999 -9999 -9999 -9999 -9999 -9999 -9999 -9999 -9999 -9999 -9999 -9999 -9999 -9999 -9999 -9999 -9999 -9999 -9999 -9999 -9999 -9999 -9999 -9999 -9999 -9999 -9999 -9999 -9999 -9999 -9999
-9999 -9999 -9999 -9999 -9999 -9999 -9999 -9999 -9999 -9999 -9999 -9999 -9999 -9999 -9999 -9999 -9999 -9999 -9999 -9999 -9999 -9999 -9999 -9999 -9999 -9999 -9999 -9999 -9999 -9999 -9999 -9999 -9999 -9999 -9999 -9999 -9999 -9999 -9999 -9999 -9999 -9999 -9999 -9999 -9999 -9999 -9999 -9999 -9999 -9999 -9999 -9999 -9999 -9999 -9999 -9999 -9999 -9999 -9999 -9999 -9999 -9999 -9999 -9999 -9999 -9999 -9999 -9999 -9999 -9999 -9999 -9999 -9999 -9999 -9999 -9999 -9999 -9999 -9999 -9999 -9999 -9999 -9999 -9999 -9999 -9999 -9999 -9999 -9999 -9999 -9999 -9999 -9999 -9999 -9999 -9999
-9999 -9999 -9999 -9999 -9999 -9999 -9999 -9999 -9999 -9999 -9999 -9999 -9999 -9999 -9999 -9999 -9999 -9999 -9999 -9999 -9999 -9999 -9999 -9999 -9999 -9999 -9999 -9999 -9999 -9999 -9999 -9999 -9999 -9999 -9999 -9999 -9999 -9999 -9999 -9999 -9999 -9999 -9999 -9999 -9999 -9999 -9999 -9999 -9999 -9999 -9999 -9999 -9999 -9999 -9999 -9999 -9999 -9999 -9999 -9999 -9999 -9999 -9999 -9999 -9999 -9999 -9999 -9999 -9999 -9999 -9999 -9999 -9999 -9999 -9999 -9999 -9999 -9999 -9999 -9999 -9999 -9999 -9999 -9999 -9999 -9999 -9999 -9999 -9999 -9999 -9999 -9999 -9999 -9999 -9999 -9999
-9999 -9999 -9999 -9999 -9999 -9999 -9999 -9999 -9999 -9999 -9999 -9999 -9999 -9999 -9999 -9999 -9999 -9999 -9999 -9999 -9999 -9999 -9999 -9999 -9999 -9999 -9999 -9999 -9999 -9999 -9999 -9999 -9999 -9999 -9999 -9999 -9999 -9999 -9999 -9999 -9999 -9999 -9999 -9999 -9999 -9999 -9999 -9999 -9999 -9999 -9999 -9999 -9999 -9999 -9999 -9999 -9999 -9999 -9999 -9999 -9999 -9999 -9999 -9999 -9999 -9999 -9999 -9999 -9999 -9999 -9999 -9999 -9999 -9999 -9999 -9999 -9999 -9999 -9999 -9999 -9999 -9999 -9999 -9999 -9999 -9999 -9999 -9999 -9999 -9999 -9999 -9999 -9999 -9999 -9999 -9999
-9999 -9999 -9999 -9999 -9999 -9999 -9999 -9999 -9999 -9999 -9999 -9999 -9999 -9999 -9999 -9999 -9999 -9999 -9999 -9999 -9999 -9999 -9999 -9999 -9999 -9999 -9999 -9999 -9999 -9999 -9999 -9999 -9999 -9999 -9999 -9999 -9999 -9999 -9999 -9999 -9999 -9999 -9999 -9999 -9999 -9999 -9999 -9999 -9999 -9999 -9999 -9999 -9999 -9999 -9999 -9999 -9999 -9999 -9999 -9999 -9999 -9999 -9999 -9999 -9999 -9999 -9999 -9999 -9999 -9999 -9999 -9999 -9999 -9999 -9999 -9999 -9999 -9999 -9999 -9999 -9999 -9999 -9999 -9999 -9999 -9999 -9999 -9999 -9999 -9999 -9999 -9999 -9999 -9999 -9999 -9999
-9999 -9999 -9999 -9999 -9999 -9999 -9999 -9999 -9999 -9999 -9999 -9999 -9999 -9999 -9999 -9999 -9999 -9999 -9999 -9999 -9999 -9999 -9999 -9999 -9999 -9999 -9999 -9999 -9999 -9999 -9999 -9999 -9999 -9999 -9999 -9999 -9999 -9999 -9999 -9999 -9999 -9999 -9999 -9999 -9999 -9999 -9999 -9999 -9999 -9999 -9999 -9999 -9999 -9999 -9999 -9999 -9999 -9999 -9999 -9999 -9999 -9999 -9999 -9999 -9999 -9999 -9999 -9999 -9999 -9999 -9999 -9999 -9999 -9999 -9999 -9999 -9999 -9999 -9999 -9999 -9999 -9999 -9999 -9999 -9999 -9999 -9999 -9999 -9999 -9999 -9999 -9999 -9999 -9999 -9999 -9999
-9999 -9999 -9999 -9999 -9999 -9999 -9999 -9999 -9999 -9999 -9999 -9999 -9999 -9999 -9999 -9999 -9999 -9999 -9999 -9999 -9999 -9999 -9999 -9999 -9999 -9999 -9999 -9999 -9999 -9999 -9999 -9999 -9999 -9999 -9999 -9999 -9999 -9999 -9999 -9999 -9999 -9999 -9999 -9999 -9999 -9999 -9999 -9999 -9999 -9999 -9999 -9999 -9999 -9999 -9999 -9999 -9999 -9999 -9999 -9999 -9999 -9999 -9999 -9999 -9999 -9999 -9999 -9999 -9999 -9999 -9999 -9999 -9999 -9999 -9999 -9999 -9999 -9999 -9999 -9999 -9999 -9999 -9999 -9999 -9999 -9999 -9999 -9999 -9999 -9999 -9999 -9999 -9999 -9999 -9999 -9999
-9999 -9999 -9999 -9999 -9999 -9999 -9999 -9999 -9999 -9999 -9999 -9999 -9999 -9999 -9999 -9999 -9999 -9999 -9999 -9999 -9999 -9999 -9999 -9999 -9999 -9999 -9999 -9999 -9999 -9999 -9999 -9999 -9999 -9999 -9999 -9999 -9999 -9999 -9999 -9999 -9999 -9999 -9999 -9999 -9999 -9999 -9999 -9999 -9999 -9999 -9999 -9999 -9999 -9999 -9999 -9999 -9999 -9999 -9999 -9999 -9999 -9999 -9999 -9999 -9999 -9999 -9999 -9999 -9999 -9999 -9999 -9999 -9999 -9999 -9999 -9999 -9999 -9999 -9999 -9999 -9999 -9999 -9999 -9999 -9999 -9999 -9999 -9999 -9999 -9999 -9999 -9999 -9999 -9999 -9999 -9999
-9999 -9999 -9999 31 31 31 31 31 31 31 31 31 32 33 35 37 39 40 41 42 43 45 44 43 44 45 45 45 49 53 58 62 63 64 65 67 70 73 74 76 72 69 64 59 56 52 50 48 47 46 46 46 38 30 31 33 33 33 31 29 -9999 -9999 -9999 -9999 -9999 -9999 -9999 -9999 -9999 -9999 -9999 -9999 -9999 -9999 -9999 -9999 -9999 -9999 -9999 -9999 -9999 -9999 -9999 -9999 -9999 -9999 -9999 -9999 -9999 -9999 -9999 -9999 -9999 -9999 -9999 -9999
31 31 31 30 30 30 30 30 30 30 30 30 31 32 35 38 39 41 41 42 43 43 43 43 44 45 46 47 51 56 58 60 61 63 65 67 68 70 71 73 71 69 71 72 68 64 61 58 52 45 45 45 36 27 26 26 28 30 30 30 30 30 28 26 25 23 23 23 24 24 23 22 22 22 22 23 21 20 19 18 19 20 19 17 17 16 17 19 -9999 -9999 -9999 -9999 -9999 -9999 -9999 -9999
31 31 30 30 30 30 30 30 29 29 30 30 31 31 34 38 39 41 42 42 42 42 42 43 44 45 47 49 54 59 58 58 59 61 64 67 66 66 68 70 70 70 78 85 80 75 71 67 56 44 44 44 34 25 21 18 23 28 29 30 29 27 25 24 24 24 24 24 24 24 22 20 20 20 20 20 18 16 14 12 15 17 17 17 18 18 17 17 18 -9999 -9999 -9999 -9999 -9999 -9999 -9999
31 32 31 31 31 31 30 30 30 30 31 31 32 32 34 36 38 39 40 42 42 42 42 43 44 45 50 56 57 58 57 55 56 57 57 58 60 62 66 70 69 68 73 78 75 73 68 64 52 41 39 38 33 28 25 22 25 27 28 29 28 28 26 24 24 24 24 23 24 24 23 22 21 21 21 20 19 18 16 14 15 16 17 19 18 17 16 15 15 15 -9999 -9999 -9999 -9999 -9999 -9999
32 33 32 32 31 31 31 31 31 31 32 32 33 33 34 35 36 37 39 41 41 42 42 43 44 45 54 63 60 57 55 53 53 53 51 49 54 58 64 70 68 66 68 70 70 70 65 60 49 37 34 31 31 31 29 26 26 26 27 28 28 28 26 24 24 24 23 23 24 24 23 23 23 23 22 20 20 20 18 16 16 15 18 20 18 17 15 13 13 12 20 -9999 -9999 -9999 -9999 -9999
32 33 32 32 32 32 32 31 31 32 31 31 31 31 31 31 32 34 36 39 40 41 42 43 44 45 54 62 60 57 58 58 56 55 56 57 61 66 66 65 70 74 69 65 62 59 54 49 42 35 35 35 33 30 28 25 26 26 27 28 27 26 24 22 21 20 21 21 21 22 23 23 23 23 21 20 20 20 19 18 18 17 20 23 22 21 17 13 11 10 16 22 -9999 -9999 -9999 -9999
32 32 32 32 32 32 32 32 32 32 31 30 29 29 28 27 29 31 34 36 38 40 41 42 44 45 53 61 59 58 60 63 60 57 61 64 69 74 67 60 71 82 71 59 53 47 43 38 35 33 36 39 35 30 26 23 25 27 28 29 27 25 23 21 19 17 18 19 19 20 22 24 23 23 21 20 20 20 20 19 19 20 23 26 25 24 18 12 10 8 12 17 18 -9999 -9999 -9999
32 33 33 34 34 34 34 34 33 33 32 31 31 30 30 30 31 31 34 36 38 40 41 42 45 47 54 60 61 61 62 64 63 62 65 68 70 71 66 60 63 65 62 58 55 52 52 51 47 43 41 40 35 31 29 28 27 27 27 28 25 22 20 19 18 18 19 19 20 20 22 24 23 22 20 19 20 21 20 20 20 20 22 25 26 27 22 17 12 8 12 16 18 19 -9999 -9999
33 34 35 36 36 36 36 35 35 34 33 32 32 32 32 32 32 32 33 35 37 39 40 42 46 50 55 59 62 64 64 64 66 67 70 72 70 69 64 60 54 48 53 57 57 57 61 64 58 52 46 40 36 31 32 32 30 28 27 27 23 19 18 17 18 19 19 20 20 20 22 24 22 20 19 18 19 21 21 20 20 21 22 24 27 30 26 22 14 7 12 16 17 19 -9999 -9999
33 34 34 35 35 36 36 36 36 36 35 35 34 34 33 33 33 34 35 36 38 40 40 40 44 47 53 58 59 60 60 59 62 65 65 64 64 65 64 64 59 55 56 58 58 57 57 57 48 40 37 33 32 31 31 31 28 26 23 21 19 17 18 18 18 19 19 20 20 20 20 21 21 20 20 19 20 21 21 20 20 21 22 24 27 30 26 22 16 10 12 13 15 16 16 17
33 34 34 34 35 36 36 37 37 38 38 37 36 35 35 35 35 35 37 38 39 41 40 39 42 45 50 56 56 56 55 55 59 63 60 57 59 61 64 68 64 61 60 59 58 57 53 49 38 28 27 26 29 32 30 29 26 24 19 15 15 16 17 19 19 19 19 19 20 20 19 18 19 20 20 21 21 21 20 20 20 20 22 24 27 30 26 22 18 13 12 11 12 12 15 17
32 33 33 33 34 34 35 36 36 37 36 36 36 35 35 35 36 36 38 40 42 44 43 42 45 47 49 52 51 50 50 51 54 57 55 53 55 56 56 57 55 53 54 54 51 48 44 40 33 27 27 27 29 31 28 26 24 21 18 15 16 16 18 19 19 19 19 19 20 20 19 18 19 20 20 21 21 21 20 19 19 20 22 24 26 29 26 22 20 18 15 13 14 14 15 15
32 32 32 32 33 33 34 34 35 35 35 35 35 35 35 35 36 38 40 42 44 47 46 46 47 49 48 47 45 44 45 47 49 51 51 50 51 51 48 45 45 45 47 49 44 39 35 30 28 26 27 27 28 30 26 23 21 19 17 15 16 17 18 19 19 19 19 19 20 20 19 18 19 20 20 21 21 20 19 18 18 19 21 24 26 28 25 23 23 22 19 15 16 16 14 13
30 30 30 30 31 32 32 32 33 34 34 35 35 35 36 36 39 42 43 44 45 47 46 46 47 49 48 47 46 44 45 46 48 50 49 48 50 52 48 44 43 43 42 41 38 34 33 31 27 24 26 27 27 26 25 24 23 21 19 17 18 19 18 18 18 19 19 19 19 20 18 17 18 19 19 19 19 19 19 18 19 19 20 21 23 24 24 23 24 24 22 19 17 16 15 14
29 28 28 28 29 30 30 30 31 32 33 35 35 36 36 37 41 46 46 46 46 46 46 46 47 49 48 46 46 45 45 44 46 48 47 46 50 54 48 42 42 41 38 34 32 30 31 31 26 22 25 27 25 22 24 26 24 23 20 18 19 20 19 17 18 19 19 19 19 19 18 17 18 19 18 17 17 18 18 18 19 20 19 19 19 20 22 24 25 26 24 23 19 16 15 14
28 27 27 27 28 28 28 28 29 31 33 35 36 37 38 39 43 46 46 46 46 46 46 46 46 47 46 45 44 42 40 38 41 45 44 43 44 45 41 37 36 36 34 31 29 26 26 26 25 23 25 26 25 24 24 23 22 21 20 19 20 20 19 18 18 18 19 19 19 19 18 17 18 19 18 17 18 18 18 18 18 19 19 19 19 19 21 23 23 23 23 23 19 15 14 14
27 26 26 26 26 26 26 26 28 29 32 34 37 39 40 41 44 47 46 46 46 46 46 45 45 44 44 45 42 39 35 32 37 42 41 40 38 36 34 32 31 30 29 29 25 21 22 22 23 24 25 25 26 26 23 20 19 19 20 20 20 20 20 19 18 18 18 19 19 19 18 17 18 20 18 17 18 19 18 17 18 18 18 18 19 19 21 22 21 20 22 24 18 13 13 13
26 25 25 25 26 26 26 27 28 29 32 35 37 40 40 41 43 45 45 44 45 45 45 45 43 41 41 41 38 35 33 31 34 38 39 40 38 35 33 30 29 28 27 27 25 22 22 22 23 24 24 24 25 25 23 20 20 20 20 21 21 21 20 18 18 17 18 19 19 19 18 17 18 19 18 17 17 18 17 17 17 17 18 18 19 20 21 21 21 21 20 20 17 14 14 13
25 23 24 24 25 26 27 28 29 30 32 35 38 40 41 42 42 43 43 43 43 44 45 45 41 37 37 37 34 30 30 30 32 33 36 39 37 35 31 28 27 26 25 25 24 23 23 22 23 24 23 22 23 24 22 20 20 20 21 22 22 22 20 17 17 17 18 18 19 19 18 18 18 19 18 17 17 17 17 17 17 17 18 18 20 21 20 20 20 21 18 16 16 16 14 13
24 24 24 24 25 25 26 27 28 29 33 37 38 39 41 43 43 43 43 43 44 44 44 45 41 37 37 37 33 29 29 30 31 33 35 38 34 30 28 27 26 24 24 24 24 24 22 20 21 23 23 23 23 23 21 20 20 19 20 20 20 20 19 18 17 17 17 17 18 18 18 18 18 18 17 17 17 17 17 17 17 17 18 18 19 20 20 20 19 18 16 14 15 15 15 14
24 24 24 24 24 25 26 26 28 29 34 39 39 38 41 44 43 42 43 44 44 44 44 44 40 37 36 36 32 29 29 29 30 32 34 36 31 25 25 26 24 23 23 24 24 24 21 18 20 22 22 23 22 21 21 21 19 18 18 18 18 18 18 18 17 17 17 16 17 17 17 17 17 18 17 17 17 17 17 17 17 17 18 18 18 18 19 20 18 16 14 13 13 14 15 16
25 24 24 25 26 27 29 32 32 32 34 36 35 35 37 39 39 39 41 43 43 43 44 44 41 38 37 36 33 30 29 29 29 30 31 31 27 24 24 24 23 22 23 23 22 22 20 19 20 20 21 21 20 20 19 17 17 17 17 17 17 17 19 21 19 17 17 16 16 17 17 17 18 18 18 18 18 18 18 18 18 18 18 18 18 18 18 18 17 16 14 13 15 17 16 15
25 25 25 25 27 28 33 37 36 35 34 32 32 32 33 34 35 36 39 43 43 43 44 45 42 39 37 36 33 31 29 28 28 28 27 26 24 22 22 22 22 22 22 22 21 20 20 20 19 19 19 19 18 18 16 14 14 15 15 15 16 17 20 24 21 17 17 16 16 17 17 17 18 18 18 19 18 18 19 19 19 19 19 19 18 18 17 16 16 16 15 14 16 19 17 15
25 25 26 26 29 32 34 36 34 33 32 30 31 32 32 32 34 36 37 39 41 43 46 50 45 40 38 36 34 33 30 27 27 26 26 25 23 22 22 22 22 22 22 22 21 20 20 20 20 19 20 20 19 19 17 15 14 13 14 14 15 17 20 23 21 19 19 18 19 19 18 17 18 18 19 19 19 18 19 19 20 20 19 19 19 18 17 16 16 16 14 13 17 20 18 17
25 25 26 27 32 36 35 34 32 30 30 29 31 32 31 30 33 36 35 35 39 43 49 55 48 41 38 35 35 35 31 26 25 24 24 23 23 22 22 22 22 23 23 23 21 19 20 21 20 20 20 21 20 19 17 15 14 12 13 13 15 17 19 22 21 21 21 20 21 21 19 17 18 19 19 20 19 19 19 20 20 20 20 20 19 18 17 16 16 16 14 12 17 21 19 18
25 26 29 32 33 35 34 34 32 30 29 28 29 31 31 30 34 37 36 36 39 41 43 45 42 38 39 40 39 38 32 25 24 23 23 22 23 23 22 22 22 23 23 23 22 22 21 21 20 20 21 22 21 19 20 20 17 13 13 12 14 15 17 18 18 17 17 17 18 18 17 16 17 18 19 20 20 19 19 20 20 21 20 20 20 19 18 17 16 15 14 12 16 21 20 20
26 26 31 36 35 34 34 33 32 31 28 26 28 31 31 31 34 38 37 37 39 40 38 36 36 35 40 44 42 40 32 24 23 22 21 21 23 24 23 22 22 23 23 24 24 24 23 22 21 19 22 24 22 19 22 25 20 14 13 12 13 13 14 15 14 13 13 14 15 15 15 16 16 17 18 20 20 20 20 20 20 21 21 21 20 19 18 18 16 15 13 12 16 21 21 21
26 28 31 34 34 33 33 32 30 28 29 30 31 33 34 34 38 41 40 38 40 41 40 39 38 37 40 42 39 36 31 25 23 20 20 20 21 22 22 22 22 23 23 24 24 25 25 25 24 24 24 24 25 26 27 29 25 20 19 17 15 13 14 14 13 13 13 14 14 14 15 15 15 16 17 19 19 19 20 20 20 20 20 20 19 19 17 16 16 15 15 14 16 18 20 21
