homework/Homework_5_files/or_precip_1983_03.asc
ncols 407
nrows 229
xllcorner -124.73958333333
yllcorner 41.73958333333
cellsize 0.02083333333
NODATA_value -9999
[rows 0 to 42 of 229, columns 285 to 379 of 407]
-9999 -9999 -9999 -9999 -9999 -9999 -9999 -9999 -9999 -9999 -9999 -9999 -9999 -9999 -9999 -9999 -9999 -9999 -9999 -9999 -9999 -9999 -9999 -9999 -9999 -9999 -9999 -9999 -9999 -9999 -9999 -9999 -9999 -9999 -9999 -9999 -9999 -9999 -9999 -9999 -9999 -9999 -9999 -9999 -9999 -9999 -9999 -9999 -9999 -9999 -9999 -9999 -9999 -9999 -9999 -9999 -9999 -9999 -9999 -9999 -9999 -9999 -9999 -9999 -9999 -9999 -9999 -9999 -9999 -9999 -9999 -9999 -9999 -9999 -9999 -9999 -9999 -9999 -9999 -9999 -9999 -9999 -9999 -9999 -9999 -9999 -9999 -9999 -9999 -9999 -9999 -9999 -9999 -9999 -9999
-9999 -9999 -9999 -9999 -9999 -9999 -9999 -9999 -9999 -9999 -9999 -9999 -9999 -9999 -9999 -9999 -9999 -9999 -9999 -9999 -9999 -9999 -9999 -9999 -9999 -9999 -9999 -9999 -9999 -9999 -9999 -9999 -9999 -9999 -9999 -9999 -9999 -9999 -9999 -9999 -9999 -9999 -9999 -9999 -9999 -9999 -9999 -9999 -9999 -9999 -9999 -9999 -9999 -9999 -9999 -9999 -9999 -9999 -9999 -9999 -9999 -9999 -9999 -9999 -9999 -9999 -9999 -9999 -9999 -9999 -9999 -9999 -9999 -9999 -9999 -9999 -9999 -9999 -9999 -9999 -9999 -9999 -9999 -9999 -9999 -9999 -9999 -9999 -9999 -9999 -9999 -9999 -9999 -9999 -9999
-9999 -9999 -9999 -9999 -9999 -9999 -9999 -9999 -9999 -9999 -9999 -9999 -9999 -9999 -9999 -9999 -9999 -9999 -9999 -9999 -9999 -9999 -9999 -9999 -9999 -9999 -9999 -9999 -9999 -9999 -9999 -9999 -9999 -9999 -9999 -9999 -9999 -9999 -9999 -9999 -9999 -9999 -9999 -9999 -9999 -9999 -9999 -9999 -9999 -9999 -9999 -9999 -9999 -9999 -9999 -9999 -9999 -9999 -9999 -9999 -9999 -9999 -9999 -9999 -9999 -9999 -9999 -9999 -9999 -9999 -9999 -9999 -9999 -9999 -9999 -9999 -9999 -9999 -9999 -9999 -9999 -9999 -9999 -9999 -9999 -9999 -9999 -9999 -9999 -9999 -9999 -9999 -9999 -9999 -9999
-9999 -9999 -9999 -9999 -9999 -9999 -9999 -9999 -9999 -9999 -9999 -9999 -9999 -9999 -9999 -9999 -9999 -9999 -9999 -9999 -9999 -9999 -9999 -9999 -9999 -9999 -9999 -9999 -9999 -9999 -9999 -9999 -9999 -9999 -9999 -9999 -9999 -9999 -9999 -9999 -9999 -9999 -9999 -9999 -9999 -9999 -9999 -9999 -9999 -9999 -9999 -9999 -9999 -9999 -9999 -9999 -9999 -9999 -9999 -9999 -9999 -9999 -9999 -9999 -9999 -9999 -9999 -9999 -9999 -9999 -9999 -9999 -9999 -9999 -9999 -9999 -9999 -9999 -9999 -9999 -9999 -9999 -9999 -9999 -9999 -9999 -9999 -9999 -9999 -9999 -9999 -9999 -9999 -9999 -9999
-9999 -9999 -9999 -9999 -9999 -9999 -9999 -9999 -9999 -9999 -9999 -9999 -9999 -9999 -9999 -9999 -9999 -9999 -9999 -9999 -9999 -9999 -9999 -9999 -9999 -9999 -9999 -9999 -9999 -9999 -9999 -9999 -9999 -9999 -9999 -9999 -9999 -9999 -9999 -9999 -9999 -9999 -9999 -9999 -9999 -9999 -9999 -9999 -9999 -9999 -9999 -9999 -9999 -9999 -9999 -9999 -9999 -9999 -9999 -9999 -9999 -9999 -9999 -9999 -9999 -9999 -9999 -9999 -9999 -9999 -9999 -9999 -9999 -9999 -9999 -9999 -9999 -9999 -9999 -9999 -9999 -9999 -9999 -9999 -9999 -9999 -9999 -9999 -9999 -9999 -9999 -9999 -9999 -9999 -9999
-9999 -9999 -9999 -9999 -9999 -9999 -9999 -9999 -9999 -9999 -9999 -9999 -9999 -9999 -9999 -9999 -9999 -9999 -9999 -9999 -9999 -9999 -9999 -9999 -9999 -9999 -9999 -9999 -9999 -9999 -9999 -9999 -9999 -9999 -9999 -9999 -9999 -9999 -9999 -9999 -9999 -9999 -9999 -9999 -9999 -9999 -9999 -9999 -9999 -9999 -9999 -9999 -9999 -9999 -9999 -9999 -9999 -9999 -9999 -9999 -9999 -9999 -9999 -9999 -9999 -9999 -9999 -9999 -9999 -9999 -9999 -9999 -9999 -9999 -9999 -9999 -9999 -9999 -9999 -9999 -9999 -9999 -9999 -9999 -9999 -9999 -9999 -9999 -9999 -9999 -9999 -9999 -9999 -9999 -9999
-9999 -9999 -9999 -9999 -9999 -9999 -9999 -9999 -9999 -9999 -9999 -9999 -9999 -9999 -9999 -9999 -9999 -9999 -9999 -9999 -9999 -9999 -9999 -9999 -9999 -9999 -9999 -9999 -9999 -9999 -9999 -9999 -9999 -9999 -9999 -9999 -9999 -9999 -9999 -9999 -9999 -9999 -9999 -9999 -9999 -9999 -9999 -9999 -9999 -9999 -9999 -9999 -9999 -9999 -9999 -9999 -9999 -9999 -9999 -9999 -9999 -9999 -9999 -9999 -9999 -9999 -9999 -9999 -9999 -9999 -9999 -9999 -9999 -9999 -9999 -9999 -9999 -9999 -9999 -9999 -9999 -9999 -9999 -9999 -9999 -9999 -9999 -9999 -9999 -9999 -9999 -9999 -9999 -9999 -9999
-9999 -9999 -9999 -9999 -9999 -9999 -9999 -9999 -9999 -9999 -9999 -9999 -9999 -9999 -9999 -9999 -9999 -9999 -9999 -9999 -9999 -9999 -9999 -9999 -9999 -9999 -9999 -9999 -9999 -9999 -9999 -9999 -9999 -9999 -9999 -9999 -9999 -9999 -9999 -9999 -9999 -9999 -9999 -9999 -9999 -9999 -9999 -9999 -9999 -9999 -9999 -9999 -9999 -9999 -9999 -9999 -9999 -9999 -9999 -9999 -9999 -9999 -9999 -9999 -9999 -9999 -9999 -9999 -9999 -9999 -9999 -9999 -9999 -9999 -9999 -9999 -9999 -9999 -9999 -9999 -9999 -9999 -9999 -9999 -9999 -9999 -9999 -9999 -9999 -9999 -9999 -9999 -9999 -9999 -9999
-9999 -9999 -9999 -9999 -9999 -9999 -9999 -9999 -9999 -9999 -9999 -9999 -9999 -9999 -9999 -9999 -9999 -9999 -9999 -9999 -9999 -9999 -9999 -9999 -9999 -9999 -9999 -9999 -9999 -9999 -9999 -9999 -9999 -9999 -9999 -9999 -9999 -9999 -9999 -9999 -9999 -9999 -9999 -9999 -9999 -9999 -9999 -9999 -9999 -9999 -9999 -9999 -9999 -9999 -9999 -9999 -9999 -9999 -9999 -9999 -9999 -9999 -9999 -9999 -9999 -9999 -9999 -9999 -9999 -9999 -9999 -9999 -9999 -9999 -9999 -9999 -9999 -9999 -9999 -9999 -9999 -9999 -9999 -9999 -9999 -9999 -9999 -9999 -9999 -9999 -9999 -9999 -9999 -9999 -9999
-9999 -9999 -9999 -9999 -9999 -9999 -9999 -9999 -9999 -9999 -9999 -9999 -9999 -9999 -9999 -9999 -9999 -9999 -9999 -9999 -9999 -9999 -9999 -9999 -9999 -9999 -9999 -9999 -9999 -9999 -9999 -9999 -9999 -9999 -9999 -9999 -9999 -9999 -9999 -9999 -9999 -9999 -9999 -9999 -9999 -9999 -9999 -9999 -9999 -9999 -9999 -9999 -9999 -9999 -9999 -9999 -9999 -9999 -9999 -9999 -9999 -9999 -9999 -9999 -9999 -9999 -9999 -9999 -9999 -9999 -9999 -9999 -9999 -9999 -9999 -9999 -9999 -9999 -9999 -9999 -9999 -9999 -9999 -9999 -9999 -9999 -9999 -9999 -9999 -9999 -9999 -9999 -9999 -9999 -9999
-9999 -9999 -9999 -9999 -9999 -9999 -9999 -9999 -9999 -9999 -9999 -9999 -9999 -9999 -9999 -9999 -9999 -9999 -9999 -9999 -9999 -9999 -9999 -9999 -9999 -9999 -9999 -9999 -9999 -9999 -9999 -9999 -9999 -9999 -9999 -9999 -9999 -9999 -9999 -9999 -9999 -9999 -9999 -9999 -9999 -9999 -9999 -9999 -9999 -9999 -9999 -9999 -9999 -9999 -9999 -9999 -9999 -9999 -9999 -9999 -9999 -9999 -9999 -9999 -9999 -9999 -9999 -9999 -9999 -9999 -9999 -9999 -9999 -9999 -9999 -9999 -9999 -9999 -9999 -9999 -9999 -9999 -9999 -9999 -9999 -9999 -9999 -9999 -9999 -9999 -9999 -9999 -9999 -9999 -9999
-9999 -9999 -9999 -9999 -9999 -9999 -9999 -9999 -9999 -9999 -9999 -9999 -9999 -9999 -9999 -9999 -9999 -9999 -9999 -9999 -9999 -9999 -9999 -9999 -9999 -9999 -9999 -9999 -9999 -9999 -9999 -9999 -9999 -9999 -9999 -9999 -9999 -9999 -9999 -9999 -9999 -9999 -9999 -9999 -9999 -9999 -9999 -9999 -9999 -9999 -9999 -9999 -9999 -9999 -9999 -9999 -9999 -9999 -9999 -9999 -9999 -9999 -9999 -9999 -9999 -9999 -9999 -9999 -9999 -9999 -9999 -9999 -9999 -9999 -9999 -9999 -9999 -9999 -9999 -9999 -9999 -9999 -9999 -9999 -9999 -9999 -9999 -9999 -9999 -9999 -9999 -9999 -9999 -9999 -9999
-9999 -9999 -9999 -9999 -9999 -9999 -9999 -9999 -9999 -9999 -9999 -9999 -9999 -9999 -9999 -9999 -9999 -9999 -9999 -9999 -9999 -9999 -9999 -9999 -9999 -9999 -9999 -9999 -9999 -9999 -9999 -9999 -9999 -9999 -9999 -9999 -9999 -9999 -9999 -9999 -9999 -9999 -9999 -9999 -9999 -9999 -9999 -9999 -9999 -9999 -9999 -9999 -9999 -9999 -9999 -9999 -9999 -9999 -9999 -9999 -9999 -9999 -9999 -9999 -9999 -9999 -9999 -9999 -9999 -9999 -9999 -9999 -9999 -9999 -9999 -9999 -9999 -9999 -9999 -9999 -9999 -9999 -9999 -9999 -9999 -9999 -9999 -9999 -9999 -9999 -9999 -9999 -9999 -9999 -9999
-9999 -9999 -9999 -9999 -9999 -9999 -9999 -9999 -9999 -9999 -9999 -9999 -9999 -9999 -9999 -9999 -9999 -9999 -9999 -9999 -9999 -9999 -9999 -9999 -9999 -9999 -9999 -9999 -9999 -9999 -9999 -9999 -9999 -9999 -9999 -9999 -9999 -9999 -9999 -9999 -9999 -9999 -9999 -9999 -9999 -9999 -9999 -9999 -9999 -9999 -9999 -9999 -9999 -9999 -9999 -9999 -9999 -9999 -9999 -9999 -9999 -9999 -9999 -9999 -9999 -9999 -9999 -9999 -9999 -9999 -9999 -9999 -9999 -9999 -9999 -9999 -9999 -9999 -9999 -9999 -9999 -9999 -9999 -9999 -9999 -9999 -9999 -9999 -9999 -9999 -9999 -9999 -9999 -9999 -9999
-9999 -9999 -9999 -9999 -9999 -9999 -9999 -9999 -9999 -9999 -9999 -9999 -9999 -9999 -9999 -9999 -9999 -9999 -9999 -9999 -9999 -9999 -9999 -9999 -9999 -9999 -9999 -9999 -9999 -9999 -9999 -9999 -9999 -9999 -9999 -9999 -9999 -9999 -9999 -9999 -9999 -9999 -9999 -9999 -9999 -9999 -9999 -9999 -9999 -9999 -9999 -9999 -9999 -9999 -9999 -9999 -9999 -9999 -9999 -9999 -9999 -9999 -9999 -9999 -9999 -9999 -9999 -9999 -9999 -9999 -9999 -9999 -9999 -9999 -9999 -9999 -9999 -9999 -9999 -9999 -9999 -9999 -9999 -9999 -9999 -9999 -9999 -9999 -9999 -9999 -9999 -9999 -9999 -9999 -9999
-9999 -9999 -9999 -9999 -9999 -9999 -9999 -9999 -9999 -9999 -9999 -9999 -9999 -9999 -9999 -9999 -9999 -9999 -9999 -9999 -9999 -9999 -9999 -9999 -9999 -9999 -9999 -9999 -9999 -9999 -9999 -9999 -9999 -9999 -9999 -9999 -9999 -9999 -9999 -9999 -9999 -9999 -9999 -9999 -9999 -9999 -9999 -9999 -9999 -9999 -9999 -9999 -9999 -9999 -9999 -9999 -9999 -9999 -9999 -9999 -9999 -9999 -9999 -9999 -9999 -9999 -9999 -9999 -9999 -9999 -9999 -9999 -9999 -9999 -9999 -9999 -9999 -9999 -9999 -9999 -9999 -9999 -9999 -9999 -9999 -9999 -9999 -9999 -9999 -9999 -9999 -9999 -9999 -9999 -9999
-9999 -9999 -9999 -9999 -9999 -9999 -9999 -9999 -9999 -9999 -9999 -9999 -9999 -9999 -9999 -9999 -9999 -9999 -9999 -9999 -9999 -9999 -9999 -9999 -9999 -9999 -9999 -9999 -9999 -9999 -9999 -9999 -9999 -9999 -9999 -9999 -9999 -9999 -9999 -9999 -9999 -9999 -9999 -9999 -9999 -9999 -9999 -9999 -9999 -9999 -9999 -9999 -9999 -9999 -9999 -9999 -9999 -9999 -9999 -9999 -9999 -9999 -9999 -9999 -9999 -9999 -9999 -9999 -9999 -9999 -9999 -9999 -9999 -9999 -9999 -9999 -9999 -9999 -9999 -9999 -9999 -9999 -9999 -9999 -9999 -9999 -9999 -9999 -9999 -9999 -9999 -9999 -9999 -9999 -9999
-9999 -9999 -9999 -9999 -9999 -9999 -9999 -9999 -9999 -9999 -9999 -9999 -9999 -9999 -9999 -9999 -9999 -9999 -9999 -9999 -9999 -9999 -9999 -9999 -9999 -9999 -9999 -9999 -9999 -9999 -9999 -9999 -9999 -9999 -9999 -9999 -9999 -9999 -9999 -9999 -9999 -9999 -9999 -9999 -9999 -9999 -9999 -9999 -9999 -9999 -9999 -9999 -9999 -9999 -9999 -9999 -9999 -9999 -9999 -9999 -9999 -9999 -9999 -9999 -9999 -9999 -9999 -9999 -9999 -9999 -9999 -9999 -9999 -9999 -9999 -9999 -9999 -9999 -9999 -9999 -9999 -9999 -9999 -9999 -9999 -9999 -9999 -9999 -9999 -9999 -9999 -9999 -9999 -9999 -9999
-9999 -9999 -9999 -9999 -9999 -9999 -9999 -9999 -9999 -9999 -9999 -9999 -9999 -9999 -9999 -9999 -9999 -9999 -9999 -9999 -9999 -9999 -9999 -9999 -9999 -9999 -9999 -9999 -9999 -9999 -9999 -9999 -9999 -9999 -9999 -9999 -9999 -9999 -9999 -9999 -9999 -9999 -9999 -9999 -9999 -9999 -9999 -9999 -9999 -9999 -9999 -9999 -9999 -9999 -9999 -9999 -9999 -9999 -9999 -9999 -9999 -9999 -9999 -9999 -9999 -9999 -9999 -9999 -9999 -9999 -9999 -9999 -9999 -9999 -9999 -9999 -9999 -9999 -9999 -9999 -9999 -9999 -9999 -9999 -9999 -9999 -9999 -9999 -9999 -9999 -9999 -9999 -9999 -9999 -9999
-9999 -9999 -9999 -9999 -9999 -9999 -9999 -9999 -9999 -9999 -9999 -9999 -9999 -9999 -9999 -9999 -9999 -9999 -9999 -9999 -9999 -9999 -9999 -9999 -9999 -9999 -9999 -9999 -9999 -9999 -9999 -9999 -9999 -9999 -9999 -9999 -9999 -9999 -9999 -9999 -9999 -9999 -9999 -9999 -9999 -9999 -9999 -9999 -9999 -9999 -9999 -9999 -9999 -9999 -9999 -9999 -9999 -9999 -9999 -9999 -9999 -9999 -9999 -9999 -9999 -9999 -9999 -9999 -9999 -9999 -9999 -9999 -9999 -9999 -9999 -9999 -9999 -9999 -9999 -9999 -9999 -9999 -9999 -9999 -9999 -9999 -9999 -9999 -9999 -9999 -9999 -9999 -9999 -9999 -9999
-9999 -9999 -9999 -9999 -9999 -9999 75 77 79 80 80 80 80 78 77 77 77 81 86 91 96 100 104 108 113 115 117 120 123 120 117 140 163 182 200 202 204 214 224 230 236 249 262 261 261 260 259 255 251 244 237 209 181 192 202 150 99 106 114 117 120 108 96 -9999 -9999 -9999 -9999 -9999 -9999 -9999 -9999 -9999 -9999 -9999 -9999 -9999 -9999 -9999 -9999 -9999 -9999 -9999 -9999 -9999 -9999 -9999 -9999 -9999 -9999 -9999 -9999 -9999 -9999 -9999 -9999
71 72 72 73 73 75 76 77 79 79 79 78 78 77 76 76 77 81 85 90 95 99 103 107 110 113 116 119 122 126 130 153 176 188 200 200 201 211 221 225 230 251 272 264 257 264 271 265 258 251 244 209 175 180 185 143 100 94 88 89 91 92 94 87 81 76 71 66 61 62 62 58 54 54 54 55 55 57 59 58 57 58 58 55 53 51 49 49 48 51 54 -9999 -9999 -9999 -9999
75 74 74 74 74 75 77 78 78 78 78 77 76 76 75 76 77 81 85 89 94 98 102 105 108 111 114 118 122 132 142 165 189 194 199 198 198 208 218 221 223 253 282 267 253 268 283 274 265 258 251 210 169 169 169 135 102 81 61 62 63 77 91 84 76 72 67 62 58 57 56 52 48 47 46 47 47 46 46 47 49 50 50 46 42 43 43 44 46 47 48 54 -9999 -9999 -9999
77 78 79 78 77 79 80 79 79 78 78 76 73 74 74 76 77 80 84 88 92 97 102 105 108 112 116 123 130 153 176 186 196 196 196 193 191 198 204 217 230 255 280 264 249 259 268 263 258 254 251 198 145 143 141 124 107 94 82 74 67 76 84 80 76 69 63 58 53 55 56 54 53 54 55 55 55 55 54 54 55 52 50 46 43 48 52 52 53 50 47 51 55 -9999 -9999
79 82 85 83 81 82 83 81 80 79 78 74 70 72 73 75 78 80 83 87 91 96 101 105 109 113 118 129 139 175 211 207 202 197 192 188 184 187 190 213 236 257 277 262 246 250 253 252 251 251 250 186 121 118 114 113 112 107 102 86 71 74 77 76 75 67 60 54 49 52 55 57 58 61 63 64 64 63 62 61 61 55 49 46 44 53 62 60 59 53 46 48 50 61 -9999
92 92 92 93 93 90 88 86 85 84 84 81 77 77 77 78 79 80 82 86 89 94 99 104 110 115 121 130 139 175 211 210 209 202 196 193 191 196 202 218 234 242 249 249 249 240 231 217 203 200 197 163 128 127 126 118 109 100 91 81 71 73 75 75 75 69 64 60 57 59 61 64 66 66 65 66 66 64 61 61 60 57 54 53 53 59 66 65 64 56 49 49 50 58 66
105 102 100 103 105 99 93 91 90 90 90 87 84 82 80 80 80 81 81 84 87 92 97 104 111 117 123 131 138 174 211 213 215 208 200 199 197 206 214 223 232 227 222 237 252 230 209 181 154 149 144 139 134 136 138 122 106 93 80 76 72 72 73 74 74 71 69 66 64 66 67 70 74 71 68 68 69 64 60 60 60 59 58 60 62 66 70 69 68 60 52 50 49 55 61
104 103 103 105 107 105 104 103 102 102 101 99 96 93 90 91 92 91 90 91 92 97 101 106 112 119 126 139 151 180 208 215 221 215 209 207 205 214 223 227 231 224 217 221 226 216 207 191 175 176 177 168 160 149 138 120 102 93 83 79 74 75 75 74 73 70 68 68 68 70 73 75 76 74 72 70 67 64 61 63 64 63 63 64 65 67 69 70 71 65 59 55 51 56 61
102 104 105 107 109 111 114 114 115 114 113 110 108 103 99 101 103 101 100 99 98 101 105 109 112 121 129 147 165 185 206 217 227 223 218 216 214 223 232 231 229 221 212 206 199 202 205 201 197 203 209 197 185 161 137 118 98 92 86 82 77 77 77 74 71 69 67 69 71 75 79 79 79 78 77 71 65 64 62 66 69 68 67 67 68 68 68 71 74 71 67 60 52 57 61
103 104 106 108 110 111 113 113 114 114 114 113 113 110 107 106 106 104 103 103 102 106 110 114 119 121 122 138 153 176 200 208 215 213 210 211 212 213 214 218 221 216 212 205 198 204 209 203 196 193 190 171 152 136 120 110 100 92 84 81 79 73 67 68 69 69 69 70 71 73 74 77 80 76 73 70 67 66 66 69 71 70 68 71 75 73 71 73 74 71 67 62 57 58 58
103 105 107 109 110 111 112 112 113 114 115 117 119 116 114 111 108 107 106 106 107 111 115 120 126 121 116 128 140 167 195 199 203 203 203 207 211 203 196 204 213 212 212 204 196 205 214 204 195 183 171 145 118 110 102 102 102 92 81 81 81 69 57 62 67 69 71 71 71 70 69 75 81 74 68 68 68 69 70 72 74 72 70 76 82 78 74 74 74 71 68 65 61 58 56
103 104 106 107 109 109 109 110 111 112 112 114 115 114 113 111 110 109 109 111 113 117 122 129 135 134 132 141 150 161 172 176 180 182 184 189 195 197 199 204 209 200 191 187 183 188 193 188 183 164 144 132 120 111 102 101 100 93 86 82 78 69 60 64 69 70 71 72 73 74 74 78 83 76 69 69 70 71 72 74 76 76 77 79 82 79 76 76 75 73 70 68 66 63 60
103 104 105 106 107 107 107 108 109 109 110 111 112 112 112 111 111 111 111 115 119 124 129 137 145 146 148 154 159 154 148 152 156 161 165 172 178 190 202 203 205 187 169 170 170 171 172 172 171 145 118 120 122 112 102 100 98 94 90 83 75 69 62 66 70 71 71 73 74 77 79 82 84 77 69 71 72 74 75 76 77 81 85 83 81 80 78 77 76 74 72 71 71 67 64
101 102 102 103 104 104 104 105 106 107 107 108 109 111 112 112 113 113 114 123 132 132 131 136 140 142 144 149 155 153 151 155 160 163 165 171 177 181 186 184 183 169 155 155 155 153 151 151 150 131 113 114 116 110 104 100 96 97 97 89 81 78 75 75 75 72 68 72 77 78 80 82 84 78 71 71 71 71 71 75 79 81 82 81 80 78 76 75 74 73 72 73 74 71 68
100 100 100 100 100 100 100 102 104 104 104 105 107 109 112 113 114 116 117 131 145 139 134 135 136 138 139 145 151 152 153 159 164 165 165 170 175 172 170 166 162 152 142 141 139 135 131 130 128 118 108 109 109 107 105 100 94 99 103 96 88 88 88 84 81 73 65 72 79 79 80 82 84 78 73 72 70 69 68 75 82 81 80 80 79 76 74 73 72 72 72 75 77 75 73
99 101 102 101 100 100 99 101 102 102 101 103 104 108 111 115 119 121 122 133 144 140 135 135 135 136 137 141 145 149 152 154 156 158 159 165 172 169 167 156 145 138 131 128 126 124 123 114 105 104 103 107 110 108 106 103 100 100 99 95 90 87 84 83 82 76 71 74 77 79 81 83 85 78 72 74 76 72 69 75 81 79 77 77 78 77 75 74 72 71 71 72 73 73 74
99 101 104 102 100 99 99 100 100 99 99 100 101 106 111 117 123 125 128 136 144 140 136 135 135 135 135 137 140 145 151 150 148 151 153 161 168 166 163 146 129 124 119 116 112 113 115 99 82 91 99 104 110 108 106 106 107 101 95 94 93 86 80 81 82 80 78 77 76 79 83 84 86 78 71 76 81 75 70 75 80 77 73 75 76 77 77 74 71 71 70 69 68 71 75
95 97 99 99 98 99 99 100 100 99 98 100 101 107 113 119 125 127 130 134 139 137 134 134 133 136 138 139 141 144 148 150 151 155 159 164 169 167 166 149 131 121 111 107 102 102 101 93 84 91 99 99 100 99 98 99 99 96 93 91 88 85 82 83 85 83 81 79 78 80 82 83 85 79 74 76 79 74 69 72 75 74 73 74 75 76 78 75 72 71 70 69 69 71 73
92 93 95 96 97 98 100 99 99 99 98 100 102 108 114 121 127 129 132 133 134 133 132 132 132 136 141 141 141 143 146 150 154 160 165 167 169 169 169 151 134 119 103 98 92 90 88 86 85 92 99 94 90 90 91 91 91 91 91 87 84 84 84 86 87 86 84 82 80 80 81 83 84 81 77 77 77 73 68 69 70 71 72 73 73 76 78 75 72 71 70 70 70 71 71
83 86 89 91 93 96 99 99 99 98 98 99 101 110 119 123 126 129 132 133 134 133 132 133 134 137 141 141 141 142 143 150 156 160 165 166 168 165 162 141 121 111 100 96 91 91 91 89 88 88 88 86 85 86 87 87 86 86 86 82 78 78 78 84 90 88 86 84 83 82 80 81 81 78 75 74 73 71 69 68 68 69 71 71 71 73 75 73 71 69 67 67 67 66 66
74 78 82 85 88 93 98 98 98 98 98 99 100 112 124 125 125 128 132 133 133 132 132 134 135 138 141 141 140 140 140 149 158 161 164 165 167 161 155 131 108 103 98 94 90 92 94 92 91 84 77 79 81 82 84 82 81 81 81 77 72 72 71 82 93 90 87 87 87 83 80 79 78 76 74 71 68 69 70 68 66 68 70 69 69 71 73 71 70 67 65 64 63 62 60
76 80 85 88 91 92 94 96 98 105 111 111 111 118 124 124 125 127 129 130 131 132 132 135 138 141 144 145 146 148 151 154 158 157 155 160 164 156 147 126 105 103 100 98 96 95 95 93 91 85 80 79 78 79 80 79 78 75 72 68 64 66 68 77 86 84 81 82 82 80 78 78 77 73 70 68 67 68 69 66 64 66 67 67 67 69 71 72 72 68 63 63 63 62 61
78 82 87 90 94 92 90 94 98 111 124 123 123 123 124 124 125 126 126 128 129 131 132 137 141 144 147 149 151 156 161 160 158 153 147 154 162 150 138 120 102 102 103 102 102 99 96 93 90 86 83 79 75 75 76 75 74 69 64 60 56 60 65 72 80 77 75 76 77 77 76 76 76 70 65 66 67 67 68 65 62 64 65 66 66 68 69 72 75 68 62 63 63 62 61
