homework/Homework_5_files/or_precip_1983_02.asc
ncols 407
nrows 229
xllcorner -124.73958333333
yllcorner 41.73958333333
cellsize 0.02083333333
NODATA_value -9999
[rows 86 to 128 of 229, columns 192 to 287 of 407]
68 70 70 71 73 76 63 50 47 44 45 46 43 41 43 45 45 45 48 51 50 49 49 50 48 46 46 46 45 44 45 47 47 48 49 50 55 61 68 76 70 65 64 63 61 58 57 57 59 61 55 48 48 47 52 58 52 45 46 46 47 48 46 44 48 52 54 57 57 58 58 59 62 65 63 60 56 51 51 50 51 51 57 63 62 62 72 83 80 77 69 61 61 62 72 82
68 68 69 70 73 76 67 58 54 50 47 44 42 41 49 58 55 53 53 53 50 47 46 46 46 46 47 47 43 40 45 50 50 51 57 62 73 83 81 79 77 74 74 74 77 81 75 69 66 63 54 46 45 45 54 62 59 55 56 58 55 53 48 43 48 53 55 58 58 59 59 59 61 63 62 62 60 59 60 61 61 61 61 61 62 62 70 78 79 79 73 66 66 65 70 76
69 66 68 69 72 75 71 67 62 57 49 42 41 40 56 71 66 60 58 56 50 44 43 42 45 47 47 48 42 36 45 54 54 54 65 75 90 105 94 83 83 83 84 85 94 104 93 82 74 65 54 43 43 43 55 67 66 64 67 70 63 57 49 42 48 53 56 59 60 60 60 59 60 61 62 64 65 66 69 72 71 70 65 60 61 63 68 74 78 82 77 72 70 68 69 69
72 69 69 69 73 77 75 73 71 69 65 60 56 52 64 76 63 50 50 50 47 44 43 42 42 41 41 40 38 36 44 52 60 69 77 85 93 101 91 80 80 80 81 83 96 109 94 79 73 67 55 42 42 41 51 60 64 68 71 74 69 63 55 46 48 51 53 56 57 58 59 59 59 60 61 62 63 64 66 68 69 70 67 65 65 66 71 76 78 79 77 74 76 78 84 89
75 73 71 68 74 80 79 78 80 82 80 79 71 64 73 82 61 41 42 44 44 44 42 41 38 36 34 32 34 35 42 50 67 84 90 96 96 96 87 78 77 77 79 81 98 114 95 77 73 69 55 40 40 40 47 54 63 71 75 78 74 70 60 50 49 48 50 53 55 57 57 58 58 59 60 60 61 62 63 63 66 69 69 69 69 69 74 79 78 77 77 77 83 89 99 109
76 75 72 69 72 75 76 77 82 88 92 96 91 86 81 76 58 40 44 48 47 46 43 40 37 34 33 32 34 36 43 50 70 90 92 95 93 91 85 79 78 76 81 85 99 113 95 77 71 65 52 39 39 39 43 48 58 68 69 70 72 73 63 52 52 52 54 55 56 57 57 58 58 59 59 58 59 60 61 63 65 67 68 69 70 71 77 83 81 79 83 88 96 104 112 120
76 78 74 70 70 70 73 76 85 94 104 114 112 109 89 69 54 39 45 52 51 49 44 39 36 33 32 32 35 37 43 50 73 95 95 95 91 86 83 80 78 76 83 89 100 111 94 76 69 61 50 39 39 39 40 41 53 65 64 63 69 76 65 55 56 57 57 58 58 58 58 57 58 58 57 57 57 57 59 62 63 64 67 69 71 73 80 87 84 81 90 99 109 119 125 132
78 80 77 75 77 79 78 77 88 100 101 103 95 87 78 68 59 50 49 47 48 48 45 43 41 39 37 35 36 37 51 66 77 88 89 89 88 86 84 81 79 78 84 90 89 87 74 62 57 53 46 39 39 39 41 43 49 55 56 57 62 67 61 55 57 58 58 59 59 58 59 59 60 61 60 59 58 57 58 59 58 57 60 62 64 66 71 77 80 83 90 97 101 105 109 114
81 82 80 79 83 88 83 78 92 105 98 91 78 66 66 67 64 61 52 43 45 47 47 47 46 45 42 39 38 37 59 81 81 81 82 83 84 86 84 82 81 80 85 91 77 63 55 48 46 44 42 40 39 38 41 44 45 46 48 51 55 59 57 56 57 59 60 61 60 59 60 61 63 64 62 60 59 57 57 57 53 50 52 55 56 58 63 67 76 86 91 96 93 91 94 96
85 85 86 88 91 95 93 91 101 110 107 103 102 101 98 95 92 89 74 59 65 71 76 81 86 91 77 62 66 69 76 83 84 84 85 86 85 85 85 85 84 83 84 84 75 66 58 50 48 46 43 40 39 39 41 43 44 44 45 47 49 50 50 50 52 53 54 55 56 56 57 58 58 58 58 59 59 60 58 57 53 48 51 53 55 57 61 65 72 78 82 86 85 84 85 86
88 88 92 96 99 101 103 104 110 115 115 115 126 137 130 123 120 117 96 76 86 96 105 115 126 136 111 86 94 102 94 85 86 86 87 88 86 85 86 87 87 87 83 78 74 70 61 52 50 48 44 39 40 40 41 42 43 43 43 42 42 42 43 44 46 48 49 49 52 54 54 55 54 53 55 57 60 63 60 58 52 47 49 51 54 56 60 64 67 70 73 76 76 76 76 75
84 86 92 98 98 98 96 95 96 98 104 110 110 109 109 109 113 117 113 109 118 126 141 156 161 165 148 130 122 114 124 134 134 135 133 132 133 134 136 137 128 119 103 87 80 73 70 68 65 62 57 52 48 43 44 44 43 43 43 43 43 43 43 42 43 44 45 46 47 48 49 49 48 48 49 51 53 56 54 52 48 44 47 49 51 53 55 58 59 60 61 61 62 62 61 61
79 84 92 100 97 94 90 85 83 81 94 106 93 81 88 95 106 116 129 143 150 157 177 197 195 194 184 174 150 127 155 183 183 183 180 176 180 184 186 187 169 151 123 96 85 75 79 84 80 77 71 65 56 47 46 46 44 43 43 43 43 43 42 41 40 40 41 42 42 43 43 43 43 43 44 45 47 48 48 47 45 42 44 46 48 50 51 51 50 50 48 47 47 48 47 47
82 85 88 91 87 83 85 87 88 89 89 89 86 82 85 89 97 106 125 144 141 138 148 158 157 156 154 151 143 135 154 173 174 176 173 170 171 173 179 185 177 169 140 111 112 112 116 120 112 104 87 71 66 61 57 53 48 42 47 52 50 48 46 45 44 43 42 42 42 41 41 40 40 39 40 40 41 41 41 41 39 37 38 39 41 43 43 44 44 44 44 44 45 47 47 47
84 87 84 81 77 72 80 88 92 96 84 73 78 83 83 83 89 96 120 144 131 118 118 119 119 119 123 127 136 144 154 163 166 169 166 163 163 162 172 182 185 187 157 127 138 149 152 155 143 130 103 76 76 76 68 61 51 42 51 61 57 52 51 50 48 46 44 41 41 40 38 37 37 36 36 36 35 34 34 35 34 33 32 32 33 35 36 37 38 38 39 41 43 46 47 48
81 83 79 74 76 77 80 84 82 80 76 73 72 72 80 87 96 104 121 138 121 105 105 104 104 104 107 111 120 129 136 144 148 152 151 149 151 153 163 173 178 184 165 147 152 156 159 162 148 133 111 90 89 88 80 71 56 42 54 67 73 79 76 73 65 56 54 51 52 52 48 45 46 46 43 40 39 38 39 39 39 39 40 42 42 42 45 48 49 51 51 52 53 54 56 58
78 80 73 66 74 83 81 79 72 65 69 73 67 62 77 92 102 112 122 131 111 92 91 90 89 89 91 94 103 113 119 125 130 135 135 136 140 144 154 163 172 181 174 167 165 163 167 170 153 136 119 103 102 101 91 81 62 42 57 73 89 105 101 97 81 66 64 62 63 64 58 53 55 56 50 44 43 42 43 44 44 44 48 51 50 49 53 58 61 64 63 62 63 63 65 68
72 76 68 60 68 76 72 67 65 63 65 67 68 70 87 104 125 146 146 146 125 104 97 91 89 87 88 89 96 103 105 108 114 121 126 132 135 139 146 152 160 167 161 155 153 150 155 160 151 142 120 99 94 89 78 67 57 47 57 66 77 87 86 84 78 71 70 69 67 65 67 69 70 71 64 56 57 58 55 52 53 53 57 60 56 52 63 73 80 87 86 85 91 98 91 85
66 72 63 54 62 70 63 56 58 61 61 61 70 79 97 116 148 179 170 162 139 117 104 91 88 85 85 84 88 92 91 91 98 106 117 128 131 135 138 141 147 153 148 142 140 137 143 149 149 148 121 95 85 76 64 52 52 52 56 59 64 69 70 72 74 77 77 77 72 66 75 85 86 87 78 68 72 75 68 61 61 61 65 69 62 55 72 89 100 111 110 108 120 133 117 101
65 69 65 62 63 63 62 61 65 69 69 69 76 82 96 111 134 156 156 155 141 128 113 99 100 101 100 100 98 96 92 87 96 104 110 115 116 116 118 119 123 128 123 117 117 117 124 130 127 124 107 90 85 79 71 63 56 49 51 54 56 57 60 63 66 70 72 74 71 67 71 75 78 81 76 71 78 85 80 75 77 78 73 67 61 55 74 93 99 104 106 108 120 133 133 134
63 65 67 69 63 56 61 65 71 78 78 77 81 86 95 105 119 133 141 148 143 138 122 106 112 117 116 115 107 100 92 83 93 103 103 102 100 98 97 97 99 102 97 92 95 97 104 112 106 100 93 86 84 81 77 73 60 46 47 49 47 46 50 55 59 63 67 71 70 69 68 66 71 76 74 73 84 95 93 90 93 95 80 64 59 54 76 97 97 98 103 108 120 133 150 167
73 76 74 73 69 65 67 70 75 80 79 78 84 91 92 93 104 115 126 137 132 128 121 114 115 115 114 113 102 91 85 80 83 86 87 88 86 85 84 83 84 85 81 77 80 83 88 93 91 90 86 82 79 77 74 72 60 48 52 56 56 56 58 60 63 66 68 70 69 69 68 67 71 74 73 71 76 80 79 78 80 83 79 76 67 59 66 73 76 79 94 108 113 118 135 153
82 87 82 77 75 73 74 75 79 83 80 78 87 96 89 81 89 96 111 126 121 117 120 122 118 114 112 111 96 81 79 77 73 70 71 73 72 71 70 69 68 67 65 62 66 70 72 74 76 79 78 77 75 73 72 70 60 51 57 63 65 66 66 66 68 70 69 68 69 69 68 68 70 73 71 69 67 65 66 67 68 70 78 87 76 64 57 49 55 61 84 108 106 103 121 138
83 88 83 78 77 76 79 82 79 76 76 76 78 80 76 71 78 85 96 107 112 117 117 117 112 107 102 98 87 76 75 75 73 71 68 65 65 65 65 65 65 64 62 61 64 67 69 70 71 71 73 74 74 74 72 69 63 56 60 63 64 65 65 65 68 71 70 70 70 71 72 74 74 74 71 68 66 64 64 64 65 66 71 75 70 65 65 64 66 69 77 86 96 106 118 129
83 89 84 80 79 79 85 90 80 70 72 74 69 64 63 61 67 74 81 88 102 116 114 111 106 100 92 85 78 71 72 72 73 73 66 58 58 59 61 62 61 60 60 60 62 64 66 67 66 64 68 72 73 75 72 69 65 61 62 63 63 63 64 64 68 72 72 71 72 72 77 81 78 76 71 67 65 62 62 61 62 63 63 63 65 67 73 80 78 76 70 64 86 108 115 121
78 78 75 72 72 72 76 79 71 62 62 62 62 63 61 59 62 64 67 69 80 91 88 85 80 75 77 80 73 67 67 68 69 69 63 56 57 58 59 60 59 59 59 58 60 62 63 63 66 69 74 79 77 76 74 71 68 65 64 64 67 71 71 71 73 75 74 74 77 80 80 80 78 76 73 70 66 62 61 59 59 59 59 59 59 59 63 67 69 71 70 69 82 96 101 106
73 68 66 64 65 66 67 69 62 54 52 50 56 61 59 57 56 55 53 51 58 65 62 59 54 50 62 75 69 62 63 64 65 65 60 54 56 57 57 58 57 57 57 57 58 60 60 60 67 74 80 86 82 77 75 73 71 68 66 64 72 79 78 77 77 77 77 76 82 88 84 80 79 77 75 73 67 61 60 58 56 55 55 55 53 51 53 55 60 65 69 73 79 84 88 92
64 61 62 64 67 70 69 68 64 60 57 54 55 56 52 49 49 48 47 47 51 55 54 53 51 50 56 63 60 57 59 62 62 63 59 56 56 57 57 57 57 58 58 58 60 63 63 64 69 74 78 82 83 83 82 80 76 73 68 63 68 73 74 74 75 76 76 75 77 79 81 83 83 82 81 80 79 77 72 67 64 61 59 56 56 57 62 66 68 70 75 80 89 98 101 104
55 54 59 63 69 75 71 68 67 66 62 58 54 50 46 42 41 41 42 43 44 45 46 47 48 50 51 51 51 51 55 60 60 60 59 58 57 56 56 56 57 58 58 58 63 67 67 67 71 74 76 78 83 89 88 87 82 77 70 63 65 66 69 72 73 75 74 74 72 69 78 86 87 88 87 87 90 93 85 77 72 67 62 57 60 63 70 78 77 76 81 86 99 113 115 116
53 53 57 62 67 72 71 69 67 66 61 56 57 58 56 55 55 56 56 57 57 58 56 54 53 52 53 54 54 54 56 58 58 58 59 61 60 60 60 61 61 61 61 60 64 67 68 69 70 70 72 73 76 79 80 81 77 73 69 65 65 65 66 67 68 70 69 67 67 67 76 86 92 98 96 95 99 103 99 94 84 74 70 66 65 65 74 83 84 85 100 115 123 131 122 113
51 51 56 61 65 70 70 70 68 66 60 55 60 65 67 68 70 71 71 71 71 71 66 61 58 54 56 58 57 56 56 56 56 57 60 63 63 64 64 65 65 65 64 62 65 67 69 71 69 67 68 68 69 70 72 75 72 68 67 67 65 63 63 63 63 64 63 61 63 64 75 86 97 108 106 103 109 114 113 112 96 81 78 75 71 67 77 87 91 94 119 143 146 149 129 109
49 48 53 58 63 69 67 66 64 62 59 56 62 68 71 74 80 87 87 87 81 74 71 68 62 57 58 59 58 58 57 57 58 58 61 64 64 65 65 66 66 65 63 62 64 66 67 68 69 71 71 70 72 73 75 77 77 77 74 72 72 71 69 67 67 68 65 61 63 64 75 85 97 109 106 104 107 110 108 107 96 86 80 75 72 68 76 83 90 96 115 133 137 140 126 111
47 46 50 54 61 68 65 62 60 58 57 56 64 72 76 80 91 102 103 104 90 77 75 74 67 60 60 60 60 59 58 58 59 60 62 64 65 66 66 67 66 65 63 61 63 66 65 65 70 75 74 72 74 77 78 79 82 85 81 78 78 79 75 71 71 72 67 62 63 65 75 85 97 109 107 105 106 107 104 101 96 90 83 76 73 70 74 79 89 99 111 123 128 132 122 113
45 44 47 51 53 55 56 58 56 55 55 56 61 65 69 73 80 88 87 87 78 70 70 71 67 64 62 61 60 60 59 59 61 63 64 65 66 66 66 66 66 65 63 62 64 66 67 69 74 80 79 77 78 78 80 82 85 87 88 88 84 81 77 73 70 67 64 61 62 62 75 87 98 110 110 110 109 108 107 106 99 92 84 76 72 67 71 75 83 91 102 112 115 117 104 91
42 43 45 47 45 42 48 53 53 52 53 55 57 59 62 65 69 74 72 70 66 63 66 69 68 67 64 61 61 61 60 60 63 66 66 66 66 66 66 66 65 64 64 63 64 65 69 72 79 85 84 82 81 79 82 85 87 89 94 99 90 82 79 75 69 63 62 61 60 60 74 89 100 111 113 114 112 110 111 111 102 93 85 77 71 64 68 71 77 83 92 100 102 103 86 70
37 40 41 42 40 38 43 48 48 48 48 47 52 57 59 62 65 67 67 67 65 62 64 65 65 65 63 62 61 61 60 59 61 63 63 63 63 63 64 64 63 62 62 62 63 64 68 71 76 81 84 87 88 89 88 87 94 100 107 113 103 94 88 82 74 66 71 76 75 74 83 91 100 109 112 115 116 117 115 113 111 108 99 90 78 66 68 71 78 86 98 110 105 100 86 71
33 37 37 38 36 34 38 42 43 44 42 40 47 54 57 59 60 61 63 64 63 61 62 62 62 62 62 62 62 62 60 59 59 59 59 60 60 61 61 62 61 60 61 61 62 63 67 70 74 77 84 92 95 99 94 89 101 112 119 127 116 106 97 88 79 70 81 92 90 89 91 94 101 107 111 116 120 125 120 115 119 123 113 102 85 67 68 70 80 90 105 120 108 97 85 73
32 32 32 33 32 31 35 38 39 39 39 40 45 50 52 54 58 61 62 64 64 64 63 63 63 63 64 65 62 59 58 57 57 56 57 57 57 58 58 58 58 58 59 60 62 65 69 73 77 81 85 90 91 93 94 94 100 106 107 107 105 102 98 93 86 79 85 92 89 85 95 104 101 98 107 116 114 111 109 107 107 107 97 87 78 68 69 70 85 100 118 136 126 117 103 88
30 27 27 28 28 29 31 34 34 34 37 40 42 45 47 49 55 61 62 63 65 66 65 64 64 64 66 68 62 57 56 55 54 54 54 54 54 55 54 54 54 55 56 58 62 66 71 76 80 85 86 87 87 87 93 99 99 100 94 88 93 99 99 99 93 87 90 92 87 81 98 114 101 88 102 117 107 98 99 99 95 90 81 72 71 69 69 69 90 111 131 152 144 137 120 103
29 26 26 26 27 28 30 32 32 32 34 35 38 41 43 45 49 53 56 59 60 61 62 63 61 59 62 65 60 55 54 53 52 51 51 51 52 53 53 53 54 54 56 58 62 67 73 78 80 82 84 86 88 89 92 95 98 101 92 83 86 89 89 89 86 84 81 79 78 77 85 93 83 73 84 94 90 87 92 97 91 85 83 81 80 79 76 72 88 105 121 137 128 118 112 106
28 25 25 25 27 28 28 29 30 30 31 31 34 36 39 42 44 46 50 55 56 57 59 61 58 55 58 62 58 54 52 51 49 48 48 48 50 51 52 53 53 54 56 58 63 68 74 80 80 80 83 85 88 91 91 90 96 101 89 78 78 79 79 79 80 80 73 65 69 73 72 72 65 59 65 71 74 76 86 95 87 80 85 89 89 89 82 75 87 98 110 122 111 99 105 110
27 24 25 25 26 27 28 28 29 29 29 29 31 33 36 39 41 43 47 51 54 57 57 58 55 53 55 57 53 50 48 47 47 46 46 46 48 50 51 53 54 55 57 60 63 67 72 77 76 75 76 77 78 79 80 81 83 86 79 72 70 67 68 69 71 72 67 63 66 68 66 64 60 56 61 65 71 77 84 91 90 88 91 94 94 93 88 83 97 111 118 125 113 101 100 99
27 24 25 26 26 27 27 28 28 28 28 28 29 30 33 37 39 41 44 47 52 57 56 54 52 50 51 52 48 45 44 43 44 45 45 45 46 48 50 52 54 56 59 62 64 65 70 75 73 71 70 68 68 68 70 72 71 70 68 67 61 55 57 59 61 63 62 60 62 64 60 56 54 53 56 59 69 79 83 87 92 97 98 98 98 97 94 91 107 124 126 129 116 104 96 88
