homework/Homework_5_files/or_precip_1983_02.asc
ncols 407
nrows 229
xllcorner -124.73958333333
yllcorner 41.73958333333
cellsize 0.02083333333
NODATA_value -9999
[rows 172 to 214 of 229, columns 0 to 95 of 407]
-9999 -9999 -9999 -9999 -9999 -9999 -9999 -9999 497 497 497 496 499 502 500 498 492 487 495 503 536 568 523 477 494 511 482 452 416 379 437 495 481 466 447 429 515 600 564 528 633 738 771 804 652 500 444 389 379 369 445 521 494 467 457 448 423 398 359 319 302 285 267 248 249 251 257 264 283 303 298 293 306 320 294 268 264 260 261 261 247 232 236 240 233 225 243 260 274 287 271 255 261 266 310 353
-9999 -9999 -9999 -9999 -9999 -9999 -9999 500 498 498 495 492 490 488 520 552 558 564 582 599 585 570 559 549 515 482 493 503 490 477 463 449 441 433 490 547 659 771 730 690 753 817 823 830 674 518 485 452 454 457 527 596 549 502 460 418 404 390 409 427 414 401 367 333 329 325 319 312 307 301 295 289 309 330 314 298 295 293 290 287 271 256 258 259 250 241 243 244 250 255 269 284 302 320 329 338
-9999 -9999 -9999 -9999 -9999 -9999 500 500 499 498 493 487 480 474 540 606 624 641 668 695 634 572 596 621 537 453 504 554 565 575 489 403 402 400 533 666 804 942 896 851 873 896 875 855 696 536 525 515 530 545 608 672 604 537 462 388 385 381 458 535 526 517 467 417 408 400 380 361 330 299 292 285 312 340 334 328 327 326 319 313 296 280 279 278 267 257 243 228 225 223 268 313 344 374 349 323
-9999 -9999 -9999 -9999 -9999 -9999 502 502 503 503 496 489 486 483 534 585 597 610 645 681 639 596 619 643 553 464 477 491 520 549 566 583 501 419 536 653 797 942 908 874 886 898 805 712 632 553 538 523 526 529 547 565 512 459 450 440 411 382 415 449 444 440 418 397 397 397 379 361 342 324 322 320 333 346 325 304 314 323 318 313 310 306 308 309 289 268 260 253 247 241 253 265 298 332 344 356
-9999 -9999 -9999 -9999 -9999 -9999 504 504 506 508 499 490 491 492 528 564 571 578 622 667 644 620 643 665 570 474 451 427 475 523 643 763 601 438 539 640 791 942 919 896 898 901 735 569 569 569 550 532 522 513 485 457 419 381 437 492 437 382 372 363 363 362 370 377 386 395 378 361 355 349 352 355 354 352 316 281 301 321 317 313 323 333 337 341 310 279 278 277 268 259 238 217 253 290 339 388
-9999 -9999 -9999 -9999 -9999 -9999 -9999 -9999 501 499 489 479 497 515 531 546 575 605 649 694 670 646 666 686 600 514 523 532 576 621 700 779 656 533 637 742 829 916 886 855 891 927 830 733 728 724 703 682 649 617 524 432 406 381 409 436 404 371 362 352 359 365 362 359 348 337 337 338 331 324 320 315 322 330 317 305 338 372 336 299 306 313 327 341 331 322 330 339 311 283 270 258 287 316 320 325
-9999 -9999 -9999 -9999 -9999 -9999 -9999 -9999 490 490 479 467 503 538 533 528 580 632 676 721 697 672 690 707 631 554 595 636 678 719 757 795 712 628 736 843 867 891 853 815 884 953 925 897 888 879 856 833 777 721 563 406 393 381 380 380 371 361 352 342 355 368 355 342 310 278 297 315 307 298 287 275 291 307 318 328 376 423 354 285 289 293 317 342 353 364 382 401 354 307 303 299 321 342 302 261
-9999 -9999 -9999 -9999 -9999 -9999 -9999 -9999 479 479 473 467 494 521 523 526 641 757 757 757 756 755 772 790 736 682 738 794 763 732 724 716 703 691 744 798 845 893 828 762 797 833 822 811 821 830 807 785 740 696 579 462 413 364 362 360 343 327 324 321 314 307 301 296 281 266 281 297 309 321 303 286 309 332 367 401 427 454 392 330 332 334 353 372 381 389 375 361 330 299 288 277 292 308 286 264
-9999 -9999 -9999 -9999 -9999 -9999 -9999 -9999 468 468 468 468 485 503 513 523 703 882 838 794 815 837 855 873 841 809 880 951 848 745 691 636 695 754 753 752 824 896 802 709 711 713 719 725 753 781 759 736 703 670 595 519 433 348 343 339 315 292 296 300 273 246 248 250 252 253 266 278 311 343 319 296 327 358 415 473 478 484 429 374 374 374 388 403 409 415 368 322 307 292 273 255 264 273 270 266
-9999 -9999 -9999 -9999 -9999 -9999 -9999 -9999 -9999 -9999 459 454 473 493 562 632 704 777 776 776 779 781 816 850 806 761 799 837 782 726 684 642 667 692 722 752 768 783 711 639 644 649 631 612 626 640 636 631 641 650 574 498 419 340 336 333 319 306 294 283 273 264 259 255 249 243 262 281 307 332 349 366 405 443 442 440 430 420 403 387 369 352 385 418 388 359 323 287 269 250 241 231 246 261 250 239
-9999 -9999 -9999 -9999 -9999 -9999 -9999 -9999 -9999 -9999 440 440 462 483 612 741 706 671 715 758 742 726 776 826 770 713 718 723 715 707 677 648 639 629 691 752 711 671 621 570 578 586 543 500 500 500 513 527 578 630 553 477 404 332 330 327 324 320 293 266 274 282 270 259 246 234 259 284 303 322 379 436 482 529 468 408 382 356 377 399 364 329 381 432 368 303 277 251 230 209 208 207 227 248 230 212
-9999 -9999 -9999 -9999 -9999 -9999 -9999 -9999 -9999 -9999 -9999 -9999 458 466 555 643 726 810 848 887 847 807 854 901 797 693 695 697 689 680 649 618 615 612 638 665 641 617 595 574 585 595 653 710 710 710 591 472 493 513 465 416 364 312 308 304 294 285 267 250 253 255 256 257 247 237 263 290 318 346 379 412 425 438 427 416 380 344 340 336 316 296 342 389 334 278 263 248 234 219 209 198 210 221 211 201
-9999 -9999 -9999 -9999 -9999 -9999 -9999 -9999 -9999 -9999 -9999 -9999 450 450 497 545 747 949 982 1016 952 889 932 975 824 673 673 672 663 653 621 588 591 594 586 579 570 562 570 579 592 605 763 921 921 921 670 418 408 397 376 356 324 292 286 281 265 250 242 234 231 228 241 255 248 241 268 296 333 370 379 389 368 347 386 424 378 331 302 273 268 263 304 345 299 254 250 246 237 229 209 190 192 195 192 190
-9999 -9999 -9999 -9999 -9999 -9999 -9999 -9999 -9999 -9999 -9999 -9999 -9999 -9999 488 507 644 780 830 879 852 825 825 824 744 664 651 638 643 648 619 591 591 590 602 614 592 570 573 576 620 664 809 953 921 890 664 439 424 410 399 388 361 334 302 270 265 260 255 250 242 234 236 238 234 231 243 254 287 321 356 392 362 331 330 328 317 307 301 295 267 238 279 320 280 239 242 244 232 220 204 188 192 196 198 199
-9999 -9999 -9999 -9999 -9999 -9999 -9999 -9999 -9999 -9999 -9999 -9999 -9999 -9999 470 470 541 611 677 742 752 762 717 673 663 654 629 604 623 642 618 593 590 587 618 650 614 577 576 574 649 724 854 985 922 858 659 460 441 422 421 419 398 376 318 259 265 271 269 266 253 241 231 221 221 222 217 213 242 271 333 395 356 316 273 231 257 283 301 318 266 213 255 296 260 224 233 243 227 212 199 186 192 198 203 209
-9999 -9999 -9999 -9999 -9999 -9999 -9999 -9999 -9999 -9999 -9999 -9999 -9999 -9999 476 476 547 618 634 650 688 727 685 644 657 670 646 621 624 627 609 591 587 582 599 615 614 612 617 622 668 715 803 891 877 862 788 713 567 422 416 411 384 356 306 255 268 282 277 272 256 240 232 225 225 226 223 220 244 268 328 387 334 281 247 213 236 259 259 258 232 206 231 256 230 205 212 219 210 200 190 179 187 195 199 202
-9999 -9999 -9999 -9999 -9999 -9999 -9999 -9999 -9999 -9999 -9999 -9999 -9999 -9999 482 482 554 625 591 557 625 692 654 615 651 687 662 637 625 612 601 590 584 578 579 581 614 646 658 669 688 707 752 797 831 866 916 966 694 421 411 402 369 337 293 250 272 294 286 278 259 240 234 228 229 230 228 227 246 266 323 380 313 247 220 194 214 235 216 198 198 198 207 216 201 186 191 195 191 188 180 172 182 193 194 196
-9999 -9999 -9999 -9999 -9999 -9999 -9999 -9999 -9999 -9999 -9999 -9999 -9999 -9999 493 493 540 586 599 613 630 647 655 664 681 697 665 632 620 608 601 594 590 587 603 620 631 642 688 734 708 682 720 758 837 917 922 926 790 654 528 403 360 316 292 269 280 291 280 268 257 246 241 236 238 241 248 255 256 258 320 381 310 240 220 200 207 215 201 187 203 218 212 205 196 187 183 178 177 176 172 167 174 181 183 185
-9999 -9999 -9999 -9999 -9999 -9999 -9999 -9999 -9999 -9999 -9999 -9999 -9999 -9999 504 504 526 547 608 668 635 602 657 713 711 708 667 627 616 605 601 598 597 596 627 659 648 638 718 799 728 658 688 719 843 967 927 887 887 887 646 405 350 295 291 287 288 289 274 258 255 252 248 244 248 252 267 282 266 250 316 382 308 233 219 206 200 195 185 176 207 239 216 194 191 188 175 161 163 164 164 163 166 169 171 174
-9999 -9999 -9999 -9999 -9999 -9999 -9999 -9999 -9999 -9999 -9999 -9999 -9999 538 528 522 537 553 588 622 599 576 603 629 634 639 637 634 626 619 612 605 601 598 614 630 632 634 686 738 694 650 672 694 789 884 848 811 829 847 634 421 364 308 304 300 304 307 286 266 263 260 255 251 252 253 260 267 263 259 286 313 275 237 222 207 210 214 200 187 208 230 206 181 179 177 171 165 166 167 166 165 167 168 170 171
-9999 -9999 -9999 -9999 -9999 -9999 -9999 -9999 -9999 -9999 -9999 -9999 538 538 539 540 549 559 567 576 563 550 548 546 558 571 606 641 637 634 623 612 606 599 600 601 616 630 653 676 660 643 656 669 735 801 769 736 772 807 622 437 379 320 317 314 319 324 299 273 270 267 262 257 256 254 253 251 259 268 256 244 243 242 224 207 220 233 215 198 209 221 195 168 167 165 168 170 170 170 169 168 168 168 168 168
-9999 -9999 -9999 -9999 -9999 -9999 -9999 -9999 -9999 -9999 -9999 -9999 541 541 545 549 554 558 565 571 582 594 588 583 593 604 652 699 673 647 643 639 624 610 608 606 616 627 641 654 646 637 645 652 704 757 739 721 702 684 569 454 453 452 437 422 379 336 304 272 270 268 265 261 260 259 257 256 260 265 259 253 248 243 222 201 207 214 202 190 191 192 180 167 170 172 172 171 171 170 170 169 168 167 166 164
-9999 -9999 -9999 -9999 -9999 -9999 -9999 -9999 -9999 -9999 -9999 -9999 544 544 551 558 558 558 562 565 601 638 629 620 629 637 697 757 709 661 663 665 643 621 615 610 617 624 628 631 631 632 633 634 674 713 709 705 633 561 516 471 527 583 557 531 439 348 309 270 270 270 267 265 264 263 262 260 261 262 261 261 253 245 220 195 195 195 188 181 172 163 165 166 172 179 176 173 172 171 171 171 169 167 164 161
-9999 -9999 -9999 -9999 -9999 -9999 -9999 -9999 -9999 -9999 -9999 -9999 547 547 553 558 560 563 576 590 668 746 713 680 685 689 730 771 747 723 695 668 648 628 623 619 625 631 635 640 643 645 684 722 770 818 761 705 633 560 529 498 569 639 585 531 439 348 312 276 273 270 268 265 264 264 263 262 262 261 255 249 235 221 207 192 188 185 179 173 166 158 159 159 162 166 167 168 167 167 167 167 166 165 160 156
-9999 -9999 -9999 -9999 -9999 -9999 -9999 -9999 -9999 -9999 -9999 -9999 550 550 555 559 563 567 591 615 734 854 797 741 741 741 763 785 785 785 728 670 652 635 631 628 632 637 643 649 654 659 734 810 866 923 814 705 632 559 542 525 610 696 614 531 439 348 314 281 276 271 268 264 264 264 264 264 263 261 248 236 216 197 193 189 182 175 170 164 159 153 153 152 152 153 158 163 163 163 163 163 163 163 157 151
-9999 -9999 -9999 -9999 -9999 -9999 -9999 -9999 -9999 -9999 -9999 -9999 553 553 557 561 582 603 613 623 696 769 760 751 752 753 809 864 808 752 702 651 649 647 650 652 644 636 650 664 666 669 654 639 676 713 665 617 624 631 688 746 731 716 606 497 420 344 316 289 281 272 270 268 266 264 264 264 266 268 257 246 236 226 210 194 182 171 170 169 165 161 161 161 159 156 157 159 156 154 155 157 161 166 158 150
-9999 -9999 -9999 -9999 -9999 -9999 -9999 -9999 -9999 -9999 -9999 -9999 555 555 559 562 600 638 634 630 657 684 722 761 763 765 854 943 831 718 676 633 646 659 668 676 656 635 657 678 679 679 573 468 485 502 515 528 616 703 835 968 852 736 599 462 401 341 319 297 285 274 273 272 268 264 263 263 269 276 265 255 255 255 226 198 182 167 170 173 171 169 170 170 165 159 157 154 150 145 148 151 160 170 160 150
-9999 -9999 -9999 -9999 -9999 -9999 -9999 -9999 -9999 -9999 -9999 -9999 554 554 557 560 598 635 634 633 659 685 715 746 719 691 812 932 831 730 717 704 706 708 682 657 684 712 720 729 758 788 723 659 604 550 564 579 626 673 820 968 813 659 562 465 458 450 399 347 336 325 307 290 276 263 257 252 249 246 244 241 240 239 220 202 193 185 187 189 184 178 179 179 170 160 155 150 148 146 147 149 153 158 152 147
-9999 -9999 -9999 -9999 -9999 -9999 -9999 -9999 -9999 -9999 -9999 -9999 552 552 555 558 595 633 634 635 660 686 708 731 674 618 769 920 831 743 759 776 766 757 697 637 713 788 784 779 838 897 874 851 724 597 613 630 636 642 805 968 774 581 525 468 514 561 479 397 387 376 342 308 284 261 251 241 228 216 222 227 225 222 214 206 204 202 204 205 196 187 187 188 174 161 153 146 146 146 146 147 146 146 145 144
-9999 -9999 -9999 -9999 -9999 -9999 -9999 -9999 -9999 -9999 -9999 -9999 545 545 547 549 576 602 611 619 630 642 659 675 676 677 742 807 764 721 698 675 664 653 664 676 689 702 724 747 791 834 867 901 746 591 589 586 596 605 689 773 646 520 484 448 481 514 470 426 418 410 381 353 308 262 262 262 249 235 223 211 211 211 212 213 207 201 203 205 196 186 186 186 178 170 162 153 150 147 146 145 141 137 137 137
-9999 -9999 -9999 -9999 -9999 -9999 -9999 -9999 -9999 -9999 -9999 -9999 538 538 539 540 556 572 587 602 600 598 609 619 678 737 716 694 697 700 637 574 561 549 632 715 665 616 665 714 743 772 861 951 768 585 564 543 555 567 573 578 518 458 443 428 448 468 461 455 449 443 421 398 331 263 273 283 269 255 225 196 198 200 210 219 209 199 202 205 195 184 184 183 182 180 170 160 154 147 145 144 136 128 129 131
-9999 -9999 -9999 -9999 -9999 -9999 -9999 -9999 -9999 -9999 -9999 -9999 531 531 531 531 553 576 592 609 588 567 611 654 688 722 690 658 640 623 619 615 629 644 657 670 688 705 702 699 709 720 785 850 784 718 694 670 622 574 581 588 534 481 460 439 448 457 448 438 426 414 394 373 351 328 305 283 269 255 228 201 206 211 206 201 200 198 195 192 187 182 182 183 181 179 172 165 156 147 142 136 129 122 122 121
-9999 -9999 -9999 -9999 -9999 -9999 -9999 -9999 -9999 -9999 -9999 -9999 523 523 522 521 550 579 598 616 576 537 613 690 698 707 664 622 584 546 601 655 697 739 682 626 710 794 739 684 676 668 709 750 801 852 825 798 689 580 589 598 551 503 477 450 448 447 435 422 404 385 367 348 370 392 338 283 269 255 230 206 213 221 202 183 190 197 188 179 179 179 181 183 181 178 174 169 158 148 138 129 122 116 114 111
-9999 -9999 -9999 -9999 -9999 -9999 -9999 -9999 -9999 -9999 -9999 -9999 -9999 -9999 516 512 529 546 577 608 579 550 604 658 690 721 657 593 568 543 588 633 681 730 718 707 751 795 763 730 739 747 794 840 853 865 788 711 644 576 565 554 518 483 498 512 498 484 475 465 456 447 394 341 357 373 321 270 259 247 239 231 233 234 228 221 219 216 205 194 186 178 182 187 180 174 174 174 167 160 148 136 128 120 117 114
-9999 -9999 -9999 -9999 -9999 -9999 -9999 -9999 -9999 -9999 -9999 -9999 -9999 -9999 504 504 509 513 556 599 581 563 595 626 681 736 650 565 552 539 575 610 665 721 754 788 792 796 786 777 802 827 878 930 904 879 752 625 598 572 540 509 486 462 519 575 548 521 515 508 508 508 421 334 344 354 305 257 248 240 248 256 252 247 254 260 248 235 223 210 193 177 184 191 180 170 175 180 177 173 158 143 133 123 120 117
-9999 -9999 -9999 -9999 -9999 -9999 -9999 -9999 -9999 -9999 -9999 -9999 -9999 -9999 -9999 -9999 500 498 531 564 565 566 587 608 651 694 628 563 555 546 579 611 634 657 722 788 815 842 812 782 811 841 875 908 902 895 796 697 636 575 539 504 485 465 485 505 492 478 467 456 447 438 390 342 343 344 309 275 274 273 267 260 252 244 260 275 252 228 217 206 189 172 171 170 168 166 170 173 179 184 192 199 170 142 139 137
-9999 -9999 -9999 -9999 -9999 -9999 -9999 -9999 -9999 -9999 -9999 -9999 -9999 -9999 -9999 -9999 483 483 505 528 548 569 579 589 620 651 607 562 558 554 582 611 603 594 691 787 838 888 837 787 821 855 871 886 899 912 841 770 674 578 539 500 484 468 452 436 436 436 420 405 386 368 359 349 341 334 313 293 300 307 286 264 252 240 266 291 256 221 212 202 184 167 158 150 157 163 165 167 181 195 225 256 208 160 158 156
-9999 -9999 -9999 -9999 -9999 -9999 -9999 -9999 -9999 -9999 -9999 -9999 -9999 -9999 -9999 -9999 489 489 509 529 557 584 574 563 584 605 574 544 550 556 581 606 604 601 656 712 784 856 855 854 869 884 881 879 878 878 845 812 699 586 549 511 495 479 458 436 429 421 426 430 408 385 369 353 354 355 357 358 363 367 323 280 274 268 273 278 245 213 200 188 181 175 167 159 158 156 162 167 178 188 203 218 231 245 229 213
-9999 -9999 -9999 -9999 -9999 -9999 -9999 -9999 -9999 -9999 -9999 -9999 -9999 -9999 -9999 -9999 494 494 513 531 565 599 568 537 547 558 542 527 542 558 579 601 605 608 622 636 730 824 873 922 917 913 892 871 857 844 849 854 725 595 559 523 507 490 464 437 422 407 431 456 429 401 379 357 367 377 400 424 425 426 361 295 295 295 280 265 235 204 189 174 178 183 175 168 159 149 159 168 174 180 180 180 255 329 300 271
-9999 -9999 -9999 -9999 -9999 -9999 -9999 -9999 -9999 -9999 -9999 -9999 -9999 -9999 -9999 -9999 493 493 504 515 540 566 551 537 536 535 535 535 545 556 568 580 582 583 617 650 710 770 821 873 856 838 843 848 820 792 770 748 653 558 539 520 513 507 496 485 502 520 501 482 465 447 445 442 435 429 437 446 425 403 357 310 287 264 251 239 223 207 200 194 199 204 201 197 187 177 175 173 213 254 257 260 303 346 344 342
-9999 -9999 -9999 -9999 -9999 -9999 -9999 -9999 -9999 -9999 -9999 -9999 -9999 -9999 -9999 -9999 491 491 495 499 516 532 535 537 525 512 527 542 548 554 557 560 559 558 612 665 690 715 769 824 794 764 795 825 782 739 691 642 581 520 518 517 520 524 528 533 583 633 570 508 501 493 511 528 504 481 475 468 424 380 353 325 279 233 223 212 211 210 212 213 220 226 226 226 216 206 192 178 253 327 333 339 351 362 388 414
-9999 -9999 -9999 -9999 -9999 -9999 -9999 -9999 -9999 -9999 -9999 -9999 -9999 -9999 -9999 -9999 -9999 -9999 496 498 507 516 522 528 524 519 527 534 541 548 548 547 551 554 599 644 656 669 711 754 766 778 818 857 831 804 713 623 580 537 542 548 545 541 607 672 684 696 653 610 559 509 504 498 481 463 449 436 401 366 346 327 300 272 248 223 217 210 217 225 223 221 219 216 242 268 283 299 347 395 387 379 371 364 366 369
-9999 -9999 -9999 -9999 -9999 -9999 -9999 -9999 -9999 -9999 -9999 -9999 -9999 -9999 -9999 -9999 -9999 -9999 496 496 498 500 509 518 522 527 527 527 535 543 539 535 542 549 587 624 623 622 653 684 737 791 841 890 880 869 736 603 579 554 566 579 569 559 685 811 785 758 735 712 618 524 497 469 457 445 424 403 377 351 340 329 320 311 273 234 222 210 223 236 226 216 211 206 268 329 374 419 441 462 440 418 392 366 345 324
