homework/Homework_5_files/or_precip_1983_06.asc
ncols 407
nrows 229
xllcorner -124.73958333333
yllcorner 41.73958333333
cellsize 0.02083333333
NODATA_value -9999
[rows 141 to 187 of 229, columns 192 to 287 of 407]
24 25 27 29 30 31 33 36 35 35 35 35 36 37 38 39 41 42 44 46 46 47 45 44 44 43 42 42 41 40 37 35 34 32 31 30 26 23 22 21 20 19 19 19 17 16 15 14 13 13 13 13 13 13 13 13 13 12 12 12 12 12 12 12 12 13 13 13 13 13 13 12 12 12 12 12 12 12 12 11 11 11 11 10 10 10 10 11 11 11 11 11 11 11 11 11
23 25 28 31 31 32 35 38 37 36 35 35 36 36 37 38 39 41 42 44 45 46 45 44 43 42 41 40 39 39 36 33 33 33 32 32 29 25 23 21 20 19 18 18 16 14 13 13 12 12 12 12 12 12 12 12 12 12 12 12 12 12 12 12 12 12 12 12 12 12 12 12 12 12 12 12 12 12 11 11 11 11 11 11 10 10 11 11 11 11 11 11 11 11 11 12
22 23 25 27 29 31 33 35 34 34 34 35 36 37 38 38 38 38 40 42 44 45 43 42 41 40 39 38 38 37 35 32 32 33 31 29 27 24 22 20 19 18 17 16 15 13 13 13 12 12 12 12 12 12 12 12 12 12 12 12 12 12 12 12 12 12 12 12 12 12 12 12 12 12 12 11 11 11 11 11 11 11 11 11 11 11 11 11 11 11 11 11 11 11 12 12
21 20 21 22 26 30 31 32 32 32 33 34 36 38 38 39 37 36 38 41 42 43 42 40 39 38 37 36 36 35 33 31 32 33 29 25 25 24 22 20 18 17 16 15 14 13 12 12 12 12 12 11 11 12 12 12 12 12 12 12 12 12 12 12 12 12 12 12 12 12 12 12 12 11 11 11 11 11 11 11 11 11 11 11 11 11 11 11 11 11 11 11 11 12 12 12
20 20 20 21 25 28 28 27 28 29 31 33 35 37 37 36 36 35 36 36 38 40 39 38 38 37 36 36 35 35 34 32 32 31 27 24 23 23 21 20 18 17 16 15 14 13 12 12 12 12 11 11 11 11 11 11 11 11 11 12 11 11 11 11 11 11 11 11 12 12 12 12 12 12 12 11 11 11 11 11 11 11 11 11 11 11 11 12 12 12 12 12 12 12 12 12
19 19 19 20 23 26 24 22 24 25 28 31 33 35 35 34 34 34 33 31 34 37 37 37 36 36 36 35 35 34 34 34 31 28 26 23 22 22 21 21 19 16 16 15 14 13 12 11 11 11 11 11 11 11 11 11 11 11 11 11 11 11 11 11 11 11 11 11 11 11 11 11 12 12 12 12 12 12 12 11 11 11 11 11 11 11 12 12 12 12 12 12 12 12 13 13
18 19 19 19 21 23 22 21 22 23 25 27 30 33 32 31 31 30 30 31 32 34 34 34 34 34 33 33 32 31 31 31 30 30 26 22 21 21 21 20 19 17 16 16 15 14 13 12 12 11 11 11 11 11 11 11 11 11 11 11 11 10 10 10 11 11 11 11 11 11 11 11 11 12 12 12 12 12 12 12 12 12 12 12 12 12 12 12 12 13 13 13 13 13 13 13
18 18 18 19 19 19 20 20 21 21 22 23 27 30 29 28 27 26 28 30 31 32 31 31 31 31 31 30 29 29 28 28 29 31 26 21 21 21 20 19 19 18 17 17 15 14 13 12 12 11 11 11 11 11 11 11 11 11 10 10 10 10 10 10 10 10 10 10 10 11 11 11 11 12 12 12 12 12 12 12 12 12 12 12 12 12 12 13 13 13 13 13 13 13 13 13
17 18 18 18 19 19 19 20 20 20 21 22 24 26 26 25 25 24 27 30 31 31 30 30 30 30 30 30 28 27 26 26 27 29 25 21 21 21 20 20 19 18 18 17 16 15 14 12 12 12 12 11 11 11 11 11 11 10 10 10 10 9 9 9 9 9 9 9 10 10 10 10 11 11 11 12 12 12 12 12 12 12 12 12 12 12 13 13 13 13 13 13 13 13 13 13
17 17 18 18 18 18 18 19 19 20 20 20 21 22 22 22 22 23 26 30 30 30 29 28 29 30 29 29 27 25 24 24 25 27 24 21 21 21 21 20 19 19 18 18 17 16 14 13 12 12 12 12 11 11 11 11 10 10 10 10 9 9 9 9 9 9 9 9 9 9 9 9 10 11 11 11 12 12 12 12 12 12 12 12 12 13 13 13 13 13 13 13 13 13 14 14
16 17 17 17 18 18 18 18 18 19 19 20 20 20 20 20 22 24 26 27 28 28 27 26 27 27 27 27 26 24 24 23 24 25 23 21 21 22 21 21 20 20 19 19 18 17 15 14 13 12 12 12 12 11 11 11 10 10 10 10 9 9 9 9 9 8 8 8 9 9 9 9 10 11 11 11 11 11 12 12 12 13 13 13 13 13 13 13 13 13 13 13 13 13 14 14
16 17 17 17 17 17 17 18 18 18 19 19 19 19 18 18 22 25 25 25 25 25 24 24 24 25 25 25 24 24 23 23 23 24 22 21 22 22 21 21 21 22 21 19 19 18 16 14 14 13 13 12 12 11 11 11 10 10 10 9 9 9 9 8 8 8 8 8 8 8 9 9 10 10 11 11 11 11 12 12 12 13 13 13 13 14 14 13 13 13 13 13 13 13 14 14
16 16 16 16 17 17 17 17 17 17 17 18 18 18 18 18 21 24 24 23 23 24 23 23 23 23 23 23 23 22 22 21 22 22 22 21 21 21 21 21 21 21 20 20 19 18 16 15 14 13 13 12 12 11 11 11 10 10 10 9 9 9 9 8 8 8 8 8 8 8 9 9 9 10 11 11 12 12 12 13 13 14 14 14 14 14 14 14 13 13 13 13 13 13 13 14
15 16 16 16 16 16 16 16 16 16 16 16 17 17 18 18 20 23 22 22 22 22 22 22 22 22 22 22 21 21 20 20 20 21 21 21 21 21 21 20 20 21 20 20 19 19 17 15 14 14 13 13 12 12 11 11 10 10 10 9 9 9 9 8 8 8 8 8 8 8 8 9 9 10 10 11 12 13 13 14 14 15 15 15 15 14 14 14 13 13 13 13 13 13 13 13
15 16 16 16 16 16 16 16 16 16 16 16 17 17 17 17 19 21 21 21 21 21 21 21 21 22 21 21 21 20 20 19 20 20 20 20 20 20 20 20 20 20 20 20 19 19 17 16 15 14 13 13 12 12 11 11 10 10 10 10 9 9 9 8 8 8 8 8 8 8 9 9 9 10 11 11 12 13 14 14 15 15 16 16 15 15 15 14 14 13 13 13 13 13 14 15
15 16 16 16 16 16 16 16 16 16 16 16 17 17 17 17 17 18 19 20 20 21 21 20 21 21 21 21 20 20 19 19 19 19 19 20 20 20 20 20 20 20 20 20 19 19 18 17 16 14 14 13 13 12 12 11 11 10 10 10 9 9 9 9 9 8 8 8 9 9 9 9 9 10 11 12 13 13 14 15 16 16 16 16 16 16 15 15 14 13 13 13 13 13 15 16
15 16 16 16 16 16 16 16 16 16 16 16 17 17 17 17 17 18 18 19 20 20 20 20 20 21 21 21 20 20 19 19 18 18 18 18 19 19 20 20 20 20 21 21 20 19 18 17 16 15 14 14 14 13 13 13 12 12 11 10 10 9 9 9 9 9 9 9 9 9 9 10 10 11 12 13 13 14 15 16 17 17 17 18 17 17 17 16 16 15 15 15 15 16 17 18
15 16 16 16 16 16 16 16 16 16 16 16 17 17 17 17 17 17 18 18 19 20 20 20 20 20 20 20 20 20 19 18 17 17 17 16 17 18 19 20 20 21 21 22 21 19 18 17 16 15 15 15 14 14 14 15 14 14 12 11 10 10 9 9 9 9 9 9 9 9 10 10 11 12 12 13 14 15 16 17 17 18 18 19 19 18 18 17 17 17 16 16 17 18 19 20
16 16 16 17 17 17 17 16 17 18 17 17 17 17 17 17 18 18 18 19 20 20 20 20 20 21 21 21 21 20 19 18 18 17 17 17 17 18 19 20 20 21 21 22 21 20 19 18 17 16 15 15 15 15 15 15 14 14 13 12 12 11 11 10 10 10 11 11 12 12 12 12 13 14 14 15 16 17 17 18 19 19 20 20 20 20 20 20 20 20 20 20 21 21 22 23
16 16 17 17 18 18 17 17 18 20 19 17 17 17 17 17 18 19 19 19 20 21 21 21 21 21 21 22 21 21 20 19 18 17 17 18 18 18 18 19 20 21 21 22 21 20 19 19 18 16 16 16 16 17 16 15 15 14 14 14 13 12 12 11 11 11 13 14 14 14 14 14 15 16 16 16 17 18 18 19 20 21 21 22 22 22 23 23 23 23 23 24 24 25 25 25
17 17 17 18 18 18 18 17 18 19 18 17 17 16 17 18 19 20 20 19 20 21 21 21 21 21 21 22 21 21 21 20 19 19 18 18 18 18 19 20 20 20 20 21 20 19 19 18 18 17 17 17 17 17 17 16 16 15 15 14 14 13 13 13 13 13 14 14 15 15 16 16 17 19 19 20 20 20 21 21 22 23 24 25 26 27 27 26 27 27 27 27 27 27 27 26
18 18 18 18 18 18 18 18 18 18 17 17 16 16 17 18 19 21 20 19 20 22 21 21 21 21 22 22 22 21 21 21 20 20 19 18 18 17 19 20 20 19 20 20 19 19 18 18 18 17 18 18 18 18 17 17 16 16 15 15 15 14 14 14 14 15 15 14 15 17 17 18 19 21 22 23 22 22 23 23 24 25 27 28 29 31 30 30 30 31 31 30 30 30 29 27
18 18 18 19 18 18 18 18 17 17 17 17 16 16 18 19 20 21 20 20 20 21 21 22 22 21 21 21 21 21 21 20 20 19 18 18 18 18 19 20 20 19 19 19 19 18 18 18 18 18 18 18 18 18 18 18 17 16 16 15 15 15 15 15 15 15 16 17 17 18 18 18 21 24 24 25 25 25 25 25 26 27 28 30 31 32 32 32 32 32 32 31 31 30 29 27
18 18 19 19 19 18 18 18 17 16 16 17 17 17 19 21 21 21 21 20 20 20 21 22 22 21 21 21 21 21 21 20 19 18 18 18 18 18 18 19 19 20 19 19 19 18 18 18 18 18 18 18 18 19 18 18 18 17 17 16 16 15 16 16 16 16 18 20 19 19 19 19 23 27 27 27 27 28 28 28 28 28 30 31 32 33 33 33 33 33 32 32 31 30 29 27
17 18 17 17 17 17 17 17 16 16 16 17 18 19 20 21 21 21 21 21 21 21 21 21 21 20 20 20 20 20 20 20 19 18 18 18 18 18 19 19 20 20 20 20 19 18 18 18 18 18 19 20 20 20 19 19 19 18 18 17 17 16 17 18 18 18 19 20 20 20 21 22 24 27 28 29 29 29 29 29 30 30 31 32 33 34 34 34 34 34 33 32 30 28 27 26
17 17 16 15 15 15 15 16 15 15 16 17 19 21 21 22 21 21 21 21 21 21 21 21 19 18 19 20 20 20 20 19 19 18 18 18 18 18 19 20 20 20 20 20 19 18 18 18 18 19 20 22 21 21 20 20 19 19 19 18 18 17 19 21 20 20 20 19 20 20 23 25 26 26 29 32 31 30 31 31 31 31 32 33 34 35 35 35 35 34 33 31 29 26 25 24
16 16 15 15 15 16 16 17 17 17 17 18 19 21 21 22 22 21 21 21 21 21 21 20 19 18 19 20 20 20 20 19 19 19 18 18 19 19 20 20 20 20 20 20 20 19 19 18 18 19 20 21 21 20 20 19 19 19 19 19 20 20 21 22 21 20 20 20 21 23 23 23 24 24 27 30 31 32 32 32 32 32 33 34 35 36 36 36 34 33 32 30 28 26 26 25
14 15 15 15 16 16 17 18 19 19 19 19 20 21 21 22 22 22 21 21 21 21 20 19 19 18 19 20 20 20 20 19 19 19 19 19 20 21 21 21 21 20 20 20 20 20 19 19 19 19 20 21 20 20 20 19 19 18 20 21 22 23 23 23 22 20 20 20 23 26 23 21 22 22 25 28 31 33 33 33 33 33 34 34 35 37 36 36 34 32 31 30 28 27 26 26
14 15 15 15 15 16 18 20 19 18 19 19 20 21 21 21 22 22 22 22 22 22 21 20 19 19 20 20 20 20 19 19 19 19 19 19 22 25 23 21 21 21 21 20 21 21 20 19 19 20 20 21 20 20 20 19 20 20 21 22 21 21 21 21 20 20 20 20 21 23 22 21 22 22 23 25 29 33 33 33 32 32 33 34 36 37 37 38 35 32 30 29 28 28 28 28
14 15 15 15 15 16 18 21 20 18 19 20 21 22 22 21 22 23 23 24 23 23 22 20 20 20 20 20 20 20 19 18 18 18 19 19 24 29 25 22 21 21 21 21 21 22 20 19 20 21 21 20 20 20 19 19 20 22 22 23 21 19 19 19 19 19 19 19 20 21 21 21 22 22 22 22 27 32 32 32 32 31 33 34 36 37 39 40 36 31 30 29 29 29 29 29
15 15 15 15 15 16 18 20 21 22 21 20 22 23 23 23 23 24 24 24 23 23 22 22 21 21 20 20 20 20 19 19 19 19 19 19 22 26 24 22 21 21 21 21 21 21 20 19 20 20 20 20 20 20 19 19 19 20 21 21 20 19 20 20 20 20 20 20 21 21 22 22 23 23 24 24 28 32 32 32 33 34 35 36 37 39 39 40 36 32 31 30 30 31 31 32
15 15 15 15 16 16 18 20 23 26 23 21 23 25 25 25 25 24 24 24 23 23 23 23 22 21 21 20 20 20 19 19 19 19 19 19 21 22 22 22 21 21 21 21 21 21 20 20 20 20 20 20 20 19 19 18 18 18 19 20 19 19 20 21 21 21 21 21 21 22 22 23 24 24 25 26 29 33 33 33 34 36 37 38 39 40 40 40 36 32 31 31 32 33 34 34
15 14 15 15 17 19 21 24 25 26 27 28 27 25 27 28 28 27 27 27 27 27 27 27 25 22 22 21 20 20 19 19 19 19 19 19 21 22 22 22 22 21 21 21 21 22 21 20 19 19 19 19 19 19 19 19 19 19 19 20 20 20 20 21 21 21 21 21 22 22 23 23 24 24 25 26 28 30 32 33 34 36 37 39 40 40 40 39 36 33 32 32 34 35 36 37
15 14 15 16 19 22 25 28 27 26 31 36 31 26 29 31 30 30 30 30 31 31 32 32 28 23 22 21 21 20 20 19 19 19 19 20 21 22 22 22 22 22 22 21 22 22 21 19 19 19 19 19 19 19 19 19 19 19 19 20 20 20 21 21 21 21 21 21 22 22 23 23 24 24 25 27 27 28 30 33 34 35 37 40 40 41 39 37 35 33 34 34 35 37 38 39
15 15 18 20 22 24 26 29 29 30 34 39 36 33 33 33 33 34 33 33 32 31 32 32 30 27 25 22 21 21 20 19 19 19 19 20 21 22 22 22 22 22 22 22 22 23 21 20 19 19 19 19 19 19 19 19 19 19 19 20 20 20 21 21 21 21 22 22 22 22 23 23 24 24 25 26 27 28 29 30 34 37 38 39 40 41 39 36 35 33 34 35 36 38 39 40
16 16 20 25 25 26 28 30 32 34 38 42 40 39 37 35 36 38 37 36 34 31 31 32 32 31 27 22 22 22 21 20 20 19 20 20 21 22 22 22 22 22 22 22 22 23 22 21 20 18 18 19 19 19 19 19 19 19 19 19 20 20 20 21 21 21 22 23 22 22 23 23 23 24 24 25 26 27 28 28 33 38 39 39 40 41 38 35 34 33 34 36 37 39 40 42
17 17 21 25 27 29 31 32 35 38 40 42 42 43 41 38 40 41 39 36 36 36 33 31 30 30 26 22 22 22 21 20 20 20 20 20 21 21 21 21 22 23 23 22 22 22 21 20 20 19 18 18 18 18 18 19 19 19 19 19 20 20 21 21 21 21 21 22 22 22 22 22 23 23 25 26 26 27 29 32 35 38 38 38 39 39 39 38 37 35 36 37 38 40 41 43
18 18 22 25 29 32 33 35 38 42 42 42 44 47 44 42 43 44 40 37 38 40 35 30 29 29 26 23 23 23 21 20 20 20 20 21 20 20 21 21 23 24 23 23 22 22 21 20 19 19 18 18 18 17 18 19 19 19 19 19 20 20 21 21 21 21 21 21 21 22 21 21 22 23 25 27 27 27 31 35 36 37 38 38 38 38 40 42 39 37 37 38 39 41 42 44
19 22 25 29 31 33 35 37 40 43 43 43 44 45 45 45 45 46 43 41 41 41 35 29 29 28 26 23 23 23 22 21 21 20 20 21 20 20 20 20 21 23 22 21 21 21 20 19 18 18 18 17 17 17 17 18 18 19 19 19 19 20 20 20 20 20 20 20 20 21 21 21 22 23 24 25 28 31 33 35 35 36 36 37 37 38 40 41 40 39 38 38 39 41 43 45
20 25 29 33 33 34 36 39 41 44 43 43 43 43 45 47 47 47 46 45 44 42 35 28 28 27 25 23 23 23 23 22 21 20 20 20 20 20 19 19 20 21 21 20 20 20 19 17 17 16 17 17 17 17 17 16 17 18 19 19 19 19 19 20 19 19 19 19 20 20 20 21 22 23 23 24 29 34 34 34 34 35 35 36 37 38 39 41 41 42 40 37 39 41 44 47
22 25 29 33 37 41 42 43 44 44 44 44 44 44 45 46 47 48 46 45 43 41 36 31 28 26 25 24 23 23 23 23 22 21 21 21 20 19 19 19 20 21 20 20 19 18 18 17 17 17 17 17 18 18 17 17 17 17 18 18 18 19 19 19 19 19 19 19 19 20 20 20 21 22 24 26 30 34 34 34 34 34 35 36 38 39 40 41 41 41 40 39 40 41 44 46
23 26 29 33 41 49 48 47 46 45 45 44 44 44 45 45 47 49 47 45 42 40 37 34 29 24 24 24 23 23 24 24 23 22 21 21 20 19 19 19 19 20 20 20 19 17 17 17 17 17 18 18 18 18 17 17 16 16 17 18 18 18 19 19 19 18 18 19 19 19 20 20 21 21 25 29 31 33 33 34 34 34 36 37 38 39 40 41 41 40 40 40 41 41 44 46
29 30 33 37 43 49 49 50 48 47 46 45 44 44 45 45 48 50 48 46 42 38 34 31 28 26 25 24 26 28 26 25 24 24 22 20 19 18 18 18 19 19 19 19 18 17 17 17 17 17 17 18 18 18 17 16 17 17 18 18 17 16 17 18 18 18 19 21 21 20 21 21 21 22 25 29 31 33 33 34 34 34 35 36 38 40 40 41 41 41 41 41 41 42 43 44
34 34 37 40 44 48 50 52 50 48 47 45 44 44 44 44 48 52 50 48 42 37 32 27 27 27 25 23 28 33 29 25 26 27 23 19 18 17 17 17 18 19 18 18 18 17 17 17 17 17 17 18 18 17 17 16 17 18 19 19 17 14 15 16 17 18 20 23 22 21 22 22 22 22 26 29 31 33 33 33 34 34 35 36 38 40 40 40 40 41 41 41 42 42 43 43
35 36 37 39 43 47 50 52 52 51 47 44 43 43 43 43 45 48 46 45 40 35 32 28 28 28 30 32 32 33 30 27 26 25 22 18 17 17 17 18 18 18 18 18 18 17 17 17 17 17 17 18 17 17 16 16 17 18 18 19 17 16 16 17 18 19 21 22 22 21 22 22 22 21 25 28 29 30 32 33 33 34 34 35 37 39 40 41 41 41 42 42 42 43 43 42
35 38 38 38 42 46 50 53 53 53 48 42 42 42 42 41 42 43 43 42 38 34 31 28 28 28 34 40 37 34 31 28 26 23 20 17 17 17 17 18 18 17 18 18 17 17 17 17 17 17 17 18 17 17 16 15 17 18 18 18 18 18 17 17 19 21 21 21 22 22 22 21 21 20 24 27 27 27 30 33 33 33 34 35 37 39 40 42 42 42 42 43 43 43 43 42
37 38 38 38 41 45 47 49 51 53 48 42 42 41 41 40 40 40 39 38 35 33 31 29 29 29 34 38 36 33 30 28 24 21 20 18 17 17 17 17 17 17 17 17 17 17 17 17 16 16 17 17 17 16 16 16 16 17 17 18 18 18 18 18 20 21 21 21 21 22 22 22 22 22 23 25 27 29 31 33 33 33 34 34 36 37 40 42 42 42 43 43 43 44 43 43
