homework/Homework_5_files/or_precip_1983_08.asc
ncols 407
nrows 229
xllcorner -124.73958333333
yllcorner 41.73958333333
cellsize 0.02083333333
NODATA_value -9999
[rows 48 to 95 of 229, columns 96 to 191 of 407]
54 53 52 51 52 52 55 57 58 59 59 60 60 60 60 60 60 60 59 59 59 59 60 61 61 62 63 63 64 65 65 64 62 60 61 61 64 66 64 63 67 71 69 67 68 69 62 55 62 69 66 64 59 53 53 53 57 61 64 67 61 55 50 46 44 41 38 35 37 40 38 36 36 36 38 39 35 31 31 31 28 25 25 25 21 18 18 18 17 16 15 13 15 17 17 18
55 56 54 53 53 54 56 58 59 61 61 61 61 61 61 60 60 60 60 59 59 59 60 60 61 61 62 62 63 63 63 63 63 62 62 63 65 68 66 64 66 68 66 65 66 66 64 62 66 70 67 65 62 59 58 56 58 60 60 60 57 54 51 48 44 40 37 34 35 35 36 36 36 36 36 35 33 31 30 29 27 25 26 26 24 22 20 18 17 16 15 14 16 18 17 17
57 58 56 55 55 55 57 58 60 62 62 61 61 61 61 61 61 60 60 60 60 60 60 60 61 61 61 62 61 61 62 62 63 64 64 65 67 69 67 64 64 64 64 64 64 63 66 68 69 70 68 66 66 65 62 59 59 59 57 54 53 52 51 49 44 38 36 34 32 31 33 35 36 36 34 32 31 30 29 27 27 26 27 28 27 27 23 18 17 15 15 15 17 18 17 16
58 59 57 56 57 57 58 59 61 62 62 61 61 61 61 61 61 61 61 61 60 60 60 60 60 60 61 61 61 61 61 62 62 63 63 64 65 65 65 64 64 63 63 63 62 60 64 68 69 70 70 70 71 72 66 60 61 62 60 58 55 52 49 47 43 39 36 33 31 29 30 31 32 33 32 31 31 30 29 27 25 24 26 29 28 27 23 20 17 15 16 17 19 20 19 18
59 60 58 57 58 60 60 60 61 62 61 61 61 61 61 61 61 61 61 61 61 61 60 60 60 60 60 60 60 60 61 61 62 62 62 63 62 62 63 64 63 62 62 62 60 57 63 68 69 71 72 73 76 78 69 61 62 64 63 62 56 51 48 45 42 39 36 32 30 27 27 27 28 29 30 31 31 31 29 27 24 21 25 29 29 28 24 21 18 15 17 19 20 22 21 20
59 60 62 64 63 61 61 61 62 62 62 62 61 61 61 61 61 61 61 61 61 61 60 60 60 59 60 60 60 60 60 61 61 61 62 62 61 60 60 60 59 58 59 60 58 55 60 65 67 69 72 74 75 75 67 59 60 61 61 62 56 51 46 41 39 37 33 30 28 26 26 25 26 27 27 27 27 27 25 24 22 21 24 27 25 24 21 19 17 15 17 19 20 22 21 21
60 61 66 71 67 63 63 62 63 63 63 62 62 61 61 61 61 61 61 62 61 61 60 60 59 59 59 59 59 59 60 60 61 61 61 62 59 57 56 55 55 55 56 58 55 53 58 62 65 67 71 75 74 73 65 58 58 58 60 62 56 50 44 37 36 35 31 27 26 25 25 24 25 26 24 22 22 22 21 21 21 21 23 24 22 21 19 17 17 16 18 19 20 21 21 21
62 64 66 69 67 65 64 63 63 63 63 62 62 61 61 61 61 62 62 62 61 61 60 59 59 58 58 58 58 59 62 66 69 71 67 62 60 57 56 56 55 55 54 54 53 51 55 58 58 57 58 58 58 58 55 52 53 54 56 59 53 47 41 36 34 32 29 26 25 24 24 24 24 24 23 22 20 18 19 19 20 21 22 22 21 19 19 18 18 19 19 20 20 21 21 20
64 67 67 66 66 66 66 65 64 63 63 62 62 62 62 62 62 62 62 62 61 61 60 59 58 57 57 57 58 58 65 72 77 81 72 63 60 57 56 56 55 55 52 50 50 50 52 54 50 47 44 40 42 44 45 45 48 50 53 56 49 43 39 34 32 29 26 24 24 24 24 23 23 22 22 22 18 15 16 18 19 21 21 21 19 18 19 20 20 21 21 21 20 20 20 20
63 64 64 65 65 65 64 64 64 63 63 62 62 62 62 62 62 62 63 63 63 64 61 58 57 56 57 57 57 57 64 71 75 79 71 63 61 59 58 58 56 54 53 52 53 55 56 57 53 50 47 43 42 41 43 44 47 50 45 41 37 34 32 30 28 27 26 24 24 23 23 22 22 22 20 19 16 14 15 16 18 20 20 19 19 19 19 20 21 22 22 22 21 21 21 21
61 60 61 63 63 63 63 63 63 63 63 62 62 62 62 63 63 63 64 64 65 66 62 58 56 55 56 57 56 56 63 70 73 76 69 63 62 61 60 60 56 53 53 53 57 60 60 59 56 53 49 46 42 38 41 43 47 50 38 26 25 24 25 25 25 25 25 24 23 22 22 22 22 22 19 15 15 14 15 15 17 18 18 18 19 21 20 19 21 23 23 23 22 22 22 22
59 58 59 60 61 62 62 62 62 62 62 62 62 62 63 63 63 63 64 65 65 65 62 58 57 55 57 59 61 63 67 70 71 72 68 63 60 56 56 56 57 58 59 59 60 60 60 61 58 56 52 49 43 36 38 39 40 40 33 26 26 25 26 26 26 26 25 25 23 22 22 22 21 21 19 18 17 16 15 14 14 14 15 16 19 22 22 21 22 23 23 23 23 22 22 22
57 57 57 57 58 60 60 61 61 61 61 62 62 63 63 63 63 63 64 66 65 64 61 58 57 56 58 61 66 70 70 71 70 69 66 63 57 52 52 52 57 63 64 65 63 60 61 62 60 59 55 52 43 34 35 35 33 31 29 27 27 27 27 27 26 26 26 25 24 22 22 22 21 20 20 20 18 17 15 13 11 10 13 15 19 23 23 23 23 23 23 23 23 23 23 22
57 56 56 57 58 59 59 60 60 60 61 61 62 62 63 64 63 62 63 65 64 64 61 59 58 57 59 61 62 63 66 68 66 65 63 61 56 51 54 56 59 63 64 66 65 65 65 66 64 62 61 59 47 36 34 33 31 30 30 29 29 29 28 28 29 30 29 27 25 23 23 22 22 21 21 21 20 19 16 13 13 13 15 16 20 23 23 23 23 23 23 23 23 23 22 21
56 56 56 56 57 58 58 59 59 60 60 60 61 62 63 64 63 61 62 64 63 63 61 59 59 59 60 62 59 57 61 65 63 61 60 59 55 51 55 59 61 63 64 66 67 69 70 70 68 66 66 66 52 37 34 31 30 29 30 31 31 30 30 30 32 34 32 30 27 23 23 23 23 22 22 22 22 21 18 14 15 16 17 18 20 22 23 23 23 23 23 24 23 23 22 20
57 57 57 57 57 58 59 59 59 60 60 60 61 62 63 63 63 63 64 66 66 67 65 63 62 61 59 57 55 53 54 55 56 58 57 57 55 53 57 61 64 68 73 78 78 79 76 74 71 67 64 60 51 41 39 36 32 29 30 31 32 34 34 34 35 35 33 31 28 26 25 25 25 24 23 22 22 22 18 15 15 15 17 20 21 22 23 24 24 24 23 23 22 21 21 20
57 57 57 57 58 58 59 59 59 59 60 60 61 61 62 62 63 65 66 68 69 71 69 68 66 64 58 52 51 49 47 45 50 54 55 56 55 55 59 63 67 72 81 90 89 89 83 78 74 69 62 54 50 46 43 40 34 28 30 31 34 37 37 38 37 37 35 33 30 28 28 27 27 26 25 23 23 22 19 15 15 14 18 22 22 22 23 24 24 24 23 21 21 20 20 19
58 58 58 58 58 59 59 59 59 60 60 61 61 62 62 63 65 68 68 68 74 80 75 71 70 68 60 51 50 48 47 46 50 55 55 55 54 53 55 56 68 79 86 93 90 87 83 78 76 74 68 62 55 47 44 41 36 31 33 34 37 41 41 40 39 38 37 36 34 32 31 30 29 28 26 24 22 21 20 19 18 18 20 22 22 22 23 23 22 22 21 21 20 20 20 19
58 58 58 58 58 59 59 59 60 60 60 61 62 62 63 63 67 71 70 68 78 88 82 75 74 73 61 50 49 47 47 46 51 56 56 55 53 51 50 50 68 87 91 95 91 86 82 78 78 78 74 70 59 49 46 43 39 35 36 37 41 45 44 42 41 40 40 40 38 37 35 33 31 29 27 25 22 19 20 22 22 22 22 22 22 22 22 22 21 20 20 20 20 20 20 19
58 58 58 58 59 59 60 60 61 61 61 61 62 63 63 64 65 67 68 68 73 78 79 80 76 73 61 50 51 52 49 46 49 51 50 49 50 50 49 48 63 77 88 99 95 91 87 82 80 79 81 84 76 68 57 47 42 37 38 40 43 45 45 45 45 45 44 42 40 38 36 34 32 30 27 25 21 17 19 22 22 22 22 23 22 22 21 21 20 20 19 19 20 20 20 19
58 58 58 58 59 59 60 61 62 63 62 62 63 63 64 64 64 63 66 68 68 67 76 84 78 73 61 49 53 57 51 46 46 46 44 43 46 50 48 47 58 68 85 102 99 96 91 86 83 79 89 98 92 86 69 51 45 39 41 43 45 46 47 48 49 50 48 45 42 40 37 34 32 30 28 25 20 16 18 21 21 21 22 23 22 22 21 20 20 19 19 19 20 20 20 19
58 58 58 58 59 61 61 62 64 66 65 63 64 65 65 65 66 67 67 68 67 65 72 78 75 72 64 57 57 57 52 46 46 46 51 55 57 60 60 60 67 74 87 100 102 103 104 104 99 95 95 96 92 87 70 53 47 41 42 43 44 45 46 47 48 49 52 55 49 43 42 41 39 38 37 37 27 17 19 21 20 20 21 22 22 21 20 20 20 19 20 20 20 21 20 19
58 58 58 58 60 62 63 64 66 69 67 65 65 66 66 66 68 70 69 68 66 64 68 72 71 71 68 65 61 57 52 46 46 46 57 68 69 70 71 73 77 81 89 98 104 111 116 122 116 110 102 94 91 88 72 56 50 44 44 43 44 45 45 46 47 48 57 66 56 47 47 47 46 45 47 48 33 19 19 20 20 20 21 22 21 20 20 20 19 19 20 21 21 22 20 19
58 58 58 59 62 66 65 65 66 68 66 65 65 66 66 67 68 70 69 68 66 65 67 69 70 71 69 67 65 63 55 47 47 46 58 69 72 75 72 69 70 72 84 96 103 110 109 108 105 101 94 86 84 81 71 60 51 42 42 42 42 43 45 48 48 49 50 52 49 45 46 47 46 45 45 44 37 31 27 24 21 19 20 21 20 20 20 20 20 20 20 21 21 21 20 19
57 58 58 59 64 69 68 66 66 66 66 66 66 66 66 67 68 70 69 68 67 66 66 66 68 71 70 70 69 69 58 47 47 46 58 70 75 80 72 64 64 63 78 94 102 110 102 94 93 92 86 79 76 73 69 65 53 41 41 41 41 41 45 49 49 49 44 39 41 43 45 47 46 45 42 40 42 44 36 27 23 19 19 19 20 20 20 20 20 20 20 20 20 19 19 19
57 60 63 65 67 69 68 67 66 65 67 69 67 65 66 66 68 69 68 67 66 66 68 70 71 73 68 64 63 61 56 51 47 43 57 72 77 82 75 68 63 57 73 88 97 107 104 102 99 95 88 81 75 70 65 61 53 45 43 41 40 40 42 45 44 42 40 37 38 40 41 42 42 43 41 39 40 41 32 23 21 19 19 19 20 20 20 20 20 20 20 21 20 20 20 20
56 62 67 72 71 70 68 67 66 65 69 73 68 64 65 66 67 67 67 66 66 66 70 74 74 74 66 59 56 54 54 54 47 40 57 73 79 84 78 72 62 51 67 82 93 104 107 110 104 99 91 83 74 66 61 56 53 50 45 40 40 40 40 40 38 36 36 36 36 36 37 38 39 40 39 39 39 39 29 18 18 18 19 19 20 20 20 21 21 21 21 21 20 20 20 20
60 65 70 75 75 74 74 73 70 68 70 72 71 69 69 68 69 70 68 66 68 70 72 75 74 73 66 58 58 59 59 58 57 55 60 65 73 82 76 71 65 59 76 92 96 100 103 106 101 96 87 78 70 62 58 54 51 48 43 39 39 39 39 39 37 34 34 33 33 34 35 36 37 38 36 34 32 30 24 18 18 19 19 19 20 20 20 20 20 20 20 20 20 20 19 19
63 68 73 79 79 79 79 79 75 71 71 71 73 74 72 70 72 74 69 65 69 74 74 75 74 72 65 58 61 63 63 62 67 71 64 56 68 79 75 71 69 67 85 103 99 96 100 103 98 94 83 73 65 58 55 52 49 45 41 37 38 38 38 38 36 33 32 31 31 32 33 35 35 35 32 29 25 21 19 18 19 19 19 19 20 20 20 20 20 19 20 20 20 19 19 19
65 69 74 79 79 80 80 80 79 79 77 75 75 76 74 72 73 74 74 75 77 79 74 69 72 76 68 61 62 64 65 66 66 65 64 64 73 82 80 78 73 67 77 88 90 93 98 102 97 92 81 71 62 54 51 47 45 42 39 37 37 37 38 38 36 33 31 28 31 34 32 30 29 29 28 27 24 21 20 19 19 19 19 19 19 20 19 19 19 18 18 18 18 18 18 17
67 71 74 78 80 81 81 81 84 87 83 79 78 77 75 73 73 74 79 84 84 83 73 64 71 79 71 63 64 65 68 70 65 59 65 71 78 85 85 86 76 66 69 73 81 89 95 102 96 91 79 68 59 50 46 42 41 39 38 36 36 36 37 38 36 34 30 26 32 37 31 25 24 22 23 24 23 21 20 19 19 19 19 19 19 19 19 19 18 18 17 17 17 17 17 16
66 69 73 77 80 83 82 81 83 84 82 80 78 77 74 70 70 69 71 73 72 71 67 63 66 69 67 64 63 62 63 64 62 61 65 69 74 79 79 79 72 65 72 78 85 91 106 121 100 80 71 62 57 52 48 43 39 35 35 35 35 36 36 37 35 34 32 29 30 30 28 25 24 23 23 23 24 24 21 19 19 20 20 20 19 19 19 19 18 18 17 17 17 17 17 17
65 67 71 75 80 84 83 82 81 81 81 80 79 78 73 68 66 64 63 62 61 59 61 63 61 59 62 65 63 60 59 58 60 62 65 67 70 73 73 72 68 63 74 84 88 92 117 141 105 68 62 56 55 54 49 44 38 31 33 34 35 35 35 35 34 34 33 33 28 24 24 25 24 23 22 22 24 27 23 19 19 20 20 20 20 20 19 19 18 18 17 17 17 17 17 18
64 64 66 68 69 71 71 71 72 73 74 74 74 74 70 66 66 67 66 66 65 65 64 63 63 63 64 65 63 61 59 57 57 58 60 61 63 65 64 64 64 63 72 81 85 89 102 115 92 68 64 60 55 50 45 39 35 31 31 30 31 32 32 33 32 31 30 28 25 22 22 21 21 20 22 23 23 24 22 20 19 18 18 17 17 17 18 18 18 18 17 17 17 16 17 18
62 62 61 60 59 58 59 59 62 65 67 68 69 70 67 63 66 69 70 70 70 70 67 64 65 66 65 64 63 63 59 56 55 54 54 55 56 56 56 56 60 63 70 77 81 85 88 90 79 68 66 64 56 47 41 35 33 31 29 26 27 29 30 30 30 29 26 24 23 21 19 16 17 18 21 24 22 21 22 22 19 15 15 15 14 14 16 18 18 18 17 16 16 16 17 18
62 62 61 60 61 63 62 62 63 63 64 65 67 68 65 63 64 65 65 65 65 64 63 63 63 64 63 62 61 60 58 56 55 55 58 62 59 56 56 56 57 58 65 72 79 85 84 83 71 59 55 51 46 42 37 32 30 27 26 24 25 26 27 29 29 29 26 24 22 20 19 17 20 22 26 30 28 26 25 25 22 19 18 17 16 15 18 20 20 20 18 16 16 15 16 17
62 62 61 61 64 67 66 64 63 62 62 62 64 66 64 62 62 62 61 61 60 58 60 61 61 61 60 59 58 57 56 56 56 56 62 68 62 56 56 55 54 53 61 68 77 85 80 75 63 50 44 37 37 37 33 30 26 23 22 22 22 22 25 27 28 28 26 23 21 18 18 18 23 27 31 36 33 31 29 27 25 23 21 19 17 16 19 23 22 22 19 16 15 15 16 17
63 63 62 61 63 65 64 64 64 63 64 65 67 69 65 60 60 61 61 61 60 59 60 60 60 60 57 53 54 54 54 54 54 54 58 63 58 53 53 53 52 51 57 64 73 82 77 71 60 49 43 38 36 34 30 26 25 24 24 23 22 22 23 25 26 26 25 24 23 22 21 21 25 30 34 38 37 35 33 31 29 28 25 22 20 17 19 21 22 23 21 20 19 19 17 16
63 63 63 62 62 63 63 63 64 65 66 67 70 73 65 58 59 59 60 61 60 60 60 59 59 59 53 48 50 52 52 53 52 51 55 58 54 50 50 50 49 49 54 59 69 78 73 67 57 47 43 38 34 30 26 22 24 26 25 24 23 21 22 23 24 24 24 25 25 25 24 23 28 33 37 40 40 40 37 34 33 33 29 25 22 19 19 19 22 24 24 24 23 22 19 16
65 67 66 64 64 63 64 64 65 65 66 68 69 70 64 58 59 59 60 61 60 60 60 59 59 58 55 51 52 53 53 53 52 51 54 56 52 49 49 49 49 49 54 59 67 75 70 65 58 50 46 43 36 29 25 21 22 24 24 24 23 22 22 22 23 24 24 24 24 25 25 26 30 34 38 42 43 43 41 38 36 33 30 27 25 23 25 27 28 30 29 27 26 25 24 22
68 71 68 66 65 64 65 65 65 65 67 68 67 67 63 59 59 59 60 61 60 60 60 59 59 58 56 55 55 54 53 53 52 51 53 54 51 47 47 48 48 49 54 59 66 73 68 63 58 52 50 47 38 28 24 21 21 22 23 24 23 22 22 22 22 23 23 24 24 24 26 28 31 34 39 43 45 46 44 42 38 34 32 29 29 28 32 36 35 35 33 31 30 28 28 29
68 71 72 73 75 78 81 84 77 71 71 72 70 68 63 58 58 58 59 59 59 60 60 61 61 62 60 59 57 55 54 53 55 58 56 54 51 47 49 50 51 51 53 56 60 64 63 62 52 43 42 42 35 28 25 23 22 22 22 22 22 21 21 21 22 23 24 24 24 24 29 33 34 34 39 43 45 46 44 43 40 37 37 38 35 33 35 37 38 38 35 33 35 38 36 35
68 72 76 81 86 91 97 102 90 77 76 76 72 69 63 57 57 58 58 58 59 59 61 62 64 66 64 62 59 57 55 53 59 65 60 55 51 47 50 53 53 52 52 52 54 55 58 60 47 33 35 37 32 27 26 26 24 22 21 20 21 21 21 21 22 23 24 25 24 23 31 39 36 34 39 43 45 46 44 43 41 40 43 46 42 38 39 39 40 41 38 34 41 48 44 41
64 67 70 73 77 81 84 88 82 76 78 79 73 67 61 55 55 56 57 57 58 59 60 61 63 64 63 62 61 60 56 52 54 55 52 48 45 42 45 48 48 47 49 51 54 56 57 57 44 32 31 29 27 24 24 23 23 23 22 21 21 21 21 21 21 22 23 24 24 24 29 34 34 34 37 39 41 43 42 41 40 40 44 49 48 46 44 42 45 49 46 42 47 51 48 45
60 63 64 64 67 71 72 73 74 75 79 83 74 66 59 52 53 54 55 56 58 59 60 61 62 62 62 62 63 63 58 52 49 45 43 41 39 38 40 43 42 42 46 51 54 57 55 54 42 31 26 22 22 22 21 21 22 24 23 22 21 20 20 20 21 21 22 24 24 24 27 30 32 34 34 35 37 40 40 39 40 40 46 52 53 55 50 45 51 57 54 50 52 54 51 49
61 64 66 68 71 74 75 77 78 79 77 74 69 63 58 54 54 55 55 56 57 59 61 64 64 63 61 59 58 58 55 52 50 48 45 43 43 42 45 47 47 47 50 53 52 52 52 53 40 27 24 21 21 22 23 25 25 25 24 23 22 21 21 21 21 21 22 23 23 23 27 31 31 31 32 32 34 36 37 38 41 45 50 56 58 60 59 58 65 71 68 66 64 63 61 59
62 64 68 72 75 77 79 81 82 82 74 65 63 60 57 55 55 55 56 56 57 59 63 67 66 65 60 56 54 52 52 51 51 51 48 44 46 47 49 51 52 53 53 54 50 46 50 53 38 22 22 21 21 22 25 29 27 26 25 24 23 22 22 22 22 22 22 23 22 22 26 31 30 29 29 29 31 32 34 37 43 49 54 59 62 65 68 71 78 85 83 82 77 72 71 70
63 64 68 73 77 81 83 85 81 76 70 63 61 59 58 56 54 52 54 55 55 55 58 61 60 59 56 53 52 51 51 51 51 51 48 45 46 48 50 52 53 54 54 55 52 50 45 41 30 19 20 20 20 20 24 27 26 25 25 24 24 23 23 23 22 22 21 21 21 22 26 29 30 30 31 32 35 37 39 41 44 48 53 57 61 64 67 70 75 80 80 80 75 71 69 67
