homework/Homework_5_files/or_precip_1983_05.asc
ncols 407
nrows 229
xllcorner -124.73958333333
yllcorner 41.73958333333
cellsize 0.02083333333
NODATA_value -9999
[rows 46 to 91 of 229, columns 96 to 191 of 407]
51 49 47 45 46 47 48 49 54 59 59 59 62 65 68 71 73 76 77 78 79 79 81 83 89 94 111 129 141 153 165 177 182 188 184 181 181 182 180 178 161 145 154 163 141 119 93 68 62 56 54 51 37 23 23 22 33 43 52 60 60 60 48 35 32 28 26 24 24 25 25 26 25 24 22 20 19 18 19 20 21 23 23 23 24 26 27 28 26 23 31 39 41 43 43 42
52 53 51 49 48 48 49 50 54 58 60 62 66 69 72 75 76 78 78 79 79 79 86 94 101 109 122 135 145 154 157 161 160 159 157 155 160 164 162 159 157 155 157 160 148 136 107 78 78 77 68 59 43 27 25 24 33 42 53 64 60 57 46 36 32 29 28 27 27 27 27 27 27 26 24 22 22 21 22 23 24 24 26 28 29 31 34 37 35 32 35 37 42 47 47 47
54 56 54 52 51 49 50 51 54 56 61 65 70 74 76 79 79 79 80 80 79 78 91 104 113 123 132 141 148 156 150 144 137 130 130 130 138 147 144 141 153 165 161 156 155 154 121 88 93 98 83 68 49 30 27 25 33 41 55 69 61 53 45 37 33 29 30 31 30 30 29 28 28 28 26 25 24 24 25 26 26 26 29 32 35 37 41 46 44 42 39 35 43 51 52 52
53 55 53 52 51 50 51 53 59 66 68 70 75 79 81 83 82 82 83 85 85 85 92 99 111 123 133 143 143 143 142 142 139 137 138 139 147 155 150 145 153 160 158 155 151 147 130 113 114 115 94 73 61 50 43 36 44 52 60 67 58 49 47 44 38 32 31 30 29 29 28 28 28 28 27 27 26 26 26 27 28 29 33 37 40 43 45 47 43 39 39 38 48 59 56 54
52 53 53 52 51 50 52 54 65 75 75 75 80 85 86 88 86 84 87 89 91 92 93 95 109 123 134 144 137 129 135 140 142 143 146 148 156 164 157 150 152 155 155 154 146 139 139 139 135 131 104 77 73 69 58 47 55 63 64 66 56 46 49 52 44 36 32 29 29 28 28 28 28 28 29 29 28 27 27 27 30 32 38 43 46 50 49 49 43 37 39 41 54 66 61 57
52 53 53 52 52 52 53 53 60 68 68 69 75 82 84 86 86 86 88 91 94 96 95 93 105 118 126 134 132 131 135 139 141 142 144 146 150 154 154 153 153 154 153 152 148 144 145 145 142 138 125 111 108 104 86 69 80 91 89 86 72 59 56 53 45 38 34 31 29 28 28 27 28 28 28 28 28 28 30 31 33 35 39 44 47 50 52 53 43 32 40 47 55 63 61 59
52 53 53 52 53 53 53 52 56 60 61 63 71 79 82 85 86 87 90 93 97 101 96 91 102 112 117 123 128 132 136 139 140 141 143 144 144 144 150 156 154 152 152 151 150 149 150 152 148 145 145 145 142 139 115 90 104 119 113 107 89 72 63 54 47 40 36 33 30 27 27 27 27 28 28 28 28 28 32 35 36 37 41 45 48 51 54 58 43 27 40 52 56 60 60 61
53 54 55 57 55 54 53 51 56 60 63 65 68 71 74 76 79 81 87 94 99 104 102 101 107 113 117 121 123 126 129 132 133 134 137 140 138 137 137 138 137 136 139 142 143 145 149 153 151 150 151 153 154 155 127 98 107 116 113 110 90 70 61 52 46 41 37 32 30 28 27 27 27 27 28 28 28 28 31 34 36 38 41 44 47 50 48 46 39 32 41 51 55 59 58 57
54 54 58 61 58 54 52 51 55 60 64 67 65 64 66 68 71 75 85 95 101 107 109 111 112 114 116 118 119 120 123 125 127 128 132 135 132 129 124 119 120 121 126 132 136 140 147 154 154 154 157 160 166 171 139 107 110 114 114 114 91 68 59 49 46 43 37 32 30 28 28 27 27 27 28 28 28 29 31 33 36 39 41 44 46 49 41 33 35 36 42 49 54 59 56 53
55 56 58 60 58 56 56 55 57 59 63 67 68 69 71 72 74 77 84 91 99 107 108 109 110 110 114 117 121 125 130 136 136 137 140 143 134 125 122 120 123 127 131 134 134 134 139 145 148 151 152 153 145 137 116 95 103 110 110 111 89 68 59 50 44 38 34 30 29 28 28 27 28 28 28 29 29 30 31 32 34 36 38 41 41 42 39 36 39 42 46 49 51 54 52 49
57 58 58 58 58 58 59 60 59 58 62 66 70 74 76 77 78 78 83 87 97 107 107 107 107 107 111 116 123 130 138 146 146 146 148 151 136 121 121 121 127 133 135 137 132 128 132 135 141 147 146 145 124 103 93 83 95 107 107 107 88 68 59 50 42 34 31 28 28 28 28 28 28 28 29 30 30 30 31 32 32 33 35 38 36 35 36 38 43 49 49 48 49 49 48 46
55 56 57 58 58 58 60 63 64 65 69 73 76 79 80 81 84 87 90 92 101 110 107 105 104 104 108 112 118 124 135 146 149 153 153 153 138 124 122 120 121 122 129 136 132 128 129 130 130 131 129 126 116 105 97 90 97 105 93 82 70 59 52 46 39 32 30 28 28 28 28 28 29 29 30 30 31 31 31 31 32 32 34 37 38 39 39 39 43 48 48 48 48 48 46 45
53 54 56 58 58 59 62 66 69 73 76 80 82 83 85 86 91 95 96 97 104 112 108 103 102 100 104 108 112 117 131 146 153 160 157 155 141 128 124 119 115 111 123 135 131 128 126 124 119 115 111 107 107 107 102 96 99 103 80 57 53 50 45 41 35 30 29 28 29 29 29 29 30 30 30 31 31 31 31 31 31 31 34 36 40 43 41 39 44 48 48 47 47 46 45 44
54 55 57 58 59 60 65 69 72 75 80 86 93 100 102 104 103 102 104 106 108 111 108 104 103 103 105 108 112 115 127 139 146 153 151 149 135 121 116 111 113 114 125 136 135 135 127 120 116 112 107 103 95 87 85 83 85 86 72 59 52 46 41 36 33 30 29 29 29 30 30 31 31 31 32 32 32 32 31 30 30 30 32 34 40 45 45 44 46 48 47 47 46 45 45 44
55 56 57 59 60 61 67 73 75 77 85 93 105 117 120 122 116 109 112 115 113 111 108 105 105 105 107 108 111 113 123 133 139 145 144 143 129 115 109 104 110 117 127 138 139 141 129 117 113 108 104 99 83 66 69 71 70 69 65 61 51 42 36 31 30 30 30 30 30 31 31 32 32 33 33 33 33 32 31 29 29 28 30 33 40 47 48 49 48 48 47 47 46 45 44 43
57 57 59 60 62 63 68 73 76 79 86 93 102 112 114 116 113 109 111 113 112 111 109 107 107 107 108 108 109 110 118 126 131 137 131 125 117 110 110 110 114 117 122 128 127 126 119 112 110 107 104 100 82 63 64 65 63 61 57 53 46 39 35 30 30 30 30 30 30 31 31 32 33 33 34 34 34 33 31 29 31 33 33 34 40 46 47 48 48 47 47 46 45 45 44 44
58 59 60 61 63 65 68 72 77 81 87 93 99 106 108 110 110 110 111 111 111 112 111 110 110 110 109 108 107 107 113 119 124 129 117 106 106 106 111 117 117 117 117 118 114 110 109 107 107 106 104 101 80 59 59 59 56 53 50 46 41 36 33 30 29 29 29 30 30 31 32 33 34 34 34 35 35 34 32 29 33 38 37 35 41 46 46 47 47 47 46 46 45 44 44 44
60 61 62 63 66 69 72 74 77 79 84 88 94 99 103 106 109 111 114 116 115 115 114 113 112 111 109 107 106 104 106 108 115 121 113 105 104 103 108 114 115 116 118 119 115 110 103 95 94 93 88 82 69 56 56 55 51 48 46 44 39 34 32 29 29 29 29 29 29 30 31 32 34 35 35 35 35 35 31 27 31 35 37 39 42 45 46 47 47 48 46 44 44 44 44 44
61 63 64 65 69 73 75 77 77 77 80 83 88 92 97 102 107 112 117 121 120 118 118 117 115 112 109 106 104 102 100 97 105 113 109 104 102 100 105 110 113 116 118 120 115 110 97 83 82 80 72 63 58 53 52 51 46 42 42 42 37 33 31 29 28 28 28 28 28 29 30 31 34 36 36 35 35 35 30 25 29 33 38 42 44 45 46 46 48 50 46 43 43 43 43 43
64 65 67 68 71 73 76 79 80 80 86 91 97 103 108 114 121 128 129 131 131 131 130 130 130 130 116 102 103 105 101 96 103 110 106 102 98 94 99 105 108 112 105 99 95 91 85 79 79 80 74 67 60 52 52 52 48 45 43 41 37 33 31 28 28 27 27 27 28 28 29 30 32 33 33 34 35 36 35 34 36 38 41 43 44 45 45 45 45 45 44 42 42 42 43 43
67 68 70 71 72 74 77 81 82 84 91 99 106 114 120 126 134 143 142 141 142 143 143 143 146 148 123 97 103 108 101 95 101 106 103 100 94 89 94 99 104 109 93 78 75 72 73 74 77 80 76 72 62 51 52 53 50 47 44 41 37 34 31 28 28 27 27 27 27 27 28 29 29 30 31 32 34 36 40 43 44 44 44 44 44 44 44 44 43 41 41 42 42 42 42 43
70 71 72 73 77 81 85 90 96 102 102 103 110 116 121 126 135 143 143 143 145 147 154 161 152 143 121 98 105 111 103 95 97 99 96 93 91 89 91 92 93 94 85 76 74 71 70 70 73 76 79 82 74 67 61 56 50 44 41 39 36 34 32 30 30 29 28 27 27 27 28 28 29 30 30 31 33 36 39 43 44 44 44 44 44 44 44 43 42 41 42 42 42 42 43 43
72 73 74 75 82 88 93 99 109 120 114 107 113 119 122 126 135 143 144 145 148 151 165 179 158 137 118 99 107 115 105 94 93 92 89 86 88 90 87 84 82 79 77 75 73 70 68 65 69 73 83 93 87 82 70 58 49 40 38 37 35 33 32 32 32 31 29 27 27 27 27 28 29 29 30 30 32 35 39 43 43 44 44 44 44 44 43 43 42 42 42 42 43 43 43 43
77 78 80 82 91 99 104 109 120 132 124 115 123 130 136 141 150 160 158 156 154 152 162 172 155 138 124 111 113 115 104 94 92 91 88 86 88 91 89 88 87 85 83 81 81 80 79 77 79 81 86 91 88 85 73 61 51 41 38 35 33 32 31 30 31 31 29 27 28 29 29 30 30 31 31 31 33 35 39 43 43 44 45 45 45 44 44 43 43 43 43 44 44 44 45 45
81 83 85 88 99 111 115 119 131 143 133 124 133 142 149 156 166 177 172 168 161 154 159 165 152 139 131 123 119 115 104 94 92 91 88 85 88 91 91 92 92 92 90 87 88 90 90 90 89 88 88 88 88 89 77 65 54 43 38 34 32 30 30 29 30 31 29 26 28 31 31 31 32 32 32 33 34 34 38 42 43 45 45 46 45 45 44 44 44 44 44 45 46 46 46 46
88 94 95 97 112 127 126 125 136 146 142 138 144 149 155 160 170 180 175 171 164 158 160 162 157 151 146 142 135 127 112 97 95 93 89 85 89 93 88 84 81 78 81 84 85 87 86 85 85 85 82 80 78 76 70 64 52 40 37 33 32 31 30 30 29 29 28 28 29 30 31 32 32 33 32 31 34 37 39 41 43 44 45 46 46 46 45 45 45 45 46 47 47 47 48 48
95 106 105 105 124 143 137 131 140 149 150 152 154 157 161 165 174 184 178 173 167 161 161 160 162 164 162 160 150 140 120 100 97 95 90 84 89 94 86 77 71 65 73 81 82 84 82 81 81 81 76 71 68 64 64 63 50 38 35 32 31 31 31 31 29 26 28 29 30 30 31 32 33 33 31 29 35 40 40 40 42 43 45 47 47 47 47 47 47 47 48 49 49 49 49 50
103 116 122 128 134 140 141 142 148 153 153 152 153 154 156 157 163 169 170 171 165 159 157 155 154 153 147 140 133 125 113 101 96 90 87 83 87 92 85 79 72 65 73 81 81 80 85 90 91 93 87 82 71 60 58 55 47 39 36 33 32 31 31 30 28 26 28 29 30 30 32 33 34 35 35 36 39 42 43 44 45 45 46 47 47 47 47 47 47 48 49 49 49 49 51 53
111 126 139 151 144 136 144 152 155 158 155 153 152 152 150 149 152 155 162 169 163 157 154 151 147 143 132 121 116 111 106 102 94 86 84 82 86 89 85 81 73 66 74 82 79 76 87 99 102 105 99 93 74 56 52 48 44 40 37 35 33 32 31 30 28 26 27 29 29 30 32 33 35 36 40 43 44 44 46 48 48 47 48 48 48 48 48 47 48 48 49 50 50 49 52 56
115 130 144 158 157 155 157 159 159 158 155 153 153 154 153 153 157 161 160 159 155 151 149 148 146 144 138 131 125 118 113 108 103 99 86 72 82 91 89 86 81 76 82 89 86 84 92 100 106 112 102 93 75 57 52 48 45 42 38 34 33 32 31 30 28 27 27 28 29 29 31 33 34 35 37 38 39 39 42 44 45 47 47 48 48 48 48 48 48 48 49 51 51 51 52 54
118 133 149 165 169 174 170 166 162 158 156 153 155 156 156 157 162 167 158 149 147 146 145 145 145 145 143 141 133 126 119 113 113 113 87 61 78 94 92 91 88 86 91 95 94 93 97 101 110 118 106 93 75 57 52 48 46 44 39 34 33 32 31 30 29 28 27 27 28 28 30 33 33 34 34 34 34 34 37 40 43 46 47 48 48 49 48 48 48 48 50 51 52 53 52 52
122 136 150 163 169 174 172 170 167 163 159 156 159 162 164 166 165 165 160 155 150 145 143 141 148 155 152 148 144 139 136 133 111 89 75 61 79 97 95 93 87 82 88 95 94 93 101 109 111 113 102 92 77 63 57 50 47 44 39 35 33 32 30 29 28 28 27 26 27 29 29 29 29 28 30 33 33 34 37 41 44 48 48 48 49 49 49 48 48 49 50 50 51 51 51 52
126 138 150 162 168 174 174 174 171 168 163 159 163 168 172 175 169 163 162 160 152 144 141 138 152 165 160 155 154 153 153 152 108 64 63 61 81 101 98 95 86 78 86 95 94 93 105 116 112 108 99 90 79 68 61 53 48 43 40 36 34 31 30 29 28 27 26 25 27 29 27 25 24 23 27 32 33 34 38 42 45 49 49 49 49 49 49 49 49 49 49 50 49 48 50 53
123 137 150 162 171 179 178 176 177 177 174 170 169 168 165 163 159 155 152 150 147 143 144 144 152 159 164 168 164 159 150 140 106 72 69 66 80 94 94 95 91 88 106 125 121 117 129 142 122 101 96 92 85 77 67 58 51 45 40 35 34 32 31 30 29 28 27 26 26 27 26 25 24 23 27 30 33 35 38 41 45 49 49 49 49 49 48 46 47 48 48 49 49 50 51 53
121 136 149 163 173 183 181 178 182 186 184 182 175 168 159 151 148 146 143 140 141 142 146 151 152 153 167 181 173 165 147 128 104 80 76 72 79 87 91 95 97 99 126 154 147 141 154 167 131 94 94 93 90 86 74 62 54 47 41 35 34 33 32 31 30 29 28 27 26 24 24 25 24 24 26 28 33 37 39 41 45 49 49 49 49 49 46 43 45 47 48 48 50 51 53 54
112 123 136 149 154 159 160 160 163 166 166 165 162 159 154 149 148 147 152 157 162 167 171 174 175 177 188 199 187 175 141 108 94 80 75 71 72 74 82 91 96 102 133 165 160 156 155 154 127 101 99 98 90 81 71 60 53 45 41 36 35 33 32 31 29 28 27 26 25 24 24 25 24 24 24 25 29 33 36 40 42 44 46 48 49 50 48 47 47 47 48 50 50 51 52 53
104 109 123 136 135 135 139 142 145 147 148 148 149 150 149 147 148 148 161 174 182 191 195 198 199 200 208 216 200 184 136 88 84 79 74 69 66 62 74 86 96 106 141 176 174 172 156 141 124 107 105 103 90 76 67 59 52 44 41 38 36 34 32 31 29 27 25 24 24 24 24 24 24 24 23 22 25 28 33 38 39 39 43 47 49 50 50 50 48 47 49 52 51 50 51 52
107 112 120 129 139 148 146 143 141 139 138 137 140 144 143 143 144 144 150 156 158 160 181 202 204 206 188 169 157 146 121 95 94 92 88 83 82 80 94 108 127 146 166 187 187 188 158 129 115 102 95 89 81 73 67 60 53 46 43 40 38 37 35 33 30 27 26 24 24 24 24 23 24 24 24 25 29 33 35 37 39 41 46 50 51 53 53 54 51 48 50 53 52 52 51 50
110 114 118 122 142 162 153 144 137 131 128 125 131 137 138 139 139 140 139 138 133 129 167 205 209 213 167 121 115 109 105 102 103 105 101 97 98 99 114 130 158 186 192 198 201 203 160 117 107 96 85 74 73 71 66 62 54 47 44 42 41 40 38 35 32 28 26 23 23 23 23 23 23 23 26 28 33 37 37 37 40 43 48 53 54 55 57 59 54 50 52 54 53 53 50 48
102 105 112 119 132 145 141 136 136 137 140 143 143 143 140 137 141 145 157 168 162 156 163 171 175 178 141 104 106 108 104 99 100 101 98 95 104 113 124 136 166 197 203 209 210 212 162 112 104 96 87 78 74 69 64 58 55 52 47 42 40 37 36 34 32 30 27 25 24 23 22 21 22 23 25 27 31 35 36 37 40 43 47 52 54 55 56 56 53 50 52 55 55 55 52 49
94 97 106 115 122 129 128 127 135 143 152 161 155 148 142 136 143 150 175 199 191 182 159 136 140 144 116 88 98 108 102 96 97 98 95 93 110 127 134 142 175 207 213 219 220 222 165 108 102 96 89 82 74 67 61 55 56 56 49 42 38 34 34 34 33 33 29 26 24 23 21 20 22 23 24 26 29 32 35 38 40 42 46 51 53 56 55 54 52 50 53 56 57 57 54 51
97 97 107 117 128 139 142 145 147 148 150 152 148 144 145 146 158 170 187 205 199 193 183 172 162 153 131 110 114 117 127 136 120 104 101 98 105 111 124 136 168 200 221 242 257 272 190 108 102 96 92 89 73 57 52 46 46 47 44 41 39 37 35 34 33 32 29 26 25 23 22 20 23 25 25 26 27 29 33 36 38 41 45 49 51 52 52 51 51 51 54 57 58 60 57 54
100 96 107 118 134 150 157 164 158 153 148 143 141 140 148 157 173 189 199 210 207 205 206 207 184 161 147 132 129 127 152 177 144 111 107 103 99 96 113 131 162 192 229 265 293 322 215 108 102 96 96 95 71 47 42 37 37 38 38 39 39 39 37 34 33 31 29 27 25 23 22 20 23 26 26 26 26 26 30 34 37 40 44 47 48 49 49 49 50 52 55 57 60 62 60 57
92 93 104 115 133 152 165 179 171 163 159 155 159 164 166 168 174 180 179 178 182 186 197 208 199 190 186 181 160 139 160 180 184 188 175 163 135 106 118 131 164 198 213 227 239 252 177 102 91 81 78 76 61 45 43 40 40 41 38 36 36 36 35 33 33 33 31 29 26 24 24 24 25 26 26 25 26 26 29 31 35 38 44 49 49 49 49 50 51 53 55 57 62 67 63 59
84 89 100 112 133 154 174 194 183 173 170 166 177 188 183 179 175 172 159 146 157 168 188 208 214 220 224 229 190 151 168 184 224 264 244 224 170 116 123 131 167 204 197 189 185 181 139 97 81 65 61 57 50 43 43 43 44 44 38 33 33 33 33 33 34 35 33 31 27 24 26 27 26 26 26 25 25 25 27 29 32 36 44 51 51 50 50 50 52 53 55 57 64 71 66 61
81 86 94 102 115 128 139 150 151 152 166 180 182 185 169 153 150 147 143 139 153 166 178 189 195 201 211 222 203 184 190 195 214 233 218 203 178 152 145 138 164 190 183 175 174 173 135 97 81 65 57 49 44 39 44 48 45 42 38 34 33 33 33 32 32 32 30 29 27 25 26 27 26 26 26 26 26 25 27 28 32 37 44 51 51 51 51 51 53 54 57 60 63 67 64 61
