homework/Homework_5_files/or_precip_1983_01.asc
ncols 407
nrows 229
xllcorner -124.73958333333
yllcorner 41.73958333333
cellsize 0.02083333333
NODATA_value -9999
[rows 176 to 219 of 229, columns 96 to 191 of 407]
177 153 146 139 156 172 182 193 196 200 169 138 136 135 145 156 164 172 181 190 196 203 211 219 222 225 221 218 192 166 159 152 139 127 124 122 116 110 105 101 97 92 88 84 80 75 75 75 71 67 68 69 69 69 67 65 63 62 60 58 56 53 58 63 71 79 86 94 80 66 64 63 60 58 56 54 52 50 52 53 52 50 51 52 56 61 69 77 85 92 78 64 47 29 31 33
157 145 131 116 124 131 159 186 198 209 172 135 133 132 140 149 159 168 172 177 180 182 194 205 211 217 219 220 197 175 153 131 122 113 117 120 117 113 109 105 98 91 86 82 79 75 73 71 69 67 66 65 65 65 65 65 63 61 59 57 55 53 59 65 73 82 86 91 81 71 67 64 61 59 57 54 53 52 53 54 53 53 53 54 60 66 73 81 89 97 93 89 61 33 34 36
137 137 115 94 92 90 135 179 199 219 175 132 130 129 135 142 153 164 164 164 163 162 177 192 200 209 216 222 203 183 147 110 105 100 109 119 117 116 113 110 100 90 85 79 77 75 72 68 67 67 64 61 60 60 63 66 62 59 57 55 53 52 59 67 76 85 86 87 81 75 70 65 62 59 57 55 55 55 55 55 55 55 55 56 63 70 78 85 93 101 107 113 74 36 37 39
128 116 117 117 114 111 144 176 180 184 152 120 121 121 130 139 145 150 159 167 170 173 185 196 202 208 215 222 201 180 142 104 100 96 98 100 108 116 112 108 100 91 85 79 77 75 70 65 64 63 60 57 59 61 64 66 64 61 58 55 53 51 57 62 71 80 82 84 80 76 71 66 63 60 57 54 56 57 59 60 59 59 59 59 67 74 82 89 98 107 114 120 85 49 45 40
119 96 118 141 137 132 152 173 161 150 129 108 111 114 125 136 137 137 154 170 177 184 192 201 204 206 214 222 200 177 138 98 95 92 87 82 99 117 111 106 99 92 86 79 77 75 68 61 60 59 56 53 58 63 65 67 65 63 58 54 52 51 54 57 66 75 78 81 79 76 71 66 63 61 57 54 57 60 63 65 64 63 62 62 70 79 86 93 103 113 120 127 95 63 52 41
110 97 108 119 118 117 126 135 131 126 118 110 112 115 124 132 132 132 140 148 154 160 170 179 193 206 210 214 204 194 150 106 97 89 84 80 87 94 94 93 90 87 81 74 74 73 66 59 62 64 59 54 58 62 64 67 67 68 65 62 58 55 57 60 64 69 72 75 73 71 68 65 62 60 60 61 61 62 64 65 64 64 65 65 72 78 84 89 102 115 123 132 115 99 78 57
100 97 97 97 100 102 100 98 100 102 107 112 114 116 122 128 127 126 126 125 131 136 147 158 182 206 206 206 209 212 162 113 99 86 81 77 74 71 76 81 82 82 76 70 71 71 64 58 63 69 62 55 58 61 64 67 70 73 72 70 65 59 61 63 63 63 66 68 67 66 65 63 61 60 63 67 66 64 64 65 65 66 67 68 73 78 81 85 101 116 126 136 136 136 104 73
95 95 95 95 97 99 102 105 112 119 118 117 115 113 117 122 122 121 120 120 127 135 153 172 184 197 207 217 222 228 165 102 92 82 79 76 73 70 70 70 70 70 67 63 63 63 59 54 61 68 63 58 59 59 63 68 72 75 73 72 68 65 66 67 65 63 65 67 66 65 64 64 63 62 63 65 66 67 66 66 66 67 69 71 78 86 86 86 100 114 125 135 140 145 136 127
89 93 93 93 95 97 105 112 124 136 129 122 115 109 112 115 116 116 115 114 124 134 160 186 187 187 207 227 235 243 167 92 85 79 77 76 72 68 64 60 59 58 58 57 56 55 53 50 59 68 65 61 59 57 63 69 73 77 75 73 72 71 71 72 68 63 64 65 64 63 64 65 64 64 64 63 66 69 68 67 67 68 71 74 84 94 91 87 99 112 123 134 144 154 168 181
92 93 92 91 93 94 103 112 115 118 116 114 109 105 107 110 113 116 114 113 117 122 148 174 186 197 208 218 216 214 155 96 90 83 80 78 73 69 65 60 59 57 55 54 55 56 52 49 54 60 58 56 56 55 65 76 81 86 81 75 76 76 75 75 68 62 62 63 64 64 68 71 69 66 65 63 66 69 66 64 66 68 73 77 86 96 92 87 96 106 116 127 141 154 160 165
96 94 91 89 90 92 102 112 106 101 103 105 103 101 103 105 110 115 114 113 111 110 136 162 185 208 208 209 197 186 143 100 94 88 84 79 74 69 65 61 58 55 53 51 54 57 52 47 49 52 51 51 52 53 68 82 89 96 86 77 79 82 80 77 68 60 60 61 63 65 72 78 74 69 66 63 65 68 64 61 65 69 75 80 89 98 93 88 94 99 109 119 137 155 152 149
90 85 84 83 83 83 89 95 95 95 94 93 92 92 95 97 100 103 107 110 110 110 133 156 169 181 184 186 174 161 131 100 93 87 82 78 74 70 66 62 59 56 54 53 55 58 53 47 48 49 49 50 52 54 63 72 80 87 80 72 72 73 70 68 63 58 57 57 61 65 71 76 75 73 67 60 61 62 61 61 64 67 71 76 85 93 91 88 90 92 101 110 128 147 146 145
84 76 77 78 76 74 76 78 83 89 85 81 82 84 87 90 91 92 100 107 109 111 131 151 153 154 159 163 150 137 118 99 93 86 81 77 73 70 67 63 60 57 56 55 57 59 53 47 47 46 47 48 52 56 59 62 70 79 73 67 65 63 61 58 57 56 55 54 59 65 70 74 76 78 68 57 56 56 58 61 63 64 68 73 81 89 89 88 86 85 92 100 119 138 139 140
74 76 75 74 72 70 70 70 74 78 76 74 75 77 80 84 87 90 99 107 116 125 134 144 152 161 161 161 156 151 125 99 93 88 84 79 76 73 70 66 63 59 58 56 62 69 59 50 48 47 48 49 50 51 51 52 58 63 61 59 60 61 58 55 54 53 52 50 54 58 60 62 64 65 59 53 52 51 53 54 58 61 64 68 73 78 79 79 83 86 91 96 119 143 144 144
65 76 74 71 69 66 64 63 64 66 66 67 68 70 74 77 83 89 98 107 123 139 138 136 152 167 163 159 162 164 132 99 94 90 86 82 79 76 73 69 66 62 60 58 68 78 66 53 50 48 49 50 48 45 44 42 45 48 49 50 55 59 56 52 51 51 48 46 49 51 51 50 51 52 50 48 47 47 47 48 52 57 60 63 65 67 68 70 79 88 90 91 120 148 148 148
57 64 62 59 60 62 71 81 80 80 75 70 70 70 74 77 81 84 94 104 122 141 145 149 158 167 165 163 166 169 137 104 96 88 84 81 78 75 72 69 66 63 65 67 74 82 68 54 59 63 66 70 58 45 44 42 43 44 44 45 48 50 49 49 48 48 46 44 45 46 45 45 46 46 46 45 45 45 45 44 48 51 54 58 60 62 67 71 83 95 93 90 104 118 118 118
49 52 50 47 52 57 78 99 96 93 83 74 72 69 73 77 78 79 90 101 122 143 152 162 164 166 167 167 170 173 142 110 98 86 83 80 77 75 72 69 66 63 69 75 80 85 71 56 67 78 84 89 67 45 44 43 41 39 40 40 41 41 43 45 45 45 43 42 41 40 40 41 41 41 41 42 43 43 42 41 43 46 49 52 55 58 65 72 87 102 96 89 88 87 87 87
47 49 46 43 46 48 60 71 79 87 87 88 80 73 76 79 83 86 104 121 136 151 156 161 164 167 163 158 148 138 121 105 96 88 85 82 79 76 73 70 68 66 78 89 90 91 77 63 73 83 83 84 64 45 45 44 42 39 40 40 41 41 42 43 43 42 42 41 41 40 40 40 42 43 43 42 42 42 41 41 42 44 46 49 52 55 61 68 80 92 88 84 83 83 83 83
44 47 43 39 39 39 41 43 62 81 92 102 89 76 78 81 87 94 117 141 150 158 160 161 165 168 159 149 126 103 101 99 94 89 86 83 80 76 73 70 70 69 86 104 100 97 83 70 79 88 83 78 61 44 45 46 42 39 40 41 41 41 40 40 40 40 41 41 41 41 40 40 43 46 44 42 41 40 40 40 41 42 44 46 49 51 58 64 72 81 80 79 78 78 78 78
45 49 45 42 40 37 39 41 53 65 80 95 92 89 88 88 94 100 117 133 142 151 155 158 160 162 152 142 130 118 115 112 101 91 88 85 81 78 74 71 69 67 77 88 86 84 76 67 78 88 86 84 66 47 47 48 46 44 44 43 45 47 45 43 42 41 41 41 41 42 43 44 48 53 51 50 48 46 43 40 40 41 42 44 47 49 52 55 60 65 67 69 70 71 75 79
46 50 48 46 41 36 37 39 44 50 69 88 95 102 98 95 101 106 116 126 134 143 149 156 156 156 145 135 134 132 129 125 109 92 90 87 83 79 75 71 68 65 68 72 72 72 68 65 76 88 89 91 70 49 50 51 50 49 47 46 50 54 50 46 44 41 41 41 42 43 45 48 54 60 59 58 55 52 46 40 40 40 41 42 45 47 47 46 48 50 55 60 62 65 72 79
49 51 52 53 49 44 42 40 49 57 70 82 88 93 94 95 101 108 112 117 126 135 141 148 144 141 139 136 141 145 140 135 124 112 101 90 89 87 77 67 64 60 61 62 62 63 60 56 65 75 73 71 69 66 60 54 50 47 48 49 53 58 57 56 50 44 46 47 47 46 49 51 56 60 61 62 61 60 53 46 43 40 41 42 43 45 45 45 46 47 50 53 56 58 66 74
53 52 56 61 56 52 47 42 53 65 71 77 81 85 90 94 102 110 109 107 117 127 133 139 133 127 132 138 148 158 151 144 139 133 113 92 94 96 79 62 59 56 54 52 53 54 51 47 55 62 57 52 67 82 70 58 51 44 48 51 57 63 64 65 56 47 50 54 52 50 52 55 58 61 63 65 66 67 60 53 47 41 42 42 42 42 43 43 44 45 46 46 49 52 60 68
58 58 58 58 61 64 60 55 62 69 71 74 76 79 83 87 96 106 107 109 115 121 127 133 130 127 136 146 152 157 153 148 140 132 111 89 90 91 76 61 58 55 52 49 49 48 46 43 46 50 47 44 52 60 57 55 50 45 46 46 50 54 55 56 52 49 57 66 64 62 68 74 68 63 62 61 62 64 59 54 49 45 44 44 44 43 43 43 44 45 49 53 55 58 64 69
64 64 60 56 66 77 73 69 71 73 72 70 71 72 76 79 90 102 106 110 113 116 121 126 126 127 140 154 156 157 155 152 142 131 109 86 86 86 73 60 57 55 51 46 44 42 41 39 38 37 37 37 37 37 44 52 49 46 43 41 43 45 46 47 49 51 64 77 76 74 83 92 79 65 61 57 59 60 58 56 52 48 47 45 45 44 43 42 43 44 52 60 62 64 67 70
69 73 68 63 71 79 82 86 86 87 86 86 86 86 89 91 98 104 107 110 114 117 121 125 124 122 130 137 140 143 143 142 134 125 104 83 82 82 69 57 54 50 48 46 43 40 39 39 38 37 37 37 37 37 41 45 46 47 43 40 41 42 44 45 49 53 63 74 72 69 75 80 72 64 61 58 59 60 59 58 56 53 52 50 48 46 48 50 54 57 61 65 63 60 61 62
74 81 76 71 76 81 92 104 102 100 101 102 101 99 102 104 105 106 109 111 115 119 121 124 121 118 119 119 124 128 131 133 126 119 100 80 78 77 66 54 50 46 45 45 41 37 38 39 38 37 37 36 36 36 37 38 43 48 43 39 39 39 41 43 49 55 63 70 67 65 66 68 66 63 61 59 60 60 60 60 59 58 57 55 51 48 54 59 65 71 70 70 63 57 56 55
64 69 71 72 78 84 87 90 92 95 101 107 104 102 103 104 105 106 112 119 123 127 125 123 121 119 117 115 112 108 110 111 106 101 88 76 74 73 65 56 52 47 45 44 40 37 38 39 40 42 40 38 38 38 38 39 42 44 42 40 40 40 42 44 48 52 59 66 65 64 65 66 65 63 62 61 62 63 62 62 61 60 58 56 53 51 53 56 60 64 67 69 68 67 59 51
54 57 65 73 80 88 82 76 82 89 100 111 108 104 104 105 105 106 116 127 131 135 129 123 121 119 115 111 99 88 88 89 85 82 77 72 70 68 63 58 53 48 45 42 40 38 39 40 43 46 43 40 40 39 39 40 40 41 41 41 41 41 43 45 47 49 55 61 63 64 64 64 64 63 63 63 64 65 64 64 63 61 59 58 56 54 53 53 56 58 63 68 72 76 61 47
54 53 58 63 67 71 72 73 80 87 103 119 115 110 108 107 106 105 109 113 114 114 112 109 118 127 127 127 105 83 77 72 71 70 70 70 66 63 60 56 52 47 44 41 38 35 35 35 37 40 40 41 40 39 40 40 41 43 42 42 42 42 43 44 45 45 49 52 55 58 64 70 68 67 66 65 65 65 65 64 63 62 60 58 56 55 55 56 57 58 62 66 66 65 56 48
53 49 51 54 54 54 62 70 77 85 106 127 122 116 112 109 106 103 102 100 97 94 95 96 116 135 139 143 111 79 66 54 56 59 63 67 63 58 56 54 50 46 43 40 37 33 31 30 31 33 37 42 41 40 40 40 42 44 43 43 43 43 43 44 43 42 43 43 48 53 64 76 73 70 68 66 66 66 65 64 63 62 60 58 57 57 57 58 58 58 61 65 59 53 51 50
63 56 56 55 54 53 58 64 72 80 97 113 114 115 113 112 112 111 102 92 90 88 89 89 101 112 122 132 112 91 72 53 52 51 54 57 56 55 53 51 47 44 40 36 34 32 31 31 32 33 36 38 39 39 40 40 41 42 42 42 42 43 43 44 43 43 42 42 45 48 55 61 62 62 63 64 65 66 65 64 63 62 60 58 57 56 56 56 57 58 61 64 57 51 49 48
74 63 60 56 54 51 55 59 67 75 87 99 107 114 114 115 117 119 102 84 84 83 83 83 86 89 105 121 112 103 77 51 47 42 45 47 49 52 49 47 44 41 36 32 31 31 31 32 33 33 34 35 37 39 39 40 40 40 41 41 42 43 43 44 44 44 42 40 42 43 45 47 50 53 57 61 64 67 65 64 63 62 60 58 57 56 55 54 56 58 61 64 56 48 47 46
97 82 81 79 66 54 54 55 61 66 78 89 97 105 103 101 98 94 87 79 83 87 86 86 86 86 95 104 98 92 73 55 47 40 42 44 46 48 45 43 40 37 35 32 32 32 32 33 34 35 36 38 40 42 42 41 41 42 42 42 43 44 44 45 47 48 46 45 44 43 43 44 45 47 51 55 60 64 63 62 62 62 61 60 58 56 55 55 57 58 60 62 57 51 51 50
121 101 101 101 79 57 54 51 55 58 69 80 87 95 91 87 78 69 72 75 82 90 89 89 86 83 86 88 84 81 70 59 48 37 39 41 42 44 41 39 36 34 33 33 33 33 33 33 34 36 39 42 44 46 44 42 43 43 43 43 44 45 45 46 49 52 51 49 45 42 41 41 40 40 45 50 56 61 61 61 61 61 61 61 59 56 56 56 57 58 59 60 57 55 54 54
147 127 112 96 86 76 66 56 58 61 72 83 92 101 94 87 78 69 70 70 78 85 84 83 84 85 85 84 82 80 66 52 45 38 42 46 46 46 41 37 35 34 34 34 34 34 36 38 38 38 40 41 44 47 46 45 45 44 46 47 47 48 48 48 49 50 51 52 49 47 45 42 42 42 45 49 53 57 57 57 57 58 59 59 58 56 56 56 57 57 57 56 56 55 55 55
173 154 123 91 94 96 78 61 62 64 75 85 96 106 96 86 77 68 67 66 73 81 79 78 83 87 83 80 79 78 62 46 42 39 45 52 50 47 41 35 35 34 34 35 35 35 39 44 42 40 40 41 44 47 48 48 47 46 49 51 51 51 51 51 50 49 52 55 54 52 48 43 43 43 45 47 50 54 53 52 53 54 56 57 57 57 57 57 56 56 54 53 54 56 56 56
147 118 98 78 78 79 79 80 81 81 84 86 89 92 85 78 71 64 63 61 73 84 78 72 75 77 76 74 73 72 60 47 46 45 47 49 48 47 42 38 36 35 35 35 36 36 38 41 41 41 41 42 45 48 47 45 45 45 48 50 50 50 50 50 49 48 51 54 51 49 47 44 44 43 44 45 47 49 49 49 50 51 52 53 54 55 55 56 56 56 56 55 55 55 56 56
121 82 73 65 63 61 80 100 99 99 93 87 83 79 74 70 65 60 58 56 72 88 77 67 67 67 68 69 68 66 57 49 50 51 49 47 46 46 43 41 38 35 36 36 37 37 38 38 40 43 43 43 45 48 45 43 44 44 47 49 49 49 49 49 49 48 50 52 49 46 46 45 44 43 44 44 44 44 45 46 46 47 48 48 51 53 54 55 56 56 57 58 56 54 56 57
94 75 67 59 57 54 68 82 83 84 78 72 67 62 60 57 55 53 53 52 60 69 66 64 62 61 61 62 64 65 59 53 52 51 50 49 48 47 44 41 39 37 37 38 38 39 40 41 43 45 45 45 48 50 48 45 45 45 47 48 48 49 49 49 48 48 48 49 50 51 49 48 46 44 44 44 43 43 43 43 44 45 45 46 47 49 51 53 54 55 56 56 55 54 55 57
68 68 60 53 50 48 56 65 67 69 63 57 51 45 45 45 46 46 47 48 49 50 55 60 57 54 55 56 59 63 60 57 54 51 51 50 50 49 45 41 39 38 39 40 40 40 42 45 46 48 48 48 50 53 50 47 46 46 46 47 47 48 48 49 48 47 46 45 50 55 52 50 47 45 44 44 43 42 41 41 42 42 43 43 44 45 48 52 53 55 54 54 54 53 55 56
72 70 63 55 52 49 53 58 61 63 58 53 48 43 41 40 42 44 46 47 48 48 52 56 55 53 57 61 69 76 68 59 56 54 53 52 51 50 48 46 43 40 41 42 42 42 44 47 49 51 51 50 54 57 55 52 51 49 50 50 50 50 49 48 48 47 46 46 48 51 50 48 47 45 44 44 42 41 41 41 41 41 41 41 42 42 45 48 49 50 50 50 51 53 55 56
75 73 66 58 55 51 51 51 54 57 54 50 45 40 38 36 39 41 44 46 47 47 50 52 52 53 59 66 78 90 75 61 59 57 55 53 52 52 51 51 46 42 43 44 44 43 46 50 52 55 53 52 57 61 60 58 55 53 53 53 53 53 50 47 47 47 47 47 47 48 47 47 46 45 44 44 42 41 41 40 40 40 40 39 39 40 42 44 44 45 46 46 49 52 54 56
73 72 70 67 61 56 54 52 54 56 53 50 44 39 38 38 40 42 45 49 60 71 73 76 74 71 69 68 73 79 70 62 57 53 53 52 54 56 54 52 54 56 51 47 47 48 51 54 56 58 57 55 61 66 64 62 59 56 56 56 54 53 51 50 48 47 47 46 47 47 47 46 45 44 43 43 42 41 40 40 40 40 39 38 38 37 38 39 41 42 44 45 48 50 52 54
