homework/Homework_5_files/or_precip_1983_06.asc
ncols 407
nrows 229
xllcorner -124.73958333333
yllcorner 41.73958333333
cellsize 0.02083333333
NODATA_value -9999
[rows 141 to 187 of 229, columns 288 to 383 of 407]
12 12 12 12 12 12 15 18 19 21 23 25 26 26 29 32 32 32 32 32 30 27 27 26 26 26 27 28 27 26 27 27 29 31 30 30 31 33 35 37 38 39 43 47 46 46 45 45 45 45 46 46 45 44 41 38 38 37 35 33 31 30 29 28 26 25 25 24 26 28 31 35 36 38 33 28 24 20 18 17 18 18 17 16 15 14 -9999 -9999 -9999 -9999 -9999 -9999 -9999 -9999 -9999 -9999
12 12 12 12 12 12 15 18 20 22 24 26 26 27 30 33 33 32 32 32 30 27 27 27 27 27 27 26 26 26 26 27 28 29 29 29 29 30 34 38 38 38 43 47 46 45 45 45 45 46 47 48 46 43 40 37 36 35 33 31 31 30 31 31 28 25 25 25 26 28 34 39 38 38 33 28 23 19 18 17 18 19 18 17 15 12 -9999 -9999 -9999 -9999 -9999 -9999 -9999 -9999 -9999 -9999
12 13 13 13 14 14 16 18 20 22 23 25 27 30 31 32 31 31 31 31 29 28 29 29 28 27 26 26 26 26 26 26 27 28 28 28 30 31 34 38 38 38 42 46 44 42 43 44 45 46 46 47 44 41 39 36 36 35 34 32 31 31 29 28 27 26 25 24 26 28 32 37 36 36 31 27 24 20 21 21 22 22 22 21 18 16 -9999 -9999 -9999 -9999 -9999 -9999 -9999 -9999 -9999 -9999
13 14 15 15 15 16 17 18 19 21 23 25 28 32 31 30 30 30 30 30 29 29 30 31 29 26 26 26 25 25 25 25 26 27 27 27 30 32 35 37 37 37 41 45 42 39 41 43 45 46 46 46 42 39 38 36 36 35 34 33 32 31 28 25 26 27 26 24 26 29 31 34 34 34 30 27 24 21 23 25 25 25 25 25 22 20 -9999 -9999 -9999 -9999 -9999 -9999 -9999 -9999 -9999 -9999
13 15 15 16 16 16 17 17 20 23 24 25 28 30 29 28 29 29 28 28 27 27 28 28 27 26 26 26 26 26 27 28 29 30 28 27 30 32 36 39 39 39 41 44 41 37 39 41 45 49 48 48 45 41 39 37 36 36 35 33 32 32 29 26 26 26 25 23 26 29 30 31 32 32 30 28 25 22 25 27 28 29 28 27 24 20 -9999 -9999 -9999 -9999 -9999 -9999 -9999 -9999 -9999 -9999
14 15 16 17 16 16 16 17 21 25 25 26 27 28 27 26 27 28 27 26 25 25 25 26 26 26 26 26 26 27 29 30 31 32 29 27 30 32 37 41 41 41 42 43 40 36 37 38 44 51 51 50 47 43 40 37 37 37 36 34 33 32 29 27 26 25 24 23 26 29 29 28 29 30 30 30 27 24 26 28 31 33 31 30 25 21 -9999 -9999 -9999 -9999 -9999 -9999 -9999 -9999 -9999 -9999
14 15 16 17 17 17 18 18 21 23 23 24 25 26 26 26 27 28 27 26 25 25 25 26 26 26 26 26 27 28 29 30 30 31 30 29 31 34 37 41 41 41 43 45 42 38 39 39 45 50 48 46 43 40 39 37 38 39 36 34 32 30 28 27 26 26 24 22 25 27 27 26 27 28 28 29 27 26 27 29 31 33 31 29 27 25 -9999 -9999 -9999 -9999 -9999 -9999 -9999 -9999 -9999 -9999
14 16 17 18 18 19 19 20 20 21 21 22 23 25 25 26 27 27 27 26 26 25 25 25 25 25 26 26 27 29 29 29 29 30 31 32 33 35 38 41 41 41 44 48 43 39 40 41 45 48 45 42 40 37 37 37 39 41 37 34 31 28 27 27 27 26 24 22 24 25 25 24 25 27 27 28 28 28 29 30 32 34 31 29 29 28 -9999 -9999 -9999 -9999 -9999 -9999 -9999 -9999 -9999 -9999
15 16 17 18 18 19 19 19 20 21 22 23 24 25 25 26 26 26 26 26 26 25 26 26 26 25 26 26 27 28 30 31 29 27 29 30 39 47 45 42 44 45 47 48 46 43 42 40 43 47 43 39 38 37 37 36 37 38 34 30 28 26 27 28 27 27 25 22 23 23 24 24 26 27 28 28 28 28 29 30 32 33 32 30 29 29 -9999 -9999 -9999 -9999 -9999 -9999 -9999 -9999 -9999 -9999
15 17 17 18 18 18 19 19 20 20 22 25 25 25 25 25 26 26 26 26 25 25 26 26 26 25 26 26 27 27 30 33 29 25 27 29 44 59 51 43 47 50 50 49 48 47 43 39 42 45 40 35 36 37 37 36 35 35 31 27 26 25 27 29 28 28 25 23 22 22 23 24 26 27 28 28 28 28 29 30 32 33 32 30 30 30 -9999 -9999 -9999 -9999 -9999 -9999 -9999 -9999 -9999 -9999
15 17 17 17 18 18 19 19 20 21 22 24 25 26 26 25 25 26 26 26 26 25 26 26 26 26 27 27 28 29 33 37 32 28 27 27 36 44 40 36 38 40 40 41 42 44 43 43 42 41 39 36 35 33 33 33 33 34 30 27 25 23 25 26 26 27 24 22 23 24 26 28 30 31 31 31 29 28 28 29 29 30 29 27 28 29 -9999 -9999 -9999 -9999 -9999 -9999 -9999 -9999 -9999 -9999
15 16 17 17 18 18 19 20 21 22 22 23 25 27 26 25 25 25 26 26 26 26 26 27 27 27 28 28 30 31 36 40 35 31 28 25 27 30 29 29 29 30 31 32 36 40 44 47 42 38 37 36 33 29 30 30 31 33 30 26 24 22 22 23 24 25 23 21 24 26 29 32 33 34 34 34 31 28 28 28 27 27 26 25 27 28 -9999 -9999 -9999 -9999 -9999 -9999 -9999 -9999 -9999 -9999
15 17 17 18 18 18 19 20 21 22 23 24 26 28 27 26 26 27 26 26 26 26 27 27 27 28 28 28 29 30 33 37 34 31 28 24 26 28 28 28 28 29 29 30 34 38 41 43 40 37 36 35 33 31 31 31 31 32 29 25 24 22 22 23 24 25 24 23 25 27 29 32 33 35 34 33 30 28 28 27 27 28 27 27 27 27 -9999 -9999 -9999 -9999 -9999 -9999 -9999 -9999 -9999 -9999
15 17 17 18 18 19 19 20 21 21 23 25 28 30 29 27 28 28 27 27 27 26 27 27 27 28 28 29 29 29 31 34 32 31 27 24 25 27 27 27 27 27 27 28 32 37 38 39 38 37 36 35 33 32 32 32 32 31 28 25 24 23 23 23 24 25 25 25 27 28 30 31 34 36 34 32 30 28 27 27 28 28 28 28 27 26 -9999 -9999 -9999 -9999 -9999 -9999 -9999 -9999 -9999 -9999
16 18 18 19 20 20 20 20 21 21 24 27 29 30 29 29 29 29 27 26 27 27 28 29 29 30 30 30 29 29 30 31 30 29 28 26 26 26 26 27 26 26 27 27 29 32 33 34 34 33 33 32 31 30 30 30 30 30 26 21 23 24 25 27 28 29 28 28 30 31 33 35 36 38 36 34 33 32 31 31 31 31 30 30 29 29 -9999 -9999 -9999 -9999 -9999 -9999 -9999 -9999 -9999 -9999
17 18 19 20 21 21 21 20 21 21 25 29 29 29 30 30 30 30 28 26 27 28 29 31 31 32 31 31 30 29 28 27 27 27 28 29 27 26 26 26 26 26 26 26 27 27 28 29 30 30 30 29 29 29 28 27 28 29 23 18 22 25 28 31 32 33 31 30 32 35 37 39 39 39 37 35 35 35 35 34 34 33 32 32 32 31 -9999 -9999 -9999 -9999 -9999 -9999 -9999 -9999 -9999 -9999
19 20 21 21 22 23 22 21 23 24 26 29 29 29 29 29 29 29 27 25 26 27 29 31 30 30 31 33 33 33 32 30 28 26 26 26 26 25 25 25 25 26 26 26 27 28 29 30 29 29 28 27 25 24 23 22 23 24 21 19 24 30 31 32 33 33 32 32 34 36 39 42 41 40 38 36 37 38 37 35 35 34 34 34 33 33 -9999 -9999 -9999 -9999 -9999 -9999 -9999 -9999 -9999 -9999
21 22 22 22 23 24 23 22 25 27 28 29 28 28 28 28 28 28 26 24 26 27 29 30 29 27 32 36 36 37 35 32 28 24 24 23 24 25 25 25 25 25 26 26 27 28 29 30 29 27 26 24 22 20 19 18 18 19 20 20 27 34 33 33 33 33 33 34 35 37 41 45 43 41 39 37 40 42 39 36 36 35 35 36 35 35 35 -9999 -9999 -9999 -9999 -9999 -9999 -9999 -9999 -9999
23 23 23 23 24 25 25 25 26 27 27 27 28 28 28 28 28 27 26 25 26 27 27 27 28 29 33 36 37 38 34 29 27 24 23 23 24 25 25 25 25 25 26 26 27 27 28 30 29 29 26 23 23 24 24 24 25 26 26 27 30 33 33 33 33 33 33 34 35 36 38 39 38 38 38 38 41 43 40 36 36 36 36 36 36 35 36 -9999 -9999 -9999 -9999 -9999 -9999 -9999 -9999 -9999
25 25 25 25 25 26 26 27 27 27 26 26 27 28 28 28 28 27 27 27 27 27 25 23 27 31 33 36 37 38 32 26 25 23 23 22 23 24 25 25 25 25 26 26 26 27 28 29 30 31 26 22 25 27 29 30 31 32 33 34 33 33 33 33 33 33 33 34 34 34 34 33 34 34 36 39 42 45 41 37 37 37 36 36 36 36 36 -9999 -9999 -9999 -9999 -9999 -9999 -9999 -9999 -9999
26 25 25 25 26 26 26 27 28 29 30 31 30 29 29 29 31 34 33 33 31 30 29 29 31 33 34 35 33 31 28 25 24 23 23 23 23 24 25 25 25 26 25 25 25 26 25 25 24 24 23 22 24 26 28 30 31 32 32 33 32 32 32 32 32 33 33 33 34 34 34 34 34 34 36 38 39 41 39 37 37 37 37 37 36 36 37 -9999 -9999 -9999 -9999 -9999 -9999 -9999 -9999 -9999
27 26 26 26 26 26 27 27 29 31 34 37 34 31 30 29 35 41 40 39 35 32 33 34 34 34 34 34 29 24 24 23 23 23 23 23 23 24 25 26 26 26 25 25 25 24 22 20 19 17 20 22 24 25 28 31 31 32 32 32 32 32 32 32 32 32 33 33 33 34 34 34 35 35 36 36 36 37 37 37 37 37 37 37 37 36 37 -9999 -9999 -9999 -9999 -9999 -9999 -9999 -9999 -9999
26 26 27 28 27 27 27 27 29 30 34 37 37 36 35 34 37 40 40 40 37 34 34 35 34 34 33 31 28 24 24 25 24 24 24 24 24 25 26 27 27 26 25 25 24 23 22 20 18 16 18 21 23 26 28 30 31 31 31 31 31 31 31 31 31 31 32 32 33 33 34 34 35 35 35 36 36 36 36 37 37 37 37 38 37 36 36 -9999 -9999 -9999 -9999 -9999 -9999 -9999 -9999 -9999
26 26 28 30 29 28 27 26 28 30 33 36 39 42 41 39 39 39 40 42 39 36 36 35 34 34 31 28 26 24 25 26 25 24 24 24 25 26 27 29 28 26 25 24 23 22 21 20 17 15 17 20 23 27 28 30 30 31 31 30 31 31 31 31 31 31 31 31 32 33 33 34 34 35 35 36 36 36 36 36 37 37 38 39 37 36 35 -9999 -9999 -9999 -9999 -9999 -9999 -9999 -9999 -9999
25 25 28 30 30 30 29 28 30 32 34 37 40 44 43 42 39 37 37 37 36 35 33 31 30 29 27 25 25 24 25 26 25 25 25 25 25 25 26 27 26 25 25 24 22 21 20 19 17 15 17 19 22 25 26 28 29 29 30 30 30 30 31 31 31 31 30 30 31 32 32 33 34 34 34 35 35 35 35 36 36 36 37 37 36 34 33 -9999 -9999 -9999 -9999 -9999 -9999 -9999 -9999 -9999
25 25 28 31 32 33 31 30 32 34 36 39 42 45 45 45 40 35 34 33 33 33 30 27 25 24 23 22 23 24 25 26 26 26 26 27 26 25 25 25 24 24 24 24 22 19 19 19 17 16 17 19 21 23 25 26 27 28 28 29 30 30 31 32 31 30 30 30 30 30 31 33 33 33 33 34 34 34 34 35 35 35 35 36 34 33 30 -9999 -9999 -9999 -9999 -9999 -9999 -9999 -9999 -9999
25 25 27 28 30 32 32 33 34 35 38 40 42 45 43 42 38 33 31 29 28 28 26 25 25 25 24 24 23 23 25 27 26 26 26 26 25 24 24 24 24 23 23 23 21 19 19 18 18 17 19 20 22 24 25 27 28 28 29 29 30 30 31 31 30 30 29 29 30 30 31 31 32 32 32 33 33 33 34 34 34 34 34 34 33 32 30 -9999 -9999 -9999 -9999 -9999 -9999 -9999 -9999 -9999
26 26 25 25 29 32 34 36 36 37 39 42 43 44 41 38 35 31 28 25 24 22 23 23 25 26 26 26 23 21 25 28 27 26 25 25 24 24 24 24 23 22 22 21 20 20 19 18 18 18 20 22 23 24 26 28 28 29 29 29 30 30 30 31 30 29 29 29 29 30 30 30 30 30 31 32 32 33 33 33 33 33 33 33 33 32 29 -9999 -9999 -9999 -9999 -9999 -9999 -9999 -9999 -9999
28 27 28 28 30 32 34 36 38 40 42 44 43 42 40 37 34 32 27 22 21 21 21 21 21 21 22 24 23 21 23 24 26 27 25 22 22 21 21 21 21 22 21 21 20 20 19 19 18 18 20 23 24 24 25 25 26 27 28 29 29 29 30 30 29 28 28 28 29 29 29 29 30 30 31 32 32 32 32 33 33 32 33 33 32 31 29 -9999 -9999 -9999 -9999 -9999 -9999 -9999 -9999 -9999
29 29 30 31 32 32 34 37 40 43 45 46 43 40 38 36 34 32 25 19 19 20 19 19 17 16 19 22 22 21 20 20 24 29 24 19 19 19 18 18 20 22 21 21 20 19 19 19 19 19 21 23 24 25 24 23 24 25 26 28 28 29 29 29 28 28 28 28 28 28 29 29 29 29 30 31 31 31 32 32 32 31 32 33 31 30 28 -9999 -9999 -9999 -9999 -9999 -9999 -9999 -9999 -9999
33 34 35 35 35 35 36 37 40 43 43 43 41 40 37 35 31 26 21 16 17 18 17 17 16 16 19 22 22 22 21 21 23 25 22 19 19 19 18 18 19 20 20 20 20 19 19 19 19 19 20 22 23 24 23 22 23 24 24 25 26 26 27 27 27 27 28 28 28 28 29 29 29 29 30 31 31 31 31 31 31 30 31 31 30 29 28 -9999 -9999 -9999 -9999 -9999 -9999 -9999 -9999 -9999
36 39 39 40 39 38 38 38 40 42 41 40 40 40 37 34 28 21 17 14 15 15 15 15 16 16 19 22 22 23 22 22 21 21 20 19 19 19 19 18 19 19 19 19 19 19 19 19 19 18 20 21 22 23 22 22 22 22 22 22 23 24 25 26 26 26 27 28 28 29 28 28 29 29 30 30 31 31 31 30 30 29 29 29 29 29 29 -9999 -9999 -9999 -9999 -9999 -9999 -9999 -9999 -9999
39 41 42 43 42 41 40 40 41 41 41 40 39 38 34 29 23 17 16 15 15 16 16 16 16 16 19 22 22 23 23 22 22 21 20 20 19 19 19 18 19 19 19 19 19 19 19 19 18 18 19 19 20 20 20 20 21 22 22 22 24 25 26 27 27 27 28 28 28 29 29 29 29 29 30 30 31 31 30 30 29 29 29 28 27 25 25 -9999 -9999 -9999 -9999 -9999 -9999 -9999 -9999 -9999
41 43 44 46 45 43 43 43 42 41 40 40 38 36 30 24 18 13 15 17 16 16 16 16 16 16 19 22 22 23 23 23 22 21 20 20 19 19 19 19 19 19 19 19 19 19 18 18 18 18 18 18 18 18 19 19 21 22 23 23 24 26 27 28 28 28 28 28 28 29 29 29 29 29 30 30 30 31 30 29 28 28 28 28 25 22 22 -9999 -9999 -9999 -9999 -9999 -9999 -9999 -9999 -9999
42 43 45 47 47 46 44 42 41 40 40 39 37 36 28 20 18 15 15 15 15 15 16 18 17 15 19 22 23 23 23 23 22 21 21 21 20 20 19 19 19 19 19 19 19 19 18 18 18 18 18 18 18 18 18 19 20 21 22 23 25 26 27 28 29 30 29 29 29 29 29 30 30 30 30 30 30 30 29 28 26 25 24 24 22 20 20 -9999 -9999 -9999 -9999 -9999 -9999 -9999 -9999 -9999
43 44 46 48 48 49 45 41 40 40 39 39 37 35 26 16 17 17 15 14 14 14 16 19 17 15 19 23 23 24 24 23 23 22 22 22 21 20 19 19 19 19 19 19 19 19 19 18 18 18 18 18 18 17 18 19 19 20 22 24 25 26 27 28 29 31 31 30 30 30 30 30 30 30 30 31 30 30 29 28 24 21 21 20 19 19 18 -9999 -9999 -9999 -9999 -9999 -9999 -9999 -9999 -9999
44 46 47 48 49 49 46 43 43 43 40 38 33 28 22 17 16 15 14 13 15 17 18 19 17 16 19 21 22 24 23 23 22 22 22 22 21 20 20 19 19 19 19 19 19 19 19 18 18 18 18 18 18 18 18 19 19 20 22 23 25 26 27 28 29 31 30 30 30 30 30 30 30 30 30 30 29 29 28 28 25 22 20 19 18 17 17 -9999 -9999 -9999 -9999 -9999 -9999 -9999 -9999 -9999
46 47 48 49 49 49 47 46 46 46 42 37 29 21 19 17 15 12 13 13 16 19 19 18 18 17 18 20 22 23 23 22 22 22 21 21 21 20 20 20 19 19 19 19 19 19 19 18 18 18 18 19 18 18 19 19 19 19 21 22 24 26 27 27 29 30 30 30 30 30 30 30 30 30 29 29 28 27 27 28 25 22 20 19 17 16 15 -9999 -9999 -9999 -9999 -9999 -9999 -9999 -9999 -9999
46 47 48 48 47 46 46 46 45 45 38 32 24 17 18 19 16 13 13 13 14 16 16 17 16 16 17 18 19 20 20 20 20 20 20 20 20 20 20 20 19 19 19 19 19 19 19 18 18 18 19 19 19 19 20 20 20 20 22 24 26 27 27 27 28 28 29 29 30 30 30 30 30 30 29 28 27 26 25 24 22 20 19 18 18 18 18 -9999 -9999 -9999 -9999 -9999 -9999 -9999 -9999 -9999
47 47 47 47 45 43 44 46 45 43 35 27 20 13 17 21 18 14 14 13 13 12 14 15 15 15 16 16 17 17 18 18 19 19 20 20 20 20 20 19 19 19 19 19 19 19 18 18 19 19 19 19 20 21 21 21 20 20 23 25 27 29 28 27 26 26 28 29 29 29 30 30 30 29 28 27 26 25 23 20 19 19 18 17 18 19 21 -9999 -9999 -9999 -9999 -9999 -9999 -9999 -9999 -9999
45 44 46 47 45 42 44 45 43 40 31 22 18 14 16 18 17 15 15 14 14 13 15 16 16 16 16 16 16 17 17 18 18 18 19 19 19 19 19 19 19 19 19 19 18 18 18 19 19 19 19 19 20 21 21 21 21 22 24 25 27 29 28 28 28 28 29 30 30 30 30 30 30 29 28 26 26 25 23 22 21 19 19 18 18 19 19 -9999 -9999 -9999 -9999 -9999 -9999 -9999 -9999 -9999
44 41 44 47 44 41 43 45 40 36 26 17 15 14 15 15 16 17 16 15 15 15 16 18 17 17 16 15 16 17 17 17 17 18 18 18 18 19 19 19 19 19 19 19 18 18 18 19 19 19 19 19 20 21 21 21 22 24 24 25 27 28 29 29 29 29 30 30 30 30 30 30 29 29 28 26 26 25 24 24 22 20 20 19 19 19 18 -9999 -9999 -9999 -9999 -9999 -9999 -9999 -9999 -9999
43 41 43 44 42 40 43 46 41 35 26 16 15 14 14 14 14 14 14 14 15 16 17 18 17 16 15 15 16 16 17 17 17 18 18 18 18 19 19 19 19 20 19 19 20 20 20 19 20 20 20 20 21 21 21 22 23 24 24 25 26 27 28 29 29 30 31 32 31 31 30 30 30 29 28 26 25 25 24 23 22 20 20 20 19 19 19 -9999 -9999 -9999 -9999 -9999 -9999 -9999 -9999 -9999
42 41 41 41 40 40 44 48 41 34 25 15 15 14 13 13 13 12 13 14 16 18 18 18 16 15 14 14 15 16 17 17 17 18 18 18 18 18 18 18 19 20 20 19 21 23 22 20 20 21 21 21 21 22 22 23 23 23 24 25 26 26 28 29 30 30 32 33 33 32 31 30 30 30 28 25 25 25 24 22 21 21 20 20 20 20 20 -9999 -9999 -9999 -9999 -9999 -9999 -9999 -9999 -9999
42 41 39 37 39 41 44 47 39 32 23 15 14 13 13 12 12 12 13 14 16 17 17 17 15 14 14 14 15 16 16 17 17 18 18 18 19 20 20 20 22 23 23 23 24 25 24 23 22 21 21 22 23 23 24 24 24 23 25 26 26 27 28 29 30 31 31 32 31 31 30 29 29 28 26 25 25 25 24 24 22 21 21 21 21 21 21 -9999 -9999 -9999 -9999 -9999 -9999 -9999 -9999 -9999
42 41 37 34 38 43 44 45 38 30 22 14 13 13 12 11 11 12 14 15 15 15 16 16 14 13 13 14 15 15 16 16 17 18 18 18 20 22 22 21 24 27 27 27 26 26 26 26 23 21 22 23 24 24 25 25 24 24 25 26 27 27 28 30 30 31 31 31 30 30 30 29 27 25 25 25 25 25 25 25 24 22 22 22 22 22 22 -9999 -9999 -9999 -9999 -9999 -9999 -9999 -9999 -9999
42 42 40 38 38 38 38 39 32 26 19 12 12 12 11 11 11 11 13 14 14 14 15 15 13 12 13 14 14 15 15 16 18 21 21 20 22 23 22 22 23 25 25 26 27 28 27 25 24 22 23 23 24 24 26 27 27 27 27 28 29 30 30 30 31 31 31 31 30 30 30 29 27 25 26 26 26 25 25 25 25 24 24 23 23 23 23 -9999 -9999 -9999 -9999 -9999 -9999 -9999 -9999 -9999
