homework/Homework_5_files/or_precip_1983_10.asc
ncols 407
nrows 229
xllcorner -124.73958333333
yllcorner 41.73958333333
cellsize 0.02083333333
NODATA_value -9999
[rows 144 to 191 of 229, columns 0 to 95 of 407]
-9999 -9999 -9999 -9999 -9999 -9999 -9999 -9999 -9999 -9999 -9999 -9999 -9999 -9999 -9999 -9999 -9999 -9999 -9999 -9999 79 79 79 79 79 79 80 80 80 81 83 85 85 85 83 80 84 87 84 81 80 78 77 75 69 63 59 55 55 55 51 47 42 37 37 37 37 37 37 37 38 38 45 51 48 44 42 39 41 44 43 41 44 47 51 54 56 58 58 59 59 59 61 63 69 74 71 69 75 81 85 89 88 87 85 83
-9999 -9999 -9999 -9999 -9999 -9999 -9999 -9999 -9999 -9999 -9999 -9999 -9999 -9999 -9999 -9999 -9999 -9999 -9999 -9999 79 79 79 79 80 80 80 81 83 84 84 85 84 83 82 80 80 80 80 81 81 82 83 83 76 69 63 57 54 50 47 45 40 36 36 36 35 35 35 35 36 36 41 46 43 41 39 38 40 41 40 39 41 43 45 48 51 54 54 53 57 60 64 68 70 73 73 73 75 77 80 84 84 85 81 77
-9999 -9999 -9999 -9999 -9999 -9999 -9999 -9999 -9999 -9999 -9999 -9999 -9999 -9999 -9999 -9999 -9999 -9999 -9999 -9999 80 80 80 80 80 80 81 82 85 87 86 85 83 82 80 79 76 72 76 81 83 85 88 91 84 76 68 59 52 45 44 42 39 35 35 34 34 33 33 34 34 34 37 40 39 37 37 38 38 39 38 38 38 38 40 41 45 49 49 48 55 61 67 72 72 72 74 77 75 73 76 78 81 84 78 71
-9999 -9999 -9999 -9999 -9999 -9999 -9999 -9999 -9999 -9999 -9999 -9999 -9999 -9999 -9999 -9999 -9999 -9999 -9999 79 80 80 80 80 80 80 81 82 83 84 84 83 80 78 79 80 78 76 77 78 80 81 83 85 82 78 72 66 59 52 50 48 41 35 34 33 33 34 36 37 37 36 38 39 38 37 37 37 38 39 39 38 39 39 40 41 43 46 48 51 56 60 70 81 74 67 67 68 70 72 71 71 71 71 74 77
-9999 -9999 -9999 -9999 -9999 -9999 -9999 -9999 -9999 -9999 -9999 -9999 -9999 -9999 -9999 -9999 -9999 -9999 79 79 80 80 80 80 80 79 80 81 81 81 81 81 77 73 77 81 80 79 77 76 77 77 78 79 79 79 76 73 66 60 57 54 44 34 33 31 33 35 38 40 40 39 39 38 37 36 36 37 38 39 39 39 39 39 40 40 41 43 48 54 56 59 74 89 75 61 61 60 65 71 67 63 61 59 71 83
-9999 -9999 -9999 -9999 -9999 -9999 -9999 -9999 -9999 -9999 -9999 -9999 -9999 -9999 -9999 -9999 -9999 77 78 79 79 80 80 81 79 78 78 79 78 78 77 76 75 74 75 76 76 77 78 79 78 77 76 76 75 73 70 67 63 59 57 55 45 36 35 35 34 34 35 35 35 35 35 35 35 35 36 36 38 40 40 39 40 42 42 43 45 47 54 61 66 71 72 73 65 57 57 57 62 66 63 60 59 59 63 67
-9999 -9999 -9999 -9999 -9999 -9999 -9999 -9999 -9999 -9999 -9999 -9999 -9999 -9999 -9999 -9999 77 77 78 78 79 80 81 81 79 77 76 76 75 75 73 72 74 76 74 72 73 74 78 83 79 76 74 73 70 67 64 62 60 59 58 57 47 37 38 39 36 33 32 30 31 32 32 33 33 34 35 35 38 41 40 39 41 44 45 45 48 51 60 68 76 84 71 58 55 53 54 55 58 62 59 57 57 58 55 52
-9999 -9999 -9999 -9999 -9999 -9999 -9999 -9999 -9999 -9999 -9999 -9999 -9999 -9999 -9999 74 76 76 77 78 78 78 79 79 77 75 74 74 74 73 73 72 75 77 77 77 78 80 80 79 77 75 73 71 69 67 64 60 59 57 56 55 47 40 39 37 36 36 33 30 31 32 32 32 34 36 35 34 38 41 40 39 41 43 44 44 46 47 52 56 62 67 60 53 54 55 55 56 59 62 57 53 52 52 51 50
-9999 -9999 -9999 -9999 -9999 -9999 -9999 -9999 -9999 -9999 -9999 -9999 -9999 -9999 74 74 75 76 76 77 77 77 77 77 75 73 72 72 72 72 72 73 76 79 80 81 84 86 81 76 75 74 72 69 68 67 63 59 58 56 54 53 48 43 39 36 37 38 34 30 31 32 32 32 34 37 35 33 37 41 40 39 41 42 43 43 43 44 44 44 47 50 49 48 52 57 56 56 59 62 55 48 47 46 48 49
-9999 -9999 -9999 -9999 -9999 -9999 -9999 -9999 -9999 -9999 -9999 -9999 -9999 -9999 73 73 75 77 75 73 73 73 73 73 72 71 71 71 71 71 75 79 79 79 81 83 82 81 78 75 74 73 71 70 69 67 66 64 62 61 55 48 46 43 41 39 40 42 36 31 30 29 30 31 32 34 34 34 36 37 37 36 37 39 39 40 40 40 40 41 46 51 52 54 53 52 51 50 51 53 50 46 49 53 54 56
-9999 -9999 -9999 -9999 -9999 -9999 -9999 -9999 -9999 -9999 -9999 -9999 -9999 -9999 72 72 75 77 74 70 69 69 69 69 69 69 69 69 69 70 78 86 82 79 82 84 80 76 76 75 73 72 71 70 69 68 69 69 67 65 55 44 44 43 42 41 44 46 39 31 29 26 28 31 31 31 33 36 35 34 33 33 34 35 36 36 36 36 37 38 44 51 56 61 55 48 46 43 44 45 44 44 51 59 61 63
-9999 -9999 -9999 -9999 -9999 -9999 -9999 -9999 -9999 -9999 -9999 -9999 -9999 -9999 71 71 72 74 71 69 68 67 67 67 67 67 67 68 69 69 75 81 79 77 78 80 77 75 74 73 72 71 70 70 69 69 70 70 66 61 54 48 46 45 45 44 43 41 37 32 30 27 28 29 30 31 31 32 32 33 33 33 34 34 34 35 35 36 36 37 42 47 49 50 47 44 43 41 42 42 48 53 56 59 62 65
-9999 -9999 -9999 -9999 -9999 -9999 -9999 -9999 -9999 -9999 -9999 -9999 -9999 -9999 69 69 70 70 69 68 67 66 66 66 66 65 66 67 68 69 73 76 75 75 75 75 74 73 72 71 71 71 70 70 70 70 70 71 64 57 54 51 49 47 47 47 42 37 35 33 31 28 28 27 29 31 29 27 29 32 32 33 33 33 33 33 34 35 36 36 40 43 41 40 39 39 39 40 40 40 51 62 61 60 64 68
-9999 -9999 -9999 -9999 -9999 -9999 -9999 -9999 -9999 -9999 -9999 -9999 -9999 -9999 68 68 68 68 68 67 66 66 65 65 65 64 65 65 66 67 69 71 71 72 71 71 71 71 71 71 72 73 73 73 73 73 73 73 68 63 57 51 48 46 45 45 40 36 36 36 33 30 28 26 26 26 25 23 25 27 28 29 30 30 31 32 35 38 38 37 39 42 41 40 40 39 40 40 41 43 47 51 52 53 59 66
-9999 -9999 -9999 -9999 -9999 -9999 -9999 -9999 -9999 -9999 -9999 -9999 -9999 -9999 68 68 67 67 67 67 66 65 64 64 64 63 64 64 65 65 66 66 68 69 68 66 67 68 70 71 73 75 76 77 77 77 76 76 72 69 60 51 48 45 44 43 39 35 36 38 35 32 29 25 24 22 21 20 21 23 24 25 26 28 30 32 36 41 40 39 39 40 40 40 40 40 40 40 43 45 43 40 43 46 55 63
-9999 -9999 -9999 -9999 -9999 -9999 -9999 -9999 -9999 -9999 -9999 -9999 -9999 67 67 67 67 66 66 66 65 65 64 64 64 63 63 64 65 67 66 65 66 66 64 62 63 64 66 67 70 73 74 76 75 75 73 71 69 67 61 55 51 48 44 40 37 35 36 36 35 34 30 26 25 24 23 23 25 26 26 26 28 29 32 35 38 41 40 39 38 38 39 41 41 41 41 41 44 47 45 43 45 47 56 66
-9999 -9999 -9999 -9999 -9999 -9999 -9999 -9999 -9999 -9999 -9999 -9999 67 67 67 66 66 66 66 65 65 64 64 64 64 63 63 63 66 69 66 64 64 63 61 58 59 60 62 64 67 71 73 74 74 74 70 66 66 66 62 59 55 51 43 36 36 36 35 35 35 35 31 27 26 26 26 26 28 30 29 27 29 31 35 39 40 40 40 39 38 36 39 42 42 42 42 43 46 49 48 47 47 47 58 69
-9999 -9999 -9999 -9999 -9999 -9999 -9999 -9999 -9999 -9999 -9999 -9999 67 67 67 66 66 65 65 65 65 65 65 66 65 63 63 63 65 67 65 64 63 63 61 60 60 60 64 68 70 72 73 75 74 74 72 69 71 73 65 57 51 45 41 38 37 36 35 35 35 34 32 30 28 25 25 26 28 30 32 34 35 36 37 37 37 37 38 38 38 39 40 42 43 43 44 45 48 50 49 47 47 48 54 60
-9999 -9999 -9999 -9999 -9999 -9999 -9999 -9999 -9999 -9999 -9999 -9999 67 67 67 66 66 65 65 65 65 65 67 68 66 64 63 63 64 65 64 63 63 62 62 61 61 61 66 72 72 72 74 75 75 75 74 73 76 80 68 55 47 39 39 40 38 36 35 35 34 34 34 34 29 24 25 25 27 29 35 41 41 42 39 35 35 34 35 36 39 41 42 43 43 44 46 47 49 52 50 48 48 49 50 50
-9999 -9999 -9999 -9999 -9999 -9999 -9999 -9999 -9999 -9999 -9999 -9999 67 67 67 66 66 65 65 65 66 67 67 67 65 64 63 63 63 64 63 63 63 64 64 65 63 61 64 68 70 71 73 76 76 76 75 75 70 64 58 51 44 37 36 35 34 33 33 33 33 33 32 31 28 25 26 27 30 33 36 38 38 38 36 35 35 35 35 36 37 38 40 41 44 48 49 51 50 50 48 46 46 46 47 48
-9999 -9999 -9999 -9999 -9999 -9999 -9999 -9999 -9999 -9999 -9999 -9999 67 67 67 66 66 65 65 65 67 69 67 66 65 64 63 63 63 63 63 63 64 65 67 69 65 60 63 65 67 69 73 77 77 77 77 78 63 48 48 47 41 35 32 30 30 31 31 31 31 31 30 29 28 26 27 28 33 38 37 36 35 33 34 34 35 35 35 36 35 35 37 40 45 51 53 54 51 48 47 45 44 43 44 45
-9999 -9999 -9999 -9999 -9999 -9999 -9999 -9999 -9999 -9999 -9999 -9999 67 67 67 67 66 66 66 66 67 69 66 63 63 63 62 62 62 62 63 63 62 62 63 64 63 61 63 64 64 65 69 73 73 73 72 70 57 44 42 40 37 33 30 27 27 27 28 28 28 29 28 27 26 26 26 25 31 36 34 31 32 33 34 34 35 35 34 33 34 34 37 39 43 47 49 51 52 52 48 44 43 42 42 43
-9999 -9999 -9999 -9999 -9999 -9999 -9999 -9999 -9999 -9999 -9999 -9999 68 68 67 67 67 67 67 67 68 68 65 61 61 62 62 61 62 62 62 62 61 59 59 59 61 63 63 63 61 60 64 69 69 69 66 63 51 39 36 33 32 31 28 25 24 24 25 26 26 26 25 24 25 26 24 22 28 34 30 26 29 32 33 34 35 35 33 31 32 33 36 39 41 43 45 48 52 57 50 44 42 40 40 41
-9999 -9999 -9999 -9999 -9999 -9999 -9999 -9999 -9999 -9999 -9999 70 69 68 68 68 68 68 68 68 70 73 66 60 61 61 61 61 60 60 61 61 59 57 57 57 58 59 58 58 58 57 61 64 68 72 63 55 46 38 35 32 32 32 29 26 26 25 27 29 29 30 29 29 29 30 25 20 25 29 28 27 30 32 33 34 35 35 33 31 34 37 37 38 42 45 45 45 48 50 46 41 45 49 49 48
-9999 -9999 -9999 -9999 -9999 -9999 -9999 -9999 -9999 -9999 70 70 69 69 69 69 69 69 69 69 73 77 68 59 60 61 60 60 59 59 59 59 57 55 55 55 55 55 54 54 54 54 57 60 68 75 61 47 42 36 33 30 31 33 30 27 27 27 30 33 33 34 34 34 34 35 26 18 21 24 26 28 30 32 34 35 34 34 33 32 36 40 39 38 42 47 45 43 43 44 41 39 49 59 58 56
-9999 -9999 -9999 -9999 -9999 -9999 -9999 -9999 -9999 -9999 70 70 69 69 69 69 70 70 70 70 74 77 72 67 64 60 61 61 58 56 55 53 52 51 52 53 53 53 53 54 53 53 55 57 59 60 51 42 38 33 33 33 33 32 31 30 32 34 34 35 34 34 31 28 27 26 21 17 19 21 23 25 26 28 29 30 32 34 35 35 37 38 37 36 40 45 42 39 40 41 40 39 45 51 51 50
-9999 -9999 -9999 -9999 -9999 -9999 -9999 -9999 -9999 -9999 70 70 70 70 70 70 70 70 71 71 74 77 76 75 68 60 61 62 57 53 50 47 47 47 48 50 51 52 53 54 53 51 53 55 50 45 42 38 34 31 33 36 34 31 32 32 37 41 39 37 35 34 28 23 20 17 16 15 16 18 20 22 22 23 24 25 30 34 36 38 37 35 34 34 38 43 39 34 36 38 39 39 41 44 44 45
-9999 -9999 -9999 -9999 -9999 -9999 -9999 -9999 -9999 74 71 70 70 70 71 71 71 70 71 71 76 81 77 73 69 64 63 61 55 48 50 52 50 49 48 48 52 55 56 56 62 67 70 73 63 53 47 42 38 33 33 33 32 31 33 34 35 37 34 31 29 28 24 21 19 17 16 16 18 19 20 21 24 27 27 28 31 35 36 37 36 35 36 38 40 42 39 37 41 45 44 43 45 47 49 50
-9999 -9999 -9999 -9999 -9999 -9999 -9999 -9999 74 74 72 71 71 71 71 72 71 70 70 71 77 84 77 71 70 69 65 60 52 43 50 57 54 51 48 45 52 59 59 59 71 84 88 92 76 60 53 47 41 36 33 30 31 32 33 35 34 33 29 25 23 22 20 18 18 17 17 17 19 20 20 19 25 30 30 30 33 36 36 36 35 34 38 43 42 41 40 40 46 53 50 47 48 50 53 56
-9999 -9999 -9999 -9999 -9999 -9999 -9999 77 76 75 73 72 72 73 76 78 77 76 79 82 84 85 80 75 70 65 64 63 59 55 53 50 48 47 55 64 72 80 78 76 83 91 91 91 74 58 53 48 44 39 39 39 36 34 34 33 33 32 32 31 30 29 26 24 25 27 27 28 28 29 26 23 28 32 34 36 38 39 38 38 36 35 40 45 45 45 43 41 45 48 50 52 52 53 55 56
-9999 -9999 -9999 -9999 -9999 -9999 77 77 77 77 75 73 74 75 80 85 84 82 88 93 90 87 82 78 70 62 64 66 67 67 55 43 43 42 62 82 92 102 97 92 95 98 94 89 72 56 52 48 46 43 45 47 41 36 34 32 31 31 34 38 37 36 33 30 33 36 37 39 38 37 32 27 30 34 38 43 43 43 41 39 37 36 42 47 48 48 45 42 43 43 50 56 57 57 56 55
-9999 -9999 -9999 -9999 -9999 -9999 78 78 78 78 76 75 75 75 80 85 86 86 92 98 94 90 86 82 71 59 60 60 63 66 62 59 52 45 59 73 87 102 99 96 95 95 82 70 61 53 50 46 45 43 45 47 41 35 36 36 34 32 34 36 34 32 33 33 37 41 41 41 40 39 35 31 33 35 38 40 42 43 40 38 38 38 45 51 50 49 48 46 46 47 49 52 53 54 55 55
-9999 -9999 -9999 -9999 -9999 -9999 78 78 78 79 78 77 76 75 80 86 88 90 97 103 98 93 90 87 72 56 55 53 59 65 70 75 61 47 55 64 83 102 101 100 96 91 71 51 51 51 47 44 44 43 45 47 41 35 38 41 37 34 34 35 32 29 32 35 41 47 45 43 42 40 38 36 36 36 37 38 40 42 40 37 39 41 47 54 52 49 50 51 50 50 49 47 50 52 54 55
-9999 -9999 -9999 -9999 -9999 -9999 -9999 -9999 78 79 78 78 78 78 82 86 90 94 99 104 100 97 94 91 75 60 65 69 74 79 81 83 73 63 68 73 87 101 99 98 96 94 83 72 73 74 70 67 64 60 55 51 45 40 38 37 38 39 39 39 40 42 39 37 40 43 43 42 41 41 39 37 38 38 39 39 42 45 43 41 42 43 48 53 53 53 54 56 53 51 50 50 51 53 53 53
-9999 -9999 -9999 -9999 -9999 -9999 -9999 -9999 78 78 79 79 80 81 84 86 92 99 102 105 103 101 98 95 79 64 74 85 89 93 92 91 85 79 81 83 91 99 98 96 97 97 95 93 95 97 93 90 84 78 66 54 49 45 39 33 38 43 43 43 48 54 46 38 39 39 41 42 41 41 40 39 39 40 40 40 44 47 46 46 46 46 49 52 54 56 59 61 56 52 52 53 53 53 52 51
-9999 -9999 -9999 -9999 -9999 -9999 -9999 -9999 79 79 80 81 83 84 87 91 104 118 113 108 107 106 105 103 94 84 92 99 94 89 86 82 80 78 80 83 91 99 93 87 86 85 85 85 89 92 89 86 82 77 69 61 55 50 47 43 44 45 44 43 46 48 44 39 40 40 41 42 42 42 41 40 41 42 44 46 48 50 49 48 48 49 51 53 55 56 56 56 54 51 51 51 51 52 51 51
-9999 -9999 -9999 -9999 -9999 -9999 -9999 -9999 79 79 80 82 85 88 91 95 116 137 124 112 112 112 112 112 108 105 109 113 99 85 79 74 75 77 80 83 91 99 89 78 75 73 75 77 82 88 85 83 79 76 72 68 61 54 54 54 51 47 45 43 43 43 42 41 41 41 41 42 43 44 43 42 43 45 48 51 52 52 51 50 51 52 53 55 56 57 54 51 51 50 50 49 50 50 50 50
-9999 -9999 -9999 -9999 -9999 -9999 -9999 -9999 -9999 -9999 79 79 83 87 98 109 118 127 123 118 117 116 114 111 106 100 102 105 101 97 87 77 77 76 78 81 84 88 78 69 69 68 68 67 69 72 73 74 75 76 73 70 63 56 56 57 55 54 50 46 47 49 45 42 41 41 42 42 43 43 45 46 48 50 49 49 49 49 49 49 50 51 53 55 54 53 52 50 50 49 49 49 51 54 52 51
-9999 -9999 -9999 -9999 -9999 -9999 -9999 -9999 -9999 -9999 77 77 81 86 105 123 120 117 121 125 123 120 115 110 103 95 96 96 102 109 95 81 78 75 77 79 77 76 68 60 62 64 60 56 56 56 61 65 71 77 75 73 66 58 59 59 60 62 55 49 52 54 49 43 42 42 42 42 42 43 46 50 52 55 51 47 46 45 47 48 49 51 53 56 53 50 49 49 48 48 48 49 53 58 55 52
-9999 -9999 -9999 -9999 -9999 -9999 -9999 -9999 -9999 -9999 -9999 -9999 81 83 95 107 119 130 134 137 134 130 129 128 111 95 96 96 97 98 85 72 71 69 71 72 70 69 67 65 64 63 71 79 77 75 68 62 63 64 62 61 56 52 52 52 52 51 49 47 47 47 45 44 43 42 43 44 45 45 47 49 50 50 49 48 46 45 46 47 47 48 51 54 52 49 48 48 48 48 48 48 51 53 52 51
-9999 -9999 -9999 -9999 -9999 -9999 -9999 -9999 -9999 -9999 -9999 -9999 80 80 86 92 117 143 146 150 145 140 142 145 120 95 96 96 92 87 75 63 64 64 65 66 63 61 65 69 66 62 81 101 97 93 76 58 54 51 49 48 47 46 46 45 43 40 42 44 42 40 42 44 44 43 45 46 47 48 48 48 47 46 48 49 47 44 45 46 46 46 49 53 50 47 47 48 48 48 48 48 48 48 50 51
-9999 -9999 -9999 -9999 -9999 -9999 -9999 -9999 -9999 -9999 -9999 -9999 -9999 -9999 85 87 103 119 125 130 127 124 119 115 102 90 88 86 85 84 73 63 64 65 69 74 71 69 72 74 84 94 112 130 110 90 75 61 58 55 57 59 59 58 51 44 44 44 45 46 44 42 42 41 42 42 43 44 44 45 46 48 46 44 44 45 44 43 44 44 44 44 47 50 48 45 46 47 47 48 48 47 48 49 51 54
-9999 -9999 -9999 -9999 -9999 -9999 -9999 -9999 -9999 -9999 -9999 -9999 -9999 -9999 83 83 89 95 103 110 108 107 96 84 84 84 81 77 79 81 72 62 64 65 73 82 79 76 78 79 103 126 143 159 123 86 75 64 61 58 65 71 71 71 57 44 46 48 48 49 46 44 41 38 40 42 42 42 42 42 45 47 45 42 41 40 41 42 42 43 42 41 44 47 45 43 45 46 47 48 47 47 48 50 53 57
-9999 -9999 -9999 -9999 -9999 -9999 -9999 -9999 -9999 -9999 -9999 -9999 -9999 -9999 85 85 90 95 97 100 101 102 95 88 87 86 84 82 81 80 71 62 63 64 68 72 73 73 92 112 119 126 136 146 119 92 92 93 74 56 62 68 65 62 51 40 43 47 47 48 46 44 41 38 40 42 42 42 42 42 45 47 44 41 40 39 40 41 42 42 42 42 44 45 44 43 44 46 46 46 45 43 45 48 50 52
-9999 -9999 -9999 -9999 -9999 -9999 -9999 -9999 -9999 -9999 -9999 -9999 -9999 -9999 88 88 91 94 92 90 93 96 94 92 90 87 87 87 83 79 70 62 63 64 63 63 66 69 107 144 135 126 130 134 116 98 110 122 88 53 59 66 59 53 44 35 41 46 47 47 45 43 41 39 40 42 42 43 43 43 45 47 43 40 39 38 39 41 41 42 42 42 43 44 43 42 44 45 45 44 42 40 43 46 47 47
-9999 -9999 -9999 -9999 -9999 -9999 -9999 -9999 -9999 -9999 -9999 -9999 -9999 -9999 92 92 94 95 98 100 98 95 96 97 94 91 88 86 80 74 69 64 65 66 66 66 72 77 118 158 137 116 121 125 126 126 127 127 107 87 74 62 55 49 45 40 43 46 45 44 43 42 41 39 41 42 43 44 43 42 45 47 44 41 39 38 39 39 40 40 41 42 42 43 42 42 41 40 40 40 39 37 39 42 43 44
-9999 -9999 -9999 -9999 -9999 -9999 -9999 -9999 -9999 -9999 -9999 -9999 -9999 -9999 97 97 97 97 104 111 102 94 98 103 98 94 89 85 77 69 68 67 68 68 69 69 77 85 129 172 139 106 111 117 136 154 144 133 126 120 89 57 51 45 45 45 45 46 43 41 41 41 41 40 41 42 43 45 43 42 45 48 44 41 40 38 38 38 39 39 40 42 41 41 41 41 38 35 35 35 35 35 36 37 39 41
-9999 -9999 -9999 -9999 -9999 -9999 -9999 -9999 -9999 -9999 -9999 -9999 -9999 104 101 99 100 100 104 107 100 92 94 96 93 90 88 87 88 90 79 68 68 67 68 69 72 75 98 120 106 92 98 104 126 149 136 124 122 120 90 60 54 48 49 50 49 49 45 41 41 41 41 40 41 42 42 43 44 44 47 49 46 44 41 38 38 38 38 38 40 41 40 38 38 38 36 35 35 35 35 35 35 36 38 39
