homework/Homework_5_files/or_precip_1983_02.asc
ncols 407
nrows 229
xllcorner -124.73958333333
yllcorner 41.73958333333
cellsize 0.02083333333
NODATA_value -9999
[rows 43 to 85 of 229, columns 192 to 287 of 407]
71 71 71 71 71 71 71 71 70 69 70 70 67 65 66 66 66 65 62 60 58 57 57 58 57 57 55 54 54 53 52 51 51 51 51 51 50 50 50 50 50 50 50 51 52 53 53 52 51 50 49 49 49 49 49 49 49 49 49 49 49 49 48 48 48 48 48 49 49 50 50 49 50 50 49 49 51 53 53 52 52 51 51 51 50 48 50 52 50 48 49 50 52 53 55 57
71 71 71 71 71 71 71 70 70 70 70 70 70 70 67 65 64 64 60 56 56 56 57 58 58 58 57 56 55 53 52 51 51 51 51 51 50 50 50 50 51 51 51 51 53 55 55 55 52 50 50 50 49 49 49 49 49 49 49 49 49 49 49 48 48 48 49 49 49 50 50 50 50 50 49 48 52 56 55 55 54 53 52 52 50 49 50 51 49 48 50 53 54 54 53 53
71 71 71 71 70 70 70 70 70 70 70 71 71 72 70 67 65 63 62 61 61 61 61 61 62 62 61 60 57 55 54 52 53 53 52 51 51 51 51 51 51 52 52 53 55 56 56 56 55 54 52 50 50 49 49 49 49 49 49 49 49 49 49 49 48 48 48 49 49 49 50 50 51 52 52 52 55 57 57 57 55 53 53 52 50 47 47 46 46 45 47 49 49 50 50 49
71 71 71 71 70 69 69 69 69 70 71 71 73 74 72 70 66 61 63 65 66 67 66 65 65 66 65 64 60 57 56 54 55 55 53 51 51 51 51 51 52 52 54 55 56 57 58 58 58 57 54 50 50 50 50 50 49 49 49 49 49 49 49 49 48 48 48 48 49 49 49 50 52 54 55 56 57 59 59 59 57 54 53 53 49 44 43 42 42 43 44 45 45 46 46 46
68 68 68 68 68 68 69 69 69 70 71 72 74 76 73 70 68 65 66 67 69 72 71 70 70 70 68 67 65 63 61 60 58 57 55 54 55 55 54 54 53 53 54 55 56 57 58 58 58 58 54 50 50 50 50 50 50 50 50 50 50 50 49 49 48 47 47 47 46 45 47 49 50 51 53 55 56 57 57 57 55 52 51 50 47 44 43 41 42 42 42 41 41 42 43 44
66 65 65 66 66 67 68 69 70 70 72 74 75 77 73 70 69 69 68 68 72 76 76 76 75 74 72 71 70 70 67 65 61 58 57 57 58 59 57 56 55 54 55 55 56 57 58 58 59 59 55 50 50 50 50 50 50 50 50 50 50 50 49 48 48 47 47 46 44 42 45 48 48 48 51 54 54 54 54 54 53 51 49 48 46 44 42 40 41 42 40 38 38 38 40 43
66 65 66 66 67 68 69 70 70 71 72 73 75 77 75 73 74 75 74 73 76 78 78 78 77 76 75 74 71 67 67 67 65 62 61 59 59 60 59 59 57 54 54 55 55 55 56 56 56 57 54 51 50 50 50 50 50 50 50 50 50 50 49 49 48 48 47 47 45 44 46 49 48 48 49 51 51 52 52 51 50 49 48 46 45 43 41 39 39 39 38 37 39 41 45 49
66 65 66 67 67 68 69 70 71 72 72 72 74 76 76 76 78 80 79 78 79 80 80 80 79 78 78 77 71 65 67 69 68 66 64 62 61 60 61 62 58 55 54 54 53 53 53 54 54 54 53 51 51 50 50 50 50 50 50 50 50 50 50 49 49 49 48 47 47 47 48 49 49 48 47 47 49 51 49 47 48 48 46 45 44 43 40 38 37 36 36 36 40 44 50 56
68 67 68 69 69 70 70 71 71 71 71 72 75 78 79 79 81 83 82 80 80 81 81 81 79 76 76 75 69 64 65 66 66 66 64 63 60 57 57 58 56 54 54 53 53 53 53 53 53 53 53 52 51 50 50 50 50 50 50 50 50 51 51 51 51 51 50 49 49 48 49 50 51 52 52 51 51 51 49 47 48 50 50 49 48 48 46 43 43 42 42 42 45 48 53 58
70 70 70 71 71 71 71 72 71 70 71 72 76 80 81 83 85 87 84 82 82 82 82 83 78 73 73 74 68 62 62 63 64 65 64 64 59 54 54 54 54 53 53 53 53 52 53 53 52 52 52 52 51 50 50 50 50 50 50 51 51 51 52 52 52 52 52 52 50 49 50 51 54 57 56 55 53 52 49 46 49 52 53 53 53 53 51 48 48 48 48 48 51 53 57 60
72 71 71 71 71 70 71 71 70 70 71 72 75 78 81 84 85 85 83 81 80 78 78 78 75 72 72 72 67 62 62 61 60 60 60 60 57 54 54 54 54 53 53 53 53 53 53 53 52 52 52 52 51 51 50 50 50 50 50 51 51 52 53 54 54 53 54 54 53 51 54 57 58 58 56 55 52 50 49 49 50 52 53 54 56 57 55 54 54 54 54 55 58 61 63 64
73 72 72 72 71 70 70 70 70 70 71 72 73 75 80 86 85 84 82 81 77 73 73 73 73 72 71 71 67 62 61 60 57 54 56 57 55 54 54 54 54 53 53 53 53 53 53 52 52 52 52 52 51 51 51 50 50 50 50 51 51 52 54 55 55 54 56 57 55 53 58 64 62 59 57 54 51 49 50 51 51 52 54 56 58 60 60 60 60 60 60 61 65 68 69 69
75 74 73 73 71 70 70 70 70 70 71 71 72 74 76 78 79 80 79 78 74 70 70 70 70 69 68 66 63 60 60 59 58 56 56 57 55 54 54 54 54 54 54 53 54 54 53 53 52 52 52 51 51 51 51 51 50 50 50 51 51 52 53 54 54 54 59 64 64 64 63 61 59 57 56 55 53 52 51 50 50 50 52 55 56 57 57 58 58 59 66 73 75 77 76 75
76 75 74 73 72 71 70 70 70 70 70 71 71 72 72 71 74 76 76 75 71 67 67 67 67 66 64 62 60 57 58 59 58 57 57 56 55 54 54 54 54 54 54 54 54 55 54 53 53 52 52 51 51 51 51 51 51 50 51 51 52 52 53 53 53 54 62 71 73 75 67 59 57 55 56 56 55 54 52 50 49 48 51 54 54 54 55 55 57 59 72 84 85 86 84 82
74 72 73 73 72 71 70 69 69 69 70 70 71 71 71 71 73 76 74 72 70 67 67 67 65 63 62 61 59 58 58 58 57 56 56 56 55 54 54 55 55 55 54 54 54 55 54 53 52 52 51 51 51 51 51 51 51 52 52 51 54 56 55 53 54 54 62 70 71 73 67 61 61 61 61 61 60 60 59 58 54 51 55 60 62 63 62 60 64 69 76 83 84 85 84 82
73 69 71 73 72 71 70 69 69 69 69 70 70 70 70 70 73 76 73 70 68 67 66 66 63 60 59 59 59 58 57 57 56 55 55 55 55 55 55 55 55 55 55 54 54 55 54 53 52 51 51 51 51 51 51 50 52 54 53 52 56 60 57 54 54 55 62 69 69 70 67 64 65 67 66 65 65 65 66 66 60 54 60 66 69 72 69 65 72 79 80 82 83 85 84 83
73 71 71 72 71 70 70 69 69 69 69 69 69 69 70 72 73 74 72 69 68 66 65 64 63 61 60 59 59 58 58 58 57 56 56 56 55 55 55 55 56 56 56 55 55 56 54 53 51 49 49 49 50 51 49 48 49 50 49 49 52 56 55 55 59 62 71 80 86 91 93 95 85 76 76 76 76 75 74 73 66 59 65 71 71 70 70 70 76 82 84 86 86 86 85 84
74 73 72 71 70 70 69 69 69 69 69 69 69 69 71 73 72 72 70 69 67 65 64 62 62 62 61 60 59 59 59 58 58 57 56 56 56 56 56 56 56 57 57 56 56 57 55 53 50 48 48 47 49 50 48 46 46 46 46 46 49 52 54 56 63 69 80 91 102 112 120 127 106 85 86 87 86 85 83 81 72 63 69 75 72 69 72 76 80 85 87 90 88 86 86 86
72 71 71 70 70 69 69 69 69 69 69 69 69 69 70 71 69 68 67 66 65 63 62 61 61 61 60 59 59 59 59 59 59 58 58 58 57 57 57 57 58 58 57 55 55 55 52 49 48 46 46 46 46 46 45 45 44 43 43 42 47 53 61 69 79 89 96 103 133 164 151 138 128 118 118 117 112 108 103 99 88 77 74 71 66 62 65 68 72 75 78 81 81 82 80 79
71 70 70 70 69 69 69 69 69 69 69 69 69 69 68 68 66 64 64 63 62 62 61 59 59 59 59 58 59 59 59 60 60 60 60 59 59 58 58 59 59 59 57 55 54 53 49 46 45 44 44 44 42 41 42 43 42 41 39 38 46 54 67 81 95 109 111 114 165 215 182 148 150 152 149 147 139 130 124 117 104 90 79 67 61 55 58 61 64 66 69 71 74 77 75 73
70 70 70 69 69 69 68 68 68 69 69 69 69 69 69 68 67 66 64 62 60 58 58 58 59 59 59 58 58 59 60 61 62 63 63 63 61 59 59 59 58 58 56 55 54 52 49 46 43 41 42 43 44 44 45 45 46 47 49 50 56 62 68 74 96 118 125 132 172 212 198 183 179 174 165 156 146 135 128 121 106 91 77 64 58 52 54 55 58 60 64 67 69 72 71 71
70 70 69 69 69 68 68 68 68 68 69 69 69 69 69 69 68 67 64 62 58 54 55 57 58 60 58 57 58 59 61 62 64 65 66 67 64 61 60 59 58 57 56 55 54 52 49 45 41 38 40 43 45 48 47 46 50 54 58 61 66 70 68 66 97 128 139 150 179 208 213 219 207 195 180 165 153 140 133 126 108 91 76 60 54 48 49 50 52 54 58 62 65 67 67 68
69 69 69 69 69 68 68 68 68 68 68 68 69 69 69 68 68 67 66 64 62 60 61 61 62 62 62 61 62 62 64 65 66 67 66 65 62 59 59 59 57 55 54 52 50 48 46 44 42 41 44 47 49 52 57 61 64 66 69 71 75 79 85 91 111 131 139 147 169 191 192 193 186 179 167 156 145 134 127 120 103 87 73 60 54 49 49 49 51 52 55 58 61 65 67 68
68 69 69 69 68 68 68 68 68 68 68 68 69 69 69 68 68 68 67 67 66 66 66 66 65 65 65 65 65 65 67 68 68 68 66 64 61 58 59 60 56 53 51 50 47 44 43 42 44 45 48 50 53 56 66 76 77 79 80 81 85 88 102 116 125 134 139 144 159 174 171 168 165 163 155 146 137 128 121 114 98 82 71 59 54 50 49 49 49 50 52 54 58 63 66 69
69 69 69 70 69 68 68 68 68 68 68 68 67 66 67 68 68 68 68 68 68 67 68 68 69 69 69 69 70 71 70 70 68 66 64 63 60 58 58 59 57 54 53 53 50 48 49 50 54 57 55 53 57 61 63 65 67 70 79 88 89 89 97 105 112 118 123 127 139 150 147 145 140 135 135 134 127 121 114 108 92 76 67 58 56 54 55 57 59 62 64 67 68 69 70 71
69 70 70 71 69 68 68 68 68 68 68 67 65 62 65 68 68 69 69 69 69 68 69 70 72 73 73 72 74 76 74 72 68 65 63 61 60 58 58 58 57 56 56 56 53 51 54 58 64 70 62 55 60 65 59 53 57 61 79 96 93 91 92 94 98 103 107 111 118 126 124 122 115 108 115 122 118 114 108 102 86 69 63 57 58 59 62 65 69 74 77 80 77 75 74 73
71 70 71 71 70 68 69 70 70 70 69 68 65 63 66 68 69 69 70 70 70 71 73 75 77 79 79 79 80 82 78 73 71 69 65 61 63 64 61 58 57 55 56 57 57 56 58 60 64 68 64 61 66 71 67 63 66 69 77 84 80 76 78 81 85 88 95 103 107 111 107 103 101 99 102 106 105 105 100 96 82 68 63 57 57 57 60 62 66 71 72 74 76 79 82 86
72 71 71 71 70 69 70 72 72 72 70 68 66 64 66 69 69 69 70 72 72 73 77 81 82 84 84 85 86 88 81 75 74 73 67 61 65 70 64 57 56 55 57 59 60 61 62 63 65 67 67 67 72 76 74 72 75 77 75 73 67 61 65 69 71 73 83 94 95 96 90 84 87 90 90 90 93 96 92 89 78 67 62 57 57 56 57 59 63 67 68 69 75 82 91 100
72 71 72 72 72 71 72 74 73 72 69 66 64 63 69 74 75 76 75 74 75 76 77 79 79 79 81 84 86 89 81 73 71 68 65 63 65 67 64 60 60 60 62 65 63 62 62 61 64 66 65 65 67 68 69 69 70 71 67 63 61 59 58 56 60 63 68 74 74 74 72 69 71 73 72 71 72 74 70 65 62 59 55 51 51 51 52 53 57 60 60 59 64 68 77 86
73 71 73 74 74 74 75 76 74 72 68 63 63 63 71 80 82 83 80 76 77 79 78 76 75 74 78 83 86 90 81 72 68 64 64 64 64 64 64 63 64 65 68 70 67 63 62 60 63 65 64 63 61 60 63 66 65 65 59 52 55 58 51 44 49 54 53 53 53 53 53 54 55 56 54 51 51 51 47 42 46 50 47 45 46 46 47 48 50 52 51 50 52 54 63 71
75 75 76 76 77 77 77 77 74 70 66 61 61 61 72 83 79 76 76 76 81 86 84 83 81 79 82 84 84 83 79 74 71 68 67 66 66 66 64 63 65 68 70 71 69 66 63 61 65 69 68 66 66 65 64 62 63 63 58 53 54 55 51 47 50 53 53 52 52 51 52 53 55 57 56 56 56 56 53 50 53 57 54 50 49 48 50 51 51 52 56 60 65 70 71 72
78 80 79 78 79 80 80 79 74 68 64 59 59 59 72 86 77 69 72 76 85 94 91 89 86 84 85 86 82 77 77 77 75 73 70 67 67 67 65 63 67 70 71 73 70 68 65 63 67 72 71 70 70 69 64 59 60 61 57 53 52 52 51 50 51 52 52 52 51 50 51 51 55 59 59 60 60 60 58 57 61 64 60 55 53 50 52 55 53 51 60 69 78 87 80 73
74 75 75 75 78 82 81 80 73 67 64 61 60 59 68 76 71 66 69 73 79 85 84 83 85 86 88 89 86 83 81 79 76 73 71 68 68 67 65 63 65 68 67 67 66 64 63 62 64 65 67 69 68 67 61 55 55 55 53 51 51 50 51 51 51 51 51 51 50 50 49 49 52 54 54 54 55 56 56 56 59 62 59 56 55 53 56 59 58 57 61 65 75 86 91 96
71 70 71 72 78 84 82 80 73 66 64 62 61 60 63 66 64 63 66 69 72 76 77 78 83 88 90 93 90 88 84 80 77 73 71 70 69 68 66 64 64 65 63 61 61 60 61 61 60 59 63 68 67 65 59 52 51 50 49 48 49 49 50 51 51 51 50 50 50 49 48 47 48 49 49 48 50 52 53 54 57 59 58 57 57 57 60 64 63 63 61 60 73 85 101 118
72 72 73 74 78 82 81 79 73 67 63 60 59 59 62 65 65 64 67 69 73 76 78 80 85 90 90 90 87 84 82 80 77 73 73 74 71 67 65 62 64 67 66 65 63 62 64 66 64 63 63 64 64 64 60 57 54 52 51 50 50 51 51 52 51 51 51 51 51 50 49 49 49 50 49 49 48 48 48 47 51 55 55 55 56 58 60 62 67 71 72 74 81 89 103 118
73 74 75 76 78 80 79 78 73 68 63 57 58 58 62 65 65 66 67 69 73 77 80 83 88 92 90 87 84 80 80 81 77 73 75 78 72 67 63 60 64 68 69 69 66 63 67 70 68 67 63 60 61 62 62 62 58 54 53 52 52 52 52 53 52 51 52 53 52 51 50 50 50 50 49 49 47 44 42 41 46 50 52 53 56 58 59 60 70 79 83 87 90 92 105 118
73 74 76 77 77 76 75 73 67 62 59 56 56 55 58 60 60 60 64 68 70 73 77 81 83 85 82 79 76 74 78 82 76 71 71 72 69 65 63 60 62 64 65 65 63 62 63 65 66 67 66 64 64 63 63 63 59 55 54 52 53 53 53 52 52 52 54 56 53 50 50 50 50 50 49 49 48 46 46 46 47 48 49 49 53 57 57 57 66 75 85 95 104 112 119 126
73 75 76 77 75 73 70 68 62 56 55 55 54 52 54 55 55 54 60 67 68 68 73 78 78 78 74 71 69 67 75 83 76 69 68 67 65 63 62 60 60 60 61 61 61 60 60 60 64 68 68 68 66 65 64 63 60 57 55 53 54 55 53 50 51 52 56 59 55 50 50 51 50 49 49 48 48 48 50 52 49 46 45 45 50 55 54 53 62 71 87 104 118 132 133 134
72 73 74 75 72 70 66 63 59 56 54 53 51 50 51 52 53 54 59 64 66 68 70 71 71 71 70 68 68 67 68 70 66 62 61 61 60 59 59 59 61 63 65 67 64 62 64 66 65 64 63 62 61 59 58 57 56 54 53 53 54 55 53 51 53 55 55 55 53 51 51 51 51 50 49 48 48 48 50 51 50 50 50 51 51 50 50 50 55 61 73 85 99 113 122 131
71 71 72 73 70 67 62 58 57 56 53 51 49 47 48 49 51 54 57 61 64 68 66 64 64 64 65 66 67 67 62 56 55 55 55 55 55 55 57 58 62 66 70 73 68 63 68 73 67 61 58 56 55 53 52 51 51 52 52 52 54 56 54 52 55 57 54 51 52 52 52 52 52 51 50 49 49 48 49 50 52 54 56 58 52 46 46 46 49 51 59 66 81 95 112 128
70 71 71 71 67 63 59 55 54 52 51 49 48 46 47 47 47 48 53 58 60 61 60 59 58 58 58 59 57 56 54 51 53 54 53 52 55 57 58 59 62 65 67 69 66 63 66 70 64 58 56 54 53 52 53 54 52 50 52 53 53 53 52 51 52 54 53 51 52 54 53 53 52 52 51 50 49 48 49 50 52 54 59 63 56 49 51 54 55 56 60 65 76 88 104 120
68 70 70 69 64 60 56 51 50 49 49 48 46 45 45 46 44 41 48 55 55 55 54 53 52 52 52 52 48 44 45 47 50 54 52 50 55 60 60 60 61 63 64 64 64 63 65 66 61 55 53 52 51 51 54 58 53 48 51 54 52 49 49 49 50 50 51 52 53 55 54 54 53 53 52 52 50 48 49 51 53 55 61 68 60 52 56 61 60 60 62 64 72 80 96 113
68 70 70 70 69 68 59 50 49 47 47 47 45 43 44 46 44 43 48 53 52 52 52 52 50 49 49 49 46 44 45 47 49 51 50 50 55 60 64 68 66 64 64 64 62 60 61 61 60 58 54 50 49 49 53 58 52 47 49 50 49 49 48 47 49 51 53 54 55 56 56 56 57 59 57 56 53 49 50 51 52 53 59 65 61 57 64 72 70 69 66 63 67 71 84 97
