homework/Homework_5_files/or_precip_1983_11.asc
ncols 407
nrows 229
xllcorner -124.73958333333
yllcorner 41.73958333333
cellsize 0.02083333333
NODATA_value -9999
[rows 126 to 167 of 229, columns 192 to 287 of 407]
46 46 46 47 47 48 48 48 48 48 48 48 52 55 58 60 65 69 74 79 83 87 90 93 89 85 87 88 84 80 77 74 71 68 69 69 69 68 68 69 69 69 72 75 82 89 96 103 105 108 113 119 128 138 139 140 151 161 143 124 123 121 110 99 103 108 97 86 83 79 77 75 74 72 73 73 73 73 73 73 73 73 73 73 76 79 76 74 76 78 82 85 84 83 82 81
46 46 46 46 47 47 47 47 47 48 48 48 51 54 57 60 63 66 72 77 80 84 87 89 86 82 83 83 80 76 73 70 68 66 66 66 66 66 66 66 67 68 72 76 81 86 94 101 102 103 105 107 115 123 124 126 131 136 126 116 109 103 97 91 96 102 94 86 83 79 77 74 73 72 72 73 73 73 73 74 74 73 73 73 74 76 74 73 77 80 84 88 88 87 84 80
46 46 46 46 46 47 47 47 47 47 47 48 50 53 56 59 61 64 69 74 77 81 83 86 83 80 79 79 76 73 70 66 65 63 63 63 64 64 64 63 65 67 72 77 80 83 91 99 99 98 97 96 102 107 110 112 112 111 109 107 96 85 84 84 89 95 90 86 83 79 76 74 72 71 72 72 73 74 74 74 74 74 74 73 73 73 73 73 77 82 86 91 91 92 85 79
47 46 46 46 46 47 47 47 47 47 47 48 50 52 54 56 59 61 67 73 77 81 81 81 80 78 76 74 71 68 65 62 61 60 61 62 62 63 62 61 63 65 71 77 79 81 88 94 94 93 92 90 94 99 98 98 98 98 99 100 91 82 82 82 83 85 82 79 78 76 74 73 72 71 72 73 74 75 75 75 74 74 74 74 74 75 76 77 82 87 92 96 98 99 94 89
47 47 47 46 46 46 46 46 47 47 47 48 49 50 51 53 56 59 65 72 76 81 79 77 77 76 73 70 67 63 61 58 57 57 59 60 61 61 60 58 61 63 70 77 78 79 84 89 89 89 86 84 87 90 87 84 84 84 89 94 86 78 79 79 77 75 74 72 73 73 73 72 71 70 72 74 75 76 75 75 75 74 74 74 76 78 79 81 87 92 97 102 104 107 103 99
48 47 47 47 47 47 47 47 47 47 48 48 49 51 51 52 54 56 60 63 67 71 71 70 72 73 70 67 63 59 58 57 56 56 57 58 59 60 58 57 59 61 66 71 73 75 78 80 81 82 80 78 80 82 79 75 76 77 83 88 82 76 76 77 77 76 74 72 73 73 73 73 72 71 72 73 74 74 75 76 75 75 75 74 76 77 78 78 82 85 89 92 94 96 94 91
48 47 47 47 47 47 47 47 47 48 48 49 50 51 52 52 53 53 54 55 58 61 62 64 67 71 68 65 59 54 55 55 55 55 56 56 57 58 57 57 58 59 62 66 69 71 72 72 74 75 74 72 73 73 70 67 69 71 77 82 77 73 74 75 76 77 75 73 73 73 74 74 73 72 72 73 73 73 75 77 76 75 75 75 75 75 76 76 77 78 80 82 83 85 84 83
48 47 47 47 47 47 47 47 48 48 49 49 50 51 52 52 53 53 53 54 55 57 58 59 61 63 62 61 57 54 54 55 55 55 55 55 55 56 54 53 56 59 62 65 66 67 66 65 67 69 69 68 68 67 67 67 69 72 75 78 75 72 74 75 76 77 78 78 78 77 77 78 75 73 73 72 75 77 78 79 78 77 76 75 75 75 75 75 75 76 76 77 78 80 81 82
48 48 47 47 47 47 48 48 48 49 49 50 51 51 52 52 52 53 53 53 53 53 53 54 55 55 56 57 55 54 54 54 54 54 54 54 54 53 52 50 55 60 62 65 64 63 60 57 60 63 64 64 63 62 64 67 69 72 73 74 73 72 73 75 76 77 80 84 83 81 81 81 78 74 73 72 76 81 81 80 79 79 77 76 75 75 74 74 73 73 73 72 73 75 78 81
49 48 48 48 48 48 48 49 49 49 50 50 51 52 52 53 53 53 53 53 53 52 53 53 53 53 54 55 54 53 54 54 54 54 54 54 54 54 52 51 53 55 58 61 59 58 57 57 60 63 64 65 65 66 69 72 73 73 72 71 71 71 72 73 77 80 84 87 85 84 83 83 80 76 75 73 76 79 79 79 79 80 77 74 74 74 73 72 72 71 71 71 72 73 74 75
49 48 48 48 48 48 49 49 49 50 50 50 51 52 52 53 53 53 53 53 52 52 52 52 52 52 52 53 53 53 53 53 54 54 54 54 54 54 53 52 52 51 54 57 55 53 55 56 59 63 64 66 68 70 74 77 76 74 72 69 69 69 70 71 77 84 87 90 88 87 85 84 81 79 76 74 76 77 78 78 79 80 76 72 72 72 71 70 70 70 70 70 71 72 71 69
50 49 49 49 49 49 49 50 50 50 51 51 52 52 53 54 54 54 53 53 52 52 52 52 52 52 52 53 53 53 53 54 54 54 55 55 55 55 54 53 53 52 53 55 55 55 57 58 61 63 64 66 67 68 71 73 71 69 68 67 68 68 69 70 74 79 82 85 86 87 83 78 78 78 78 78 77 76 75 75 76 76 74 71 71 72 70 69 68 68 68 68 69 70 69 69
50 49 49 49 49 50 50 51 51 51 52 52 53 53 54 54 54 54 54 53 53 52 52 52 52 52 52 52 53 53 53 54 54 55 55 55 55 56 55 54 53 53 53 53 55 57 59 61 62 64 65 65 66 67 68 69 67 64 65 65 66 66 67 68 71 74 77 79 83 87 80 73 75 77 79 82 79 75 73 72 72 72 71 70 71 72 69 67 67 67 67 67 67 68 68 68
50 49 49 49 49 50 50 51 51 51 52 52 53 53 54 54 54 54 54 54 53 53 53 52 52 52 52 53 53 54 55 55 56 56 56 56 56 56 55 55 54 54 54 55 56 58 59 61 62 64 64 65 65 66 66 67 66 64 64 65 65 66 67 67 70 72 74 76 79 82 78 74 75 76 79 82 80 79 76 73 73 73 71 70 69 68 67 67 66 66 66 66 67 67 67 68
50 49 49 49 50 50 51 51 51 52 52 52 53 53 54 54 54 55 54 54 54 53 53 53 53 53 53 53 54 54 56 57 57 57 56 56 56 56 56 56 55 55 56 56 58 59 60 61 62 63 64 64 65 65 65 65 64 64 64 64 65 65 66 67 69 71 71 72 74 76 76 75 75 76 79 82 82 83 78 74 74 73 71 69 66 64 65 66 66 66 66 66 66 67 67 67
49 48 48 49 49 50 51 51 51 51 52 52 52 53 53 54 54 54 54 54 54 54 54 53 53 53 53 54 54 55 57 59 58 58 57 56 57 57 56 56 56 56 57 57 58 59 60 61 62 62 63 63 63 64 64 64 63 63 63 63 64 64 65 66 67 69 70 71 72 73 73 72 73 74 77 79 80 80 77 73 73 72 70 69 67 65 65 66 66 66 66 66 66 66 66 66
48 47 48 48 49 50 50 51 51 51 52 52 52 53 53 53 53 53 54 54 54 54 54 54 54 54 54 54 55 56 58 60 59 58 58 57 57 57 57 57 57 57 58 58 59 60 60 61 61 62 62 62 62 62 62 62 62 62 62 62 62 63 64 64 66 67 68 69 70 70 70 70 71 72 74 76 77 77 75 72 71 70 70 69 68 66 66 65 65 65 66 66 66 66 66 66
47 46 46 46 47 49 49 50 50 50 51 51 52 52 52 53 52 51 52 53 53 54 54 54 54 54 55 55 55 56 57 57 57 56 56 56 56 56 56 56 57 57 58 58 59 59 60 60 61 61 61 61 61 61 61 61 61 61 61 62 62 62 63 63 64 65 67 68 69 70 70 70 70 71 72 74 74 74 73 71 70 69 69 68 67 66 66 65 65 65 65 65 65 66 66 65
46 45 44 44 46 48 48 49 49 49 50 51 51 52 52 52 51 49 50 52 53 53 54 54 55 55 55 55 55 55 55 55 55 55 55 55 55 56 56 56 57 58 58 58 59 59 59 60 60 60 60 60 60 60 60 60 60 60 60 61 61 62 62 62 63 64 65 67 68 69 69 69 70 70 70 71 71 71 70 70 69 69 68 68 67 67 66 65 65 65 65 65 65 65 65 65
45 44 44 43 44 45 45 45 46 46 47 48 49 51 51 51 50 49 50 51 52 52 53 54 54 55 55 55 55 55 54 53 53 53 52 52 53 54 53 53 56 58 58 58 59 59 59 59 59 59 59 59 59 59 59 59 58 58 59 60 61 62 60 59 61 62 64 65 66 67 67 67 68 70 70 70 70 70 70 70 69 69 68 68 67 67 66 65 65 65 65 65 65 65 64 64
44 43 43 42 42 42 42 42 43 43 44 45 48 50 51 51 50 49 49 50 51 52 52 53 54 56 55 55 55 56 53 51 51 51 50 48 50 51 51 51 54 58 58 58 58 58 59 59 59 59 59 58 58 58 57 57 56 56 57 58 60 61 59 57 59 61 62 62 63 64 65 66 67 69 69 70 70 70 70 69 69 69 68 68 67 67 66 65 65 64 64 64 64 64 64 63
43 43 42 42 42 41 41 41 42 42 43 44 46 48 48 48 47 47 47 48 49 50 51 52 52 53 53 54 54 54 53 52 51 51 50 50 50 51 52 54 57 60 59 59 58 58 59 59 58 58 58 57 57 57 57 56 56 55 56 56 56 57 56 56 57 59 59 60 61 63 63 64 66 68 68 69 69 69 69 69 69 69 69 68 67 67 66 65 65 64 64 64 64 64 63 63
42 42 42 41 41 41 41 41 41 41 42 43 44 45 45 44 45 45 45 46 47 47 49 50 50 51 51 52 52 52 52 52 52 51 51 51 51 51 54 56 59 62 60 59 59 58 58 58 58 58 57 57 56 56 56 56 55 54 54 54 53 52 54 55 56 57 57 58 59 61 61 62 64 67 67 68 68 69 69 69 70 70 69 68 67 67 66 65 65 64 64 64 64 63 63 63
42 42 41 41 40 40 40 40 40 40 41 41 42 43 42 42 43 43 44 45 46 47 48 49 50 50 51 51 52 52 52 52 52 52 52 52 54 56 58 60 61 62 61 59 59 58 59 59 58 58 57 56 56 55 54 54 54 54 53 53 52 51 52 53 53 54 54 54 55 56 57 57 61 64 65 66 67 67 68 68 69 69 68 67 67 67 66 66 65 65 65 64 64 64 63 63
42 42 41 40 40 39 39 39 39 39 39 40 40 40 40 40 41 41 43 45 46 46 48 49 49 50 50 51 51 51 52 53 53 53 53 53 57 61 62 63 63 62 61 59 59 58 59 59 58 57 56 55 55 54 53 51 52 53 53 52 52 51 50 50 51 51 51 51 51 51 52 53 57 61 63 65 65 66 67 67 68 68 68 67 67 67 66 66 65 65 65 65 65 64 64 63
41 41 40 39 39 38 38 38 38 38 38 38 38 38 38 39 40 40 42 44 45 46 48 50 50 49 50 50 51 51 52 52 53 53 53 54 61 68 70 73 70 67 63 59 59 58 60 61 59 57 56 55 54 53 52 52 52 53 52 52 51 50 50 49 50 50 50 50 50 50 51 52 56 60 61 63 62 61 62 63 64 65 65 65 65 66 66 66 66 66 66 66 65 65 64 64
40 39 39 38 37 37 37 37 37 37 37 37 37 36 37 38 39 39 41 44 45 46 48 50 50 49 50 50 50 51 51 52 53 53 54 54 65 75 79 82 77 73 66 60 59 58 61 63 60 56 55 54 53 51 52 52 52 52 52 51 50 50 49 49 49 49 49 49 49 50 50 51 54 58 60 61 59 56 57 59 60 61 62 63 64 65 65 66 66 66 66 66 66 66 65 64
39 38 37 36 36 35 35 35 35 36 36 36 36 36 37 37 38 38 41 43 44 45 47 48 49 49 49 50 50 50 51 52 52 53 53 54 60 67 68 70 69 69 64 59 58 58 59 60 58 56 55 54 54 53 53 53 52 52 51 50 50 49 49 48 48 48 48 49 49 49 50 50 52 54 55 57 56 56 57 58 59 60 61 62 63 64 65 66 66 67 67 67 66 66 65 65
38 37 36 35 34 34 33 33 34 34 34 34 35 35 36 36 37 38 40 42 43 44 45 46 47 48 49 49 50 50 51 51 52 53 53 53 56 58 58 57 61 65 61 58 57 57 57 57 56 55 55 54 54 54 53 53 52 51 50 50 49 49 48 48 48 48 48 48 48 49 49 49 49 49 51 53 54 55 56 57 58 59 60 61 62 64 65 66 66 67 67 67 67 67 66 66
37 35 34 33 33 33 33 33 33 33 34 34 34 35 35 36 36 37 39 41 43 44 45 45 46 47 48 48 49 49 50 51 50 50 51 53 54 56 56 56 59 61 59 58 57 56 56 56 56 55 55 54 55 55 55 54 53 52 51 50 50 50 49 48 49 49 49 50 49 49 49 49 49 50 51 52 53 54 55 56 57 58 59 60 62 63 64 65 66 66 67 67 67 66 65 64
36 34 33 32 32 32 32 32 32 33 33 34 34 34 34 35 36 36 39 41 42 43 44 44 45 45 46 47 48 48 49 50 49 47 49 52 53 54 54 54 56 58 57 57 56 55 55 56 55 55 55 55 55 56 56 56 55 54 52 51 51 51 50 49 49 49 50 51 50 50 49 49 49 50 51 51 52 53 54 55 56 57 58 59 61 63 64 65 66 66 66 67 66 66 65 63
35 33 33 32 32 32 32 32 32 33 33 34 34 34 34 35 36 36 37 38 40 42 43 44 44 44 45 45 45 44 44 45 45 45 46 48 50 51 52 52 52 53 54 54 54 54 55 56 55 55 55 55 56 57 57 57 57 57 55 54 53 52 51 50 50 51 51 51 51 50 50 50 50 50 51 51 52 53 54 55 55 56 57 58 60 61 62 63 64 64 63 62 62 61 61 61
35 33 32 31 31 32 31 31 32 33 33 34 34 34 34 35 36 36 35 34 38 42 42 43 43 42 43 43 42 40 40 40 41 42 43 44 46 49 49 49 49 48 50 52 53 54 55 56 55 55 55 55 57 59 59 59 59 60 58 57 55 54 53 52 52 52 52 51 51 51 50 50 50 51 51 51 52 53 53 54 55 55 56 57 58 59 60 61 62 63 60 58 57 56 57 58
36 35 36 36 37 37 35 34 34 35 34 34 34 34 35 35 36 36 35 34 38 41 41 41 40 40 39 38 38 38 38 38 38 39 40 41 43 45 46 46 46 46 48 50 51 52 54 56 55 54 54 54 56 58 58 58 58 59 57 56 55 54 53 52 52 52 52 51 51 51 51 51 51 52 52 52 52 52 53 54 54 55 55 56 56 56 57 57 57 58 56 55 54 54 54 54
38 38 39 41 42 43 39 36 36 37 36 35 35 35 35 36 36 37 35 34 37 40 39 38 38 37 35 33 34 36 36 36 36 36 37 38 40 41 42 44 44 44 46 47 49 50 53 57 55 53 53 53 55 57 57 57 57 57 56 55 55 54 53 53 52 52 52 51 51 51 51 51 52 52 52 52 52 52 53 53 53 54 54 55 54 53 53 53 53 53 52 52 51 51 50 50
46 46 46 46 46 46 44 42 41 40 39 37 36 36 36 36 37 38 37 36 38 39 37 34 33 33 32 31 32 32 32 33 33 33 34 34 35 36 38 39 39 39 41 43 44 45 48 50 49 49 50 51 53 55 56 57 57 56 56 55 54 54 53 52 52 52 52 52 52 52 52 52 52 53 53 53 52 51 51 51 51 51 51 52 51 50 49 49 49 49 50 51 50 50 48 47
54 55 53 50 49 48 48 48 46 44 41 39 38 37 37 37 38 39 39 38 38 38 34 29 29 29 29 29 29 29 29 29 29 29 30 30 31 32 33 35 34 34 36 39 40 40 42 44 44 44 47 49 51 53 54 56 56 56 55 55 54 53 53 52 52 52 53 54 53 53 53 53 53 53 53 53 51 49 49 49 49 48 48 49 47 46 45 45 44 44 47 51 50 48 46 44
60 59 59 59 55 51 50 49 47 44 43 42 41 41 41 41 43 44 41 38 38 37 33 29 28 28 28 28 27 27 27 26 26 25 25 25 27 28 29 31 31 31 34 36 37 38 39 40 42 43 45 48 48 49 52 55 54 53 53 54 53 53 53 52 52 52 53 54 54 54 54 53 54 54 54 53 52 51 50 49 49 48 48 48 47 46 45 44 44 43 45 46 46 45 44 44
65 64 66 68 60 53 52 51 48 44 45 45 44 44 45 47 47 48 43 39 37 36 32 28 28 28 27 26 25 25 24 23 22 21 21 21 22 24 25 27 28 29 31 33 35 36 37 37 39 41 43 46 45 44 49 54 52 50 51 53 53 53 52 52 52 53 53 54 55 56 55 54 54 54 54 54 54 54 52 50 49 48 48 48 47 47 45 43 43 42 42 42 42 41 42 43
64 62 60 58 54 50 50 50 50 50 49 48 47 47 48 49 50 50 46 42 39 37 33 30 29 28 26 24 23 22 21 21 20 19 19 19 20 21 24 27 28 29 30 31 31 31 34 36 38 39 42 45 45 45 49 52 51 50 51 51 53 55 54 52 53 54 53 53 55 56 55 55 54 54 54 54 54 54 53 51 50 49 49 49 49 48 46 45 44 43 42 42 42 41 42 42
63 61 54 48 47 47 47 48 52 56 53 50 51 51 51 52 52 52 48 44 41 38 35 32 30 28 25 22 20 19 18 18 18 17 17 17 18 18 22 27 28 29 28 28 27 27 31 35 36 37 40 43 45 46 48 50 50 50 50 49 53 58 55 52 53 54 54 53 55 57 56 55 54 54 54 54 54 54 53 53 51 50 50 50 50 50 48 47 45 44 43 42 42 41 41 42
56 55 51 48 48 48 50 53 55 57 57 56 55 53 55 57 55 54 50 46 42 38 35 31 29 26 24 21 19 18 17 17 17 16 16 17 17 18 20 23 24 25 25 26 25 25 28 31 33 35 37 39 41 44 46 48 49 49 49 49 51 53 52 51 52 53 52 52 53 55 54 54 53 53 52 52 53 53 53 53 52 51 51 51 50 50 52 53 48 44 43 43 42 42 42 42
