homework/Homework_5_files/or_precip_1983_06.asc
ncols 407
nrows 229
xllcorner -124.73958333333
yllcorner 41.73958333333
cellsize 0.02083333333
NODATA_value -9999
[rows 141 to 187 of 229, columns 0 to 95 of 407]
-9999 -9999 -9999 -9999 -9999 -9999 -9999 -9999 -9999 -9999 -9999 -9999 -9999 -9999 -9999 -9999 -9999 -9999 -9999 -9999 -9999 68 70 71 74 77 78 79 80 81 83 85 95 104 107 110 105 101 109 118 114 110 90 71 68 64 61 58 55 52 48 44 39 35 33 32 32 32 31 30 34 38 43 48 44 40 37 34 31 27 33 38 43 48 45 41 51 62 61 60 60 61 70 79 75 71 78 86 82 79 83 86 92 97 91 84
-9999 -9999 -9999 -9999 -9999 -9999 -9999 -9999 -9999 -9999 -9999 -9999 -9999 -9999 -9999 -9999 -9999 -9999 -9999 -9999 68 68 69 69 74 78 78 78 79 80 82 85 95 104 105 106 101 96 107 118 110 103 88 74 69 65 61 57 55 52 49 45 40 35 33 31 31 31 30 30 36 43 49 55 49 42 38 35 31 27 36 44 47 49 45 41 56 71 69 68 66 64 83 102 91 80 88 95 94 93 89 86 93 100 96 91
-9999 -9999 -9999 -9999 -9999 -9999 -9999 -9999 -9999 -9999 -9999 -9999 -9999 -9999 -9999 -9999 -9999 -9999 -9999 -9999 67 67 67 68 71 75 76 77 79 82 89 97 104 110 105 101 98 96 98 99 97 94 85 77 70 63 60 57 55 52 48 44 38 32 31 29 29 30 29 29 32 35 41 47 42 37 34 30 29 28 32 36 40 44 45 46 55 63 63 63 63 63 73 84 84 84 85 87 90 94 94 95 97 99 96 94
-9999 -9999 -9999 -9999 -9999 -9999 -9999 -9999 -9999 -9999 -9999 -9999 -9999 -9999 -9999 -9999 -9999 -9999 -9999 -9999 66 66 66 66 69 71 73 76 80 83 97 110 113 116 106 95 95 96 88 81 83 84 82 80 71 61 59 58 55 52 48 44 36 29 28 28 28 28 28 28 28 28 33 38 35 33 29 26 28 30 29 28 33 38 44 50 53 56 57 57 59 62 63 65 77 88 83 78 86 95 99 104 101 98 97 96
-9999 -9999 -9999 -9999 -9999 -9999 -9999 -9999 -9999 -9999 -9999 -9999 -9999 -9999 -9999 -9999 -9999 -9999 -9999 -9999 65 65 65 66 68 70 72 75 82 90 99 108 110 113 106 99 95 91 86 82 86 91 88 86 78 69 64 59 54 49 45 40 35 29 28 26 26 27 27 26 26 27 30 33 31 28 26 25 26 27 26 26 29 33 37 41 45 49 49 49 55 62 66 71 78 85 82 79 82 85 91 98 98 98 93 88
-9999 -9999 -9999 -9999 -9999 -9999 -9999 -9999 -9999 -9999 -9999 -9999 -9999 -9999 -9999 -9999 -9999 -9999 -9999 -9999 64 64 65 65 67 68 71 74 85 96 101 107 108 109 106 102 94 86 84 82 89 97 95 93 85 77 69 60 53 46 41 37 34 30 27 24 25 25 25 25 25 26 27 29 26 23 23 24 24 24 24 23 25 27 29 32 36 41 41 41 51 62 69 77 80 82 81 80 78 75 83 92 95 98 88 79
-9999 -9999 -9999 -9999 -9999 -9999 -9999 -9999 -9999 -9999 -9999 -9999 -9999 -9999 -9999 -9999 -9999 -9999 -9999 64 64 64 65 65 66 67 70 74 82 89 94 99 101 103 104 105 99 93 89 86 87 89 87 85 79 74 68 62 56 49 46 42 35 28 25 22 23 24 26 28 29 31 28 26 25 23 23 22 23 24 24 24 25 26 28 30 33 37 40 44 50 56 72 88 80 72 69 66 73 79 80 80 81 82 82 83
-9999 -9999 -9999 -9999 -9999 -9999 -9999 -9999 -9999 -9999 -9999 -9999 -9999 -9999 -9999 -9999 -9999 -9999 64 64 64 64 64 65 65 65 70 74 78 82 87 91 95 98 103 107 104 100 95 89 85 81 80 78 74 70 67 65 59 53 50 48 37 26 23 20 21 23 27 31 33 36 30 24 23 22 22 21 23 25 25 25 25 25 26 28 30 32 40 47 49 51 75 99 81 62 58 53 68 82 76 69 67 65 76 87
-9999 -9999 -9999 -9999 -9999 -9999 -9999 -9999 -9999 -9999 -9999 -9999 -9999 -9999 -9999 -9999 -9999 62 63 63 64 64 66 68 67 67 70 74 78 83 87 91 98 106 103 101 98 95 94 92 88 83 80 77 74 70 66 63 60 57 55 54 40 26 23 20 21 21 23 26 27 27 24 21 22 22 22 22 24 26 25 25 26 27 29 31 35 39 48 58 65 71 74 76 64 52 55 57 68 80 73 67 66 65 67 70
-9999 -9999 -9999 -9999 -9999 -9999 -9999 -9999 -9999 -9999 -9999 -9999 -9999 -9999 -9999 -9999 62 62 63 63 64 64 68 71 70 68 71 74 78 83 87 91 102 113 104 95 93 91 93 95 90 85 81 77 73 70 66 61 61 61 60 59 43 26 24 21 20 19 19 20 20 19 19 18 20 23 23 23 25 27 26 25 27 29 31 34 40 45 57 69 80 92 72 53 47 42 52 61 69 78 71 64 64 65 59 53
-9999 -9999 -9999 -9999 -9999 -9999 -9999 -9999 -9999 -9999 -9999 -9999 -9999 -9999 -9999 61 62 62 62 62 63 63 66 68 69 70 73 75 80 85 88 92 107 121 118 115 111 107 103 99 95 91 85 80 75 71 68 64 62 60 58 57 47 38 30 21 20 18 18 19 18 18 18 17 20 22 22 22 24 26 26 25 27 29 31 33 37 40 46 52 59 66 55 44 47 51 58 64 70 77 67 58 57 55 54 52
-9999 -9999 -9999 -9999 -9999 -9999 -9999 -9999 -9999 -9999 -9999 -9999 -9999 -9999 61 61 62 62 62 62 62 62 63 64 68 72 74 76 81 86 90 94 111 128 131 134 128 123 113 102 100 98 90 83 78 73 70 68 63 58 57 55 52 49 35 22 20 17 17 17 17 17 17 17 19 21 21 21 23 25 26 26 28 30 31 33 34 35 34 34 37 41 37 34 47 61 64 67 71 75 64 52 49 46 49 52
-9999 -9999 -9999 -9999 -9999 -9999 -9999 -9999 -9999 -9999 -9999 -9999 -9999 -9999 61 61 62 63 62 61 61 61 62 63 67 72 74 77 81 85 109 134 132 131 134 138 132 125 120 115 110 105 95 86 80 75 73 71 67 63 57 50 47 44 36 28 26 23 20 17 17 17 17 17 18 18 19 19 21 23 24 25 26 28 29 31 31 32 31 31 38 46 47 48 51 54 54 54 58 62 59 55 59 62 62 63
-9999 -9999 -9999 -9999 -9999 -9999 -9999 -9999 -9999 -9999 -9999 -9999 -9999 -9999 61 61 63 65 63 61 60 60 61 62 67 71 74 77 80 84 129 174 154 134 138 141 135 128 128 127 120 113 101 89 83 77 75 74 71 68 57 46 43 39 37 35 32 29 23 16 16 16 16 16 16 16 17 17 19 21 22 23 24 26 27 29 29 29 29 28 39 51 56 62 55 47 44 41 45 49 54 59 68 78 76 75
-9999 -9999 -9999 -9999 -9999 -9999 -9999 -9999 -9999 -9999 -9999 -9999 -9999 -9999 60 60 61 63 62 62 60 59 60 60 64 67 71 75 81 87 112 138 127 116 124 132 127 123 120 117 111 104 96 88 84 80 79 78 67 57 51 44 41 37 34 31 27 23 20 16 16 16 16 16 17 17 18 18 20 21 23 24 26 27 28 29 31 32 31 30 37 45 48 51 49 46 44 41 45 49 59 70 77 84 79 74
-9999 -9999 -9999 -9999 -9999 -9999 -9999 -9999 -9999 -9999 -9999 -9999 -9999 -9999 60 60 60 60 61 62 61 59 59 59 61 64 68 72 81 90 96 101 100 98 110 122 120 117 112 107 101 96 92 87 85 83 82 82 64 47 45 42 39 35 31 27 22 18 17 16 16 16 17 17 17 18 19 19 20 22 23 25 27 28 29 30 32 34 33 32 35 39 40 41 43 46 44 41 45 49 65 81 85 90 81 73
-9999 -9999 -9999 -9999 -9999 -9999 -9999 -9999 -9999 -9999 -9999 -9999 -9999 -9999 59 59 60 60 62 63 60 58 57 56 58 60 64 68 76 84 88 92 92 93 99 104 109 114 110 105 100 94 90 86 84 82 79 77 68 59 52 45 41 37 33 30 23 16 16 17 17 17 17 17 17 18 18 19 20 21 23 26 27 29 30 31 36 40 39 38 38 38 41 45 46 48 50 52 51 51 58 66 70 74 72 70
-9999 -9999 -9999 -9999 -9999 -9999 -9999 -9999 -9999 -9999 -9999 -9999 -9999 -9999 59 59 60 60 62 64 60 56 54 52 54 56 60 63 71 78 80 82 85 89 87 86 99 112 108 104 98 93 89 85 83 80 77 73 72 70 59 47 43 39 36 33 24 15 16 17 17 17 17 17 17 18 18 18 19 20 23 26 28 30 31 33 39 45 44 44 41 37 43 48 49 50 56 62 58 54 52 51 55 59 63 66
-9999 -9999 -9999 -9999 -9999 -9999 -9999 -9999 -9999 -9999 -9999 -9999 -9999 59 59 59 60 60 62 64 60 56 54 51 52 53 57 61 69 76 78 79 81 83 82 81 86 91 89 87 85 82 82 81 78 76 72 69 66 64 57 50 46 42 35 28 22 16 17 17 17 17 17 17 17 18 20 22 23 25 27 28 30 32 34 37 40 43 44 45 41 37 45 52 56 59 66 73 72 71 64 58 59 59 62 65
-9999 -9999 -9999 -9999 -9999 -9999 -9999 -9999 -9999 -9999 -9999 -9999 59 59 59 59 60 61 62 63 59 56 53 50 50 50 55 59 67 75 76 77 77 77 77 76 73 70 70 69 71 72 75 77 74 71 68 65 61 57 55 54 50 46 34 22 20 18 17 16 16 16 16 16 17 18 22 25 28 31 31 30 32 34 38 41 41 41 43 45 41 37 47 57 63 69 76 84 86 88 77 66 62 59 61 64
-9999 -9999 -9999 -9999 -9999 -9999 -9999 -9999 -9999 -9999 -9999 -9999 59 59 59 59 60 61 62 63 60 58 57 57 54 51 54 57 62 66 69 72 72 73 73 73 71 70 71 72 73 73 75 77 74 71 70 68 65 61 55 49 44 39 33 26 23 19 18 17 17 16 16 16 18 19 22 24 27 29 33 36 36 36 36 37 36 35 38 42 46 50 57 63 65 67 75 82 84 86 74 62 59 56 58 60
-9999 -9999 -9999 -9999 -9999 -9999 -9999 -9999 -9999 -9999 -9999 -9999 58 58 58 58 60 62 62 63 61 60 62 64 58 52 53 54 56 58 62 67 68 69 69 70 70 69 72 74 74 75 76 77 75 72 71 71 68 65 55 45 39 33 31 30 25 20 19 18 17 16 17 17 18 20 22 24 26 27 35 42 39 37 35 33 31 29 34 38 51 64 67 69 67 65 73 81 83 85 71 58 55 53 54 56
-9999 -9999 -9999 -9999 -9999 -9999 -9999 -9999 -9999 -9999 -9999 -9999 58 58 58 58 60 62 62 63 63 63 61 60 57 55 55 55 56 57 60 63 64 66 68 71 69 67 68 69 71 73 77 80 77 75 76 77 65 52 45 38 35 32 29 26 22 19 18 18 17 17 17 17 18 18 22 25 28 30 33 36 34 32 30 29 28 28 32 36 46 56 61 65 72 78 83 87 77 67 60 53 51 49 50 52
-9999 -9999 -9999 -9999 -9999 -9999 -9999 -9999 -9999 -9999 -9999 -9999 57 57 58 58 60 62 62 63 64 66 61 56 57 58 56 55 56 56 57 58 61 63 67 71 68 64 64 64 68 71 77 83 80 78 80 83 61 39 35 32 31 31 27 22 20 17 17 17 17 17 17 17 17 17 22 26 30 33 31 30 29 27 26 25 26 27 31 34 41 48 55 61 76 91 92 94 71 49 48 48 47 45 47 48
-9999 -9999 -9999 -9999 -9999 -9999 -9999 -9999 -9999 -9999 -9999 -9999 57 57 57 58 60 61 61 61 61 61 58 56 56 56 55 55 55 55 55 55 56 56 59 63 62 61 62 63 63 64 71 78 76 74 73 72 53 35 31 27 27 28 23 19 18 16 16 16 17 17 17 17 17 17 20 23 28 33 29 25 24 24 23 22 24 26 28 30 36 42 51 61 68 74 74 73 63 52 49 45 45 44 44 45
-9999 -9999 -9999 -9999 -9999 -9999 -9999 -9999 -9999 -9999 -9999 -9999 56 56 57 58 59 60 60 60 58 56 56 56 55 54 54 55 54 54 53 52 51 49 52 54 56 58 60 62 59 56 64 73 72 70 66 61 46 30 26 23 23 24 20 16 16 15 16 16 16 17 17 17 17 17 18 20 26 32 26 20 20 20 20 20 22 24 25 26 30 35 48 60 59 58 55 52 54 56 49 43 43 42 42 42
-9999 -9999 -9999 -9999 -9999 -9999 -9999 -9999 -9999 -9999 -9999 54 55 55 56 57 58 59 58 58 57 55 53 51 51 51 52 53 52 51 52 52 51 49 49 49 51 53 54 55 54 52 59 66 72 78 65 53 42 30 27 24 23 21 19 16 16 16 16 17 18 19 18 17 17 17 18 19 23 27 24 21 22 22 22 22 23 24 25 26 32 37 44 51 52 53 51 48 47 46 41 37 38 39 41 42
-9999 -9999 -9999 -9999 -9999 -9999 -9999 -9999 -9999 -9999 54 54 54 55 56 57 57 58 57 55 55 55 51 47 48 49 50 52 50 49 50 52 50 49 47 45 46 47 48 49 48 48 54 60 72 85 65 44 37 31 28 25 22 18 17 16 16 16 17 19 20 21 19 18 18 18 18 18 20 22 22 23 23 24 24 25 25 24 26 27 34 40 41 42 45 48 46 44 40 35 33 31 33 35 39 43
-9999 -9999 -9999 -9999 -9999 -9999 -9999 -9999 -9999 -9999 54 54 54 55 56 58 59 61 58 55 56 58 52 47 47 47 49 51 49 48 47 46 46 47 44 42 43 44 45 47 47 48 51 55 59 63 51 40 34 28 26 23 21 19 18 17 17 18 19 19 19 19 19 18 18 17 17 17 19 20 20 20 21 21 22 23 24 25 27 28 32 36 37 37 40 43 40 37 35 32 31 31 31 32 34 36
-9999 -9999 -9999 -9999 -9999 -9999 -9999 -9999 -9999 -9999 54 54 54 55 57 59 61 64 60 55 58 60 53 47 46 45 47 50 48 46 43 40 42 44 41 39 40 41 43 45 46 48 49 50 45 41 38 35 31 26 23 21 20 20 18 17 19 21 20 19 19 18 18 17 17 17 17 17 17 17 18 18 18 18 19 20 23 27 28 29 31 33 32 31 35 38 34 30 30 29 30 30 30 29 29 29
-9999 -9999 -9999 -9999 -9999 -9999 -9999 -9999 -9999 53 54 54 55 55 58 60 62 64 60 57 59 60 55 50 48 46 46 46 45 44 42 39 39 39 39 39 40 41 43 45 46 47 51 56 50 44 40 36 31 26 23 20 20 20 19 18 19 20 19 18 18 18 18 17 17 17 18 18 18 18 18 18 20 22 23 23 27 31 32 34 32 31 31 32 33 35 34 33 32 32 32 32 31 31 30 29
-9999 -9999 -9999 -9999 -9999 -9999 -9999 -9999 53 53 53 54 55 56 59 62 62 63 61 59 59 60 56 52 50 47 45 43 42 42 40 38 36 35 37 39 40 41 43 45 45 45 54 62 54 46 41 36 32 27 24 20 20 20 19 18 18 19 18 17 17 17 17 17 17 17 18 19 19 19 18 17 22 26 26 26 31 36 37 38 33 29 30 32 32 31 34 36 35 34 34 34 33 32 31 29
-9999 -9999 -9999 -9999 -9999 -9999 -9999 51 52 52 53 55 56 58 66 74 73 73 72 71 66 61 59 57 51 45 44 43 43 43 39 35 34 34 39 45 46 47 47 48 49 49 54 59 54 49 45 40 36 32 28 25 23 21 19 18 18 19 19 19 19 20 21 21 24 26 27 27 27 27 24 22 26 29 31 33 35 37 37 38 34 31 32 33 32 31 32 34 33 31 32 32 32 32 30 28
-9999 -9999 -9999 -9999 -9999 -9999 51 51 51 52 53 55 58 60 73 86 84 82 82 82 72 61 61 61 53 44 44 43 44 45 38 32 32 33 42 51 52 52 52 52 53 53 54 55 53 51 48 45 40 36 33 29 25 21 20 18 18 19 19 20 21 23 24 26 30 35 35 35 35 34 30 26 29 32 36 39 38 38 38 37 35 33 34 35 32 30 31 32 30 29 29 30 30 31 29 27
-9999 -9999 -9999 -9999 -9999 -9999 51 51 52 53 55 56 58 61 69 78 75 72 74 76 69 62 63 63 54 44 43 42 43 45 43 41 38 34 40 45 49 52 50 48 49 49 49 49 49 49 46 43 39 35 32 30 25 20 20 19 19 19 19 18 20 22 24 26 30 34 35 37 37 36 34 33 34 35 35 34 36 37 37 37 36 35 37 39 35 31 31 30 28 25 25 25 26 28 29 29
-9999 -9999 -9999 -9999 -9999 -9999 51 51 53 55 56 57 59 61 65 69 65 62 65 69 66 63 64 65 55 45 42 40 43 45 48 51 43 36 37 39 45 52 48 45 45 45 44 43 45 46 43 40 37 34 32 30 25 20 20 20 20 20 18 17 19 22 24 25 29 33 36 39 39 38 38 39 39 38 34 30 33 37 36 36 37 37 40 44 38 32 30 29 25 22 21 20 22 25 28 32
-9999 -9999 -9999 -9999 -9999 -9999 -9999 -9999 52 53 56 58 60 62 62 63 63 62 65 68 65 63 65 68 58 48 47 47 49 50 53 55 49 43 44 46 53 60 53 46 46 46 48 50 51 53 50 47 44 40 35 29 25 21 20 19 20 21 20 20 22 25 25 25 27 29 32 35 34 34 33 33 34 35 34 33 39 44 38 33 34 35 38 40 38 35 35 35 30 24 24 24 25 27 27 28
-9999 -9999 -9999 -9999 -9999 -9999 -9999 -9999 52 52 55 59 60 62 59 56 60 63 65 67 65 63 66 70 61 51 53 55 55 55 57 58 54 50 51 52 60 68 57 47 47 47 51 56 58 59 57 54 50 47 37 27 24 22 19 17 19 21 22 22 26 29 27 25 25 25 28 31 30 30 28 26 29 32 34 37 44 52 40 29 31 33 35 37 38 38 40 41 34 26 27 27 28 29 26 23
-9999 -9999 -9999 -9999 -9999 -9999 -9999 -9999 53 53 57 60 59 59 58 56 62 67 67 68 67 65 66 67 62 58 58 58 55 53 54 56 55 55 53 52 60 68 57 47 48 49 51 53 53 52 51 50 46 43 35 28 26 23 22 21 21 21 22 23 23 24 24 23 23 23 26 29 32 34 31 28 32 36 42 48 52 56 46 35 36 37 39 41 41 41 39 37 32 26 26 26 26 27 25 24
-9999 -9999 -9999 -9999 -9999 -9999 -9999 -9999 55 55 58 61 58 56 56 56 64 71 70 69 68 68 66 64 64 64 63 61 56 50 52 53 57 60 56 52 60 68 57 47 49 52 50 49 47 46 46 46 42 38 34 30 27 24 24 24 22 20 22 23 21 20 20 21 21 22 25 28 33 38 34 30 35 40 50 59 60 61 52 42 42 42 44 46 45 44 38 33 29 26 25 25 25 25 24 24
-9999 -9999 -9999 -9999 -9999 -9999 -9999 -9999 -9999 -9999 58 59 59 58 59 61 63 66 67 67 68 68 68 67 65 62 62 62 60 59 55 52 52 53 52 52 55 58 50 43 45 47 45 44 42 40 39 39 37 35 32 29 26 24 24 23 23 22 22 22 22 22 23 23 22 20 24 28 32 36 39 42 48 54 54 54 53 51 47 44 41 39 43 48 43 38 33 29 26 24 23 23 24 25 24 23
-9999 -9999 -9999 -9999 -9999 -9999 -9999 -9999 -9999 -9999 58 58 59 59 62 65 63 60 63 66 67 68 69 70 65 60 61 63 65 68 59 50 48 46 49 52 50 48 43 39 41 43 40 38 36 34 33 33 32 31 30 29 26 24 23 23 23 24 23 21 23 25 25 25 22 19 24 29 32 34 44 53 61 69 59 49 45 41 43 45 41 37 43 50 41 32 28 25 24 22 22 21 23 25 23 21
-9999 -9999 -9999 -9999 -9999 -9999 -9999 -9999 -9999 -9999 -9999 -9999 58 58 60 62 65 68 70 72 72 71 72 73 67 60 60 60 61 63 53 44 43 42 44 46 44 42 42 41 42 43 44 46 44 42 36 29 28 28 25 23 22 20 21 22 21 21 21 21 21 21 23 26 23 21 26 31 35 39 44 49 52 55 53 50 45 40 38 36 34 32 38 44 36 29 28 27 25 24 22 20 21 22 21 20
-9999 -9999 -9999 -9999 -9999 -9999 -9999 -9999 -9999 -9999 -9999 -9999 57 57 58 59 67 75 77 79 76 74 75 77 68 60 59 58 58 57 47 37 38 38 39 40 38 36 40 43 42 42 48 55 53 51 38 24 24 24 21 18 17 17 19 20 19 18 19 21 19 16 21 26 25 23 28 33 38 43 44 46 43 41 46 51 45 39 33 26 27 27 33 38 32 26 27 29 27 26 23 19 20 20 19 19
-9999 -9999 -9999 -9999 -9999 -9999 -9999 -9999 -9999 -9999 -9999 -9999 -9999 -9999 57 57 62 66 70 74 73 72 70 68 64 60 58 56 54 52 45 37 38 39 42 45 43 40 42 45 49 53 57 62 57 52 39 26 26 26 25 23 23 23 21 18 18 18 20 22 20 17 19 21 21 21 23 25 31 37 43 48 44 39 38 38 37 37 35 33 29 26 31 36 31 26 28 29 27 24 22 19 20 20 21 22
-9999 -9999 -9999 -9999 -9999 -9999 -9999 -9999 -9999 -9999 -9999 -9999 -9999 -9999 55 55 56 57 63 69 69 69 64 59 59 59 56 54 51 47 42 37 38 39 44 49 47 44 45 46 55 65 67 69 61 53 41 28 28 28 28 28 29 30 23 16 17 17 21 24 21 18 17 15 17 19 18 17 24 31 41 51 44 37 30 24 29 34 37 39 32 24 29 34 30 26 28 29 26 23 21 19 20 21 23 25
-9999 -9999 -9999 -9999 -9999 -9999 -9999 -9999 -9999 -9999 -9999 -9999 -9999 -9999 54 54 55 57 60 63 66 68 64 60 59 59 57 56 52 49 43 37 38 39 41 43 43 42 48 55 61 68 69 70 62 54 49 44 34 24 24 24 25 25 20 14 16 18 19 21 19 17 16 16 18 20 19 18 25 31 41 51 41 31 26 22 26 31 31 31 28 24 27 30 27 23 25 26 24 22 21 19 20 21 23 24
