homework/Homework_5_files/or_precip_1983_03.asc
ncols 407
nrows 229
xllcorner -124.73958333333
yllcorner 41.73958333333
cellsize 0.02083333333
NODATA_value -9999
[rows 172 to 214 of 229, columns 0 to 94 of 407]
-9999 -9999 -9999 -9999 -9999 -9999 -9999 -9999 350 350 346 343 347 351 363 374 378 381 386 390 418 446 420 394 413 433 406 379 351 323 369 414 403 392 378 365 432 499 470 442 524 606 632 658 530 401 356 312 301 290 343 396 376 356 349 341 322 303 273 243 230 217 202 187 190 192 197 201 214 226 220 214 231 249 231 213 218 223 225 227 208 189 199 208 201 194 210 226 240 255 239 222 227 233 273
-9999 -9999 -9999 -9999 -9999 -9999 -9999 363 357 355 351 348 353 359 399 440 451 462 476 491 481 472 462 452 428 404 413 422 412 401 390 379 373 367 424 482 552 623 596 568 618 668 668 668 539 410 388 367 348 330 392 453 419 386 353 320 309 298 315 332 324 315 288 260 267 274 269 264 253 242 232 222 245 268 259 249 251 253 251 248 231 214 220 226 218 209 210 211 217 223 236 250 266 282 291
-9999 -9999 -9999 -9999 -9999 -9999 363 363 361 359 356 352 359 366 436 506 524 542 567 591 545 498 504 510 443 376 421 466 473 479 412 344 343 342 470 599 673 748 722 695 712 730 704 678 549 419 420 422 396 370 440 510 462 415 357 299 296 293 357 421 417 413 374 334 345 355 341 327 293 258 244 231 259 287 286 286 285 284 277 270 254 239 241 243 234 225 210 196 194 192 234 277 305 332 308
-9999 -9999 -9999 -9999 -9999 -9999 364 364 363 363 362 361 368 375 426 478 488 498 532 566 533 500 514 528 454 380 397 413 435 456 465 474 419 364 460 557 653 748 738 727 719 710 636 561 496 430 410 390 374 358 387 417 376 336 339 342 322 301 330 358 360 361 344 327 338 350 338 327 304 282 274 266 280 293 283 273 281 289 279 268 265 262 268 274 254 234 227 219 214 208 219 230 262 294 305
-9999 -9999 -9999 -9999 -9999 -9999 365 365 366 366 368 370 377 384 417 450 452 454 497 541 522 503 524 546 466 385 372 360 397 433 519 605 495 385 450 515 632 748 754 759 725 691 568 445 443 440 400 359 352 345 334 323 290 257 321 385 348 310 302 295 302 309 315 320 332 344 335 327 316 305 303 302 301 300 280 260 277 294 280 267 276 286 295 304 274 244 243 243 234 224 204 184 220 256 301
-9999 -9999 -9999 -9999 -9999 -9999 -9999 -9999 366 366 369 371 389 406 421 436 456 475 514 552 534 517 535 554 485 417 427 437 472 508 566 624 536 447 521 595 678 761 737 714 719 724 656 589 581 574 544 514 488 462 385 309 287 266 303 339 321 302 293 285 303 321 313 305 299 292 295 297 287 277 271 265 272 279 279 278 306 335 294 254 261 269 285 302 294 286 295 304 277 249 236 223 250 277 281
-9999 -9999 -9999 -9999 -9999 -9999 -9999 -9999 366 366 370 373 401 428 425 421 459 497 530 564 547 530 547 563 505 448 481 514 548 582 613 644 577 510 592 675 724 774 721 669 713 756 745 733 720 707 688 669 624 579 437 294 285 276 285 294 293 293 284 275 304 332 311 290 265 240 254 268 259 250 239 228 243 259 278 296 336 376 308 241 246 252 275 299 314 328 347 366 320 274 269 263 281 299 261
-9999 -9999 -9999 -9999 -9999 -9999 -9999 -9999 367 367 373 379 399 418 419 420 502 585 585 585 587 589 606 623 584 546 594 643 620 596 590 583 575 567 611 656 694 733 681 628 649 671 665 659 665 671 651 631 593 556 454 353 313 274 277 280 272 264 261 258 260 263 255 248 236 224 238 252 262 273 257 240 263 285 323 361 383 406 345 284 287 290 310 329 341 352 340 328 298 268 255 242 254 266 246
-9999 -9999 -9999 -9999 -9999 -9999 -9999 -9999 368 368 377 386 397 408 413 418 546 674 640 607 627 648 666 684 664 643 708 772 692 611 566 522 573 625 631 636 664 692 640 587 586 585 585 586 610 635 614 593 562 532 472 412 342 272 269 265 250 235 238 241 217 193 200 206 206 207 221 235 266 297 274 252 282 312 368 425 430 436 382 328 329 329 344 359 368 377 334 291 276 261 241 222 227 233 230
-9999 -9999 -9999 -9999 -9999 -9999 -9999 -9999 -9999 -9999 371 373 387 401 447 494 545 596 595 594 599 604 636 667 636 605 648 691 657 622 581 539 559 579 606 633 631 629 577 525 528 532 520 507 510 513 511 508 513 517 456 396 331 267 265 263 255 247 238 229 220 212 212 212 205 199 218 237 262 286 303 320 358 396 394 393 383 373 356 340 323 307 340 374 349 324 289 255 238 221 211 201 214 226 217
-9999 -9999 -9999 -9999 -9999 -9999 -9999 -9999 -9999 -9999 360 360 377 394 482 570 544 518 549 581 571 561 606 651 609 566 588 610 622 633 595 557 545 533 582 630 598 565 514 462 470 478 454 429 409 390 407 423 463 502 441 380 321 262 261 260 260 259 237 216 223 230 224 218 204 191 215 240 257 275 332 389 434 480 420 360 335 309 330 351 318 285 337 389 330 271 245 218 199 180 180 180 200 220 204
-9999 -9999 -9999 -9999 -9999 -9999 -9999 -9999 -9999 -9999 -9999 -9999 373 380 441 501 558 615 642 669 644 619 658 698 627 555 567 578 590 603 563 524 519 514 532 550 530 510 499 488 488 489 547 604 594 585 483 380 395 410 372 333 291 248 246 243 237 230 217 204 206 208 213 217 207 196 222 247 274 300 333 366 377 388 378 368 332 295 292 289 268 247 298 349 297 245 232 219 205 192 180 168 181 193 183
-9999 -9999 -9999 -9999 -9999 -9999 -9999 -9999 -9999 -9999 -9999 -9999 366 366 399 432 572 713 735 757 717 676 711 745 645 545 545 545 559 572 531 491 493 496 483 470 463 455 484 514 507 500 640 780 780 780 558 337 328 319 302 286 260 234 230 226 214 202 197 191 189 186 202 217 209 201 228 255 290 326 334 343 320 297 337 376 328 280 254 227 219 210 260 310 264 219 219 219 211 203 180 157 161 166 163
-9999 -9999 -9999 -9999 -9999 -9999 -9999 -9999 -9999 -9999 -9999 -9999 -9999 -9999 393 406 501 597 632 666 650 635 636 638 588 538 532 525 544 564 528 492 489 486 501 515 501 487 502 517 542 566 689 812 798 784 570 357 345 334 323 313 291 269 244 219 215 212 208 205 198 192 195 199 195 191 203 215 246 277 311 345 315 284 282 281 270 259 254 249 220 191 236 281 241 202 210 218 206 194 173 153 162 171 174
-9999 -9999 -9999 -9999 -9999 -9999 -9999 -9999 -9999 -9999 -9999 -9999 -9999 -9999 380 380 430 481 528 575 584 593 561 530 531 532 519 505 530 555 524 492 484 476 518 561 540 519 520 521 577 633 739 844 816 788 582 376 362 348 345 341 323 304 258 212 217 222 220 218 208 198 189 180 180 180 178 175 202 229 289 348 309 271 228 185 212 238 255 271 221 171 211 252 218 184 200 217 201 185 167 149 162 175 185
-9999 -9999 -9999 -9999 -9999 -9999 -9999 -9999 -9999 -9999 -9999 -9999 -9999 -9999 387 387 437 488 500 511 540 568 539 509 527 544 530 516 526 535 512 490 480 470 494 517 510 503 545 587 615 643 708 772 768 763 670 576 462 349 343 338 316 293 250 207 220 233 228 223 212 200 193 185 185 186 185 184 206 228 286 343 291 238 203 167 189 211 212 212 187 162 187 213 188 163 176 190 179 169 150 131 150 169 175
-9999 -9999 -9999 -9999 -9999 -9999 -9999 -9999 -9999 -9999 -9999 -9999 -9999 -9999 394 394 444 495 471 447 495 544 516 488 522 556 542 528 521 515 501 487 476 464 469 474 481 487 570 653 653 653 677 700 719 738 758 777 563 349 342 336 309 281 242 203 223 244 236 229 215 202 196 189 190 191 192 192 210 227 283 338 272 206 177 149 166 184 168 152 152 153 163 173 158 142 152 163 158 152 133 113 138 162 166
-9999 -9999 -9999 -9999 -9999 -9999 -9999 -9999 -9999 -9999 -9999 -9999 -9999 -9999 408 408 440 471 479 487 500 513 519 525 542 560 538 516 507 498 493 487 480 473 478 482 500 517 603 688 652 615 642 668 726 784 767 750 643 536 436 335 300 264 243 222 232 242 232 222 214 206 198 190 195 200 212 224 223 222 283 344 273 202 173 144 152 159 153 147 165 184 178 173 164 154 144 134 132 130 120 110 124 137 145
-9999 -9999 -9999 -9999 -9999 -9999 -9999 -9999 -9999 -9999 -9999 -9999 -9999 -9999 423 423 435 447 487 527 505 482 522 562 562 563 534 504 493 481 484 487 485 482 486 491 519 547 635 723 650 577 606 636 732 829 776 724 724 724 529 334 291 248 244 240 241 241 228 214 213 211 201 191 200 208 232 256 236 216 283 349 274 198 169 140 137 133 138 142 178 214 194 173 169 166 135 104 106 109 108 107 110 112 124
-9999 -9999 -9999 -9999 -9999 -9999 -9999 -9999 -9999 -9999 -9999 -9999 -9999 462 447 440 447 455 476 498 484 470 487 505 509 513 511 508 502 497 494 491 488 484 486 488 508 528 569 611 585 558 581 604 683 762 711 660 679 697 517 337 298 260 256 253 256 259 241 224 221 218 210 201 205 209 219 230 223 215 252 289 249 209 177 146 156 166 161 156 184 212 176 140 136 133 117 101 102 103 104 105 107 108 118
-9999 -9999 -9999 -9999 -9999 -9999 -9999 -9999 -9999 -9999 -9999 -9999 462 462 460 457 460 462 465 469 463 457 452 448 455 463 487 512 512 512 504 495 491 486 486 486 498 509 504 498 519 540 556 572 633 694 646 597 634 670 505 340 306 272 269 266 272 278 255 233 229 225 218 211 210 209 207 204 209 214 222 229 224 219 186 152 176 199 184 169 190 211 159 107 103 100 99 98 98 97 100 103 103 104 111
-9999 -9999 -9999 -9999 -9999 -9999 -9999 -9999 -9999 -9999 -9999 -9999 466 466 465 464 464 465 479 494 485 475 473 470 477 485 537 589 555 520 529 539 522 506 497 489 498 508 506 504 513 523 540 557 623 689 656 622 607 592 473 354 363 372 352 332 310 288 258 228 226 224 219 214 214 214 212 209 212 215 224 233 227 221 187 154 161 169 159 150 158 166 136 107 107 107 101 96 95 94 97 100 101 102 107
-9999 -9999 -9999 -9999 -9999 -9999 -9999 -9999 -9999 -9999 -9999 -9999 469 469 470 471 469 468 493 519 506 493 493 493 500 506 587 667 597 527 555 582 554 525 508 492 499 507 508 510 507 505 524 542 613 684 665 647 581 514 442 369 421 472 435 398 348 297 260 222 222 223 221 218 218 218 216 215 216 216 227 237 230 222 189 156 147 138 135 131 126 121 114 107 110 113 104 95 92 90 93 97 98 99 102
-9999 -9999 -9999 -9999 -9999 -9999 -9999 -9999 -9999 -9999 -9999 -9999 473 473 475 477 493 509 548 587 592 598 573 547 549 551 608 664 626 588 587 586 552 518 507 497 511 525 529 534 536 538 588 637 709 781 720 659 573 488 439 390 454 518 458 398 348 297 264 230 226 223 219 216 217 219 218 217 216 215 219 223 210 197 177 157 150 142 137 131 125 118 114 109 106 103 97 91 90 89 92 95 97 99 101
-9999 -9999 -9999 -9999 -9999 -9999 -9999 -9999 -9999 -9999 -9999 -9999 476 476 480 483 517 550 602 654 679 703 652 602 599 596 629 662 655 649 620 591 550 510 506 502 522 543 551 558 565 571 652 732 805 878 775 672 566 461 436 411 488 564 481 398 348 297 268 238 230 222 218 213 216 219 219 219 216 213 211 210 191 172 165 158 152 146 139 132 123 114 113 112 103 93 90 88 88 88 91 94 96 99 100
-9999 -9999 -9999 -9999 -9999 -9999 -9999 -9999 -9999 -9999 -9999 -9999 478 478 481 484 506 528 553 577 609 641 633 624 624 623 677 731 690 648 604 560 549 537 528 519 531 543 559 574 580 586 580 573 612 651 615 578 566 554 595 636 613 591 494 396 345 294 270 246 237 228 226 224 222 221 221 221 225 229 226 224 215 205 181 158 150 143 141 140 133 127 127 126 115 104 97 90 89 88 90 92 101 111 109
-9999 -9999 -9999 -9999 -9999 -9999 -9999 -9999 -9999 -9999 -9999 -9999 480 480 482 484 495 506 503 499 539 579 613 647 649 651 726 801 724 647 589 530 547 564 551 537 540 544 567 591 596 601 507 414 419 425 454 484 565 647 754 861 739 618 506 395 343 291 272 253 243 233 234 235 229 222 222 222 233 244 241 238 238 238 198 157 149 140 144 147 144 140 140 140 127 114 103 92 91 89 90 91 107 123 118
-9999 -9999 -9999 -9999 -9999 -9999 -9999 -9999 -9999 -9999 -9999 -9999 482 482 491 500 501 501 499 497 540 583 607 631 602 573 685 798 724 650 630 610 614 618 581 544 588 633 639 646 680 714 660 607 545 483 520 556 587 617 739 861 719 577 488 400 392 385 340 294 285 275 261 247 234 221 216 211 215 220 222 225 220 216 193 169 164 158 157 157 155 153 147 141 129 117 107 97 95 92 94 96 107 118 118
-9999 -9999 -9999 -9999 -9999 -9999 -9999 -9999 -9999 -9999 -9999 -9999 484 484 500 516 506 496 495 494 540 586 600 615 555 495 645 795 725 654 672 690 681 672 612 551 636 722 711 701 764 828 814 800 671 542 585 629 608 586 723 861 699 537 470 404 442 479 407 335 326 317 288 259 240 221 210 200 198 196 203 211 202 194 187 180 179 177 171 166 166 166 154 142 131 120 111 102 99 96 99 102 107 113 117
-9999 -9999 -9999 -9999 -9999 -9999 -9999 -9999 -9999 -9999 -9999 -9999 477 477 486 495 490 485 487 488 509 529 545 562 566 570 636 702 668 633 610 587 580 572 583 594 610 625 647 669 725 782 814 845 689 533 541 550 545 539 612 684 576 468 428 388 420 452 409 366 362 357 335 314 272 230 240 251 241 231 212 194 190 187 182 178 176 175 175 175 170 165 153 142 135 128 123 117 110 104 105 107 107 107 117
-9999 -9999 -9999 -9999 -9999 -9999 -9999 -9999 -9999 -9999 -9999 -9999 471 471 472 473 474 474 478 483 477 472 491 509 578 646 627 608 611 613 548 484 478 472 554 637 583 529 583 636 686 736 813 890 707 523 497 470 481 493 500 507 453 399 386 372 399 425 411 397 397 397 382 368 303 239 270 302 283 265 222 178 179 179 177 175 174 173 178 183 173 164 152 141 139 137 134 131 122 113 112 111 106 101 116
-9999 -9999 -9999 -9999 -9999 -9999 -9999 -9999 -9999 -9999 -9999 -9999 462 462 462 462 465 469 480 490 474 457 514 571 605 640 605 570 553 536 532 528 547 567 584 602 616 630 628 626 647 668 732 796 720 643 618 592 544 496 495 494 455 415 398 381 392 404 390 377 371 364 357 349 311 273 288 302 282 261 228 195 193 191 180 169 170 170 171 173 169 165 160 156 154 152 150 149 138 126 117 108 102 96 103
-9999 -9999 -9999 -9999 -9999 -9999 -9999 -9999 -9999 -9999 -9999 -9999 454 454 452 450 457 464 481 498 470 442 537 632 633 633 582 531 495 459 515 572 617 662 615 567 650 732 674 616 608 600 651 701 732 763 739 714 607 500 491 482 457 432 411 389 386 382 370 357 344 331 331 331 320 308 305 302 280 258 234 211 207 204 184 164 165 167 164 162 164 166 168 170 168 167 167 168 153 139 122 105 98 91 90
-9999 -9999 -9999 -9999 -9999 -9999 -9999 -9999 -9999 -9999 -9999 -9999 -9999 -9999 442 436 441 447 480 514 490 465 538 611 631 652 583 514 487 460 508 555 607 658 651 645 688 731 698 665 672 680 731 782 785 788 708 627 558 488 478 468 444 420 439 459 453 447 430 413 407 401 361 321 312 304 291 279 263 246 236 225 220 214 203 191 187 182 177 173 168 162 165 168 165 161 163 165 158 151 133 115 105 95 95
-9999 -9999 -9999 -9999 -9999 -9999 -9999 -9999 -9999 -9999 -9999 -9999 -9999 -9999 422 422 426 430 480 530 509 489 539 590 630 670 584 497 479 461 500 539 596 653 688 723 727 730 722 713 736 759 811 863 839 814 677 541 508 476 466 455 431 407 468 529 520 512 491 470 470 470 390 310 305 299 278 257 246 235 237 239 232 225 222 218 208 198 191 183 171 159 163 166 161 156 159 163 163 163 144 125 112 100 99
-9999 -9999 -9999 -9999 -9999 -9999 -9999 -9999 -9999 -9999 -9999 -9999 -9999 -9999 -9999 -9999 417 414 451 489 492 495 529 563 595 626 564 501 485 469 504 539 565 590 656 722 749 775 747 718 746 773 807 841 846 850 748 646 568 491 474 457 439 421 450 478 466 454 442 429 424 419 373 328 320 312 293 273 271 270 260 250 244 238 242 246 223 200 192 185 168 152 154 156 151 147 149 151 153 154 168 182 151 120 128
-9999 -9999 -9999 -9999 -9999 -9999 -9999 -9999 -9999 -9999 -9999 -9999 -9999 -9999 -9999 -9999 398 398 423 448 475 502 519 536 559 582 544 506 491 476 508 539 533 527 624 722 771 820 772 723 755 787 803 819 853 886 819 751 628 505 482 458 447 435 431 427 411 396 392 389 379 368 357 345 335 326 308 290 297 305 283 260 256 251 263 274 238 202 194 186 166 145 145 145 142 138 138 138 142 145 193 240 190 141 156
-9999 -9999 -9999 -9999 -9999 -9999 -9999 -9999 -9999 -9999 -9999 -9999 -9999 -9999 -9999 -9999 392 392 419 447 483 519 506 494 513 532 504 476 481 486 512 538 536 535 591 647 719 790 789 788 802 816 815 814 838 862 815 768 636 505 485 465 452 438 430 423 404 386 403 419 401 382 366 350 342 335 336 338 342 347 309 272 270 267 263 258 229 200 184 169 157 146 146 146 140 135 136 137 141 145 168 190 210 230 228
-9999 -9999 -9999 -9999 -9999 -9999 -9999 -9999 -9999 -9999 -9999 -9999 -9999 -9999 -9999 -9999 385 385 415 445 491 536 494 451 467 483 465 447 471 495 516 538 540 542 557 572 666 760 807 854 849 845 827 809 823 837 811 784 644 505 488 472 456 441 430 419 398 377 413 450 422 395 375 354 349 344 365 387 388 389 336 283 283 283 263 243 220 198 175 152 149 147 147 147 139 131 133 136 141 145 143 141 230 319 299
-9999 -9999 -9999 -9999 -9999 -9999 -9999 -9999 -9999 -9999 -9999 -9999 -9999 -9999 -9999 -9999 385 385 401 418 452 486 470 454 447 440 449 457 475 492 506 519 520 521 555 590 649 708 758 807 791 774 779 784 782 779 738 696 588 479 468 457 454 452 454 455 476 496 484 472 462 453 443 433 420 408 407 405 387 369 330 290 267 244 231 218 206 193 178 164 168 172 169 165 161 157 155 152 190 228 231 233 286 339 338
-9999 -9999 -9999 -9999 -9999 -9999 -9999 -9999 -9999 -9999 -9999 -9999 -9999 -9999 -9999 -9999 385 385 387 390 412 435 446 457 427 397 432 467 479 490 495 500 499 499 553 607 632 657 709 761 732 703 731 760 740 720 665 609 531 453 447 442 452 463 478 492 554 615 554 494 503 511 511 511 492 472 448 424 387 349 323 297 251 204 199 194 191 188 182 177 187 197 190 184 184 184 176 168 240 311 318 325 342 360 376
-9999 -9999 -9999 -9999 -9999 -9999 -9999 -9999 -9999 -9999 -9999 -9999 -9999 -9999 -9999 -9999 -9999 -9999 385 385 402 419 423 426 422 418 432 447 466 486 487 488 492 497 543 590 603 616 656 696 708 719 757 795 796 796 691 586 531 476 482 487 489 491 551 610 630 649 608 567 534 500 489 478 465 451 423 395 365 334 321 308 285 261 231 202 194 186 185 183 190 197 195 193 220 247 268 288 335 383 374 366 361 355 352
-9999 -9999 -9999 -9999 -9999 -9999 -9999 -9999 -9999 -9999 -9999 -9999 -9999 -9999 -9999 -9999 -9999 -9999 380 380 391 402 399 396 417 439 433 427 454 481 479 476 485 494 534 573 574 575 603 631 683 735 783 831 851 871 717 563 531 498 516 533 526 520 624 728 706 684 663 641 565 488 466 445 438 431 398 366 343 320 319 319 319 318 264 209 197 185 187 189 194 198 201 203 257 311 360 408 431 454 431 407 379 351 328
