homework/Homework_5_files/or_precip_1983_09.asc
ncols 407
nrows 229
xllcorner -124.73958333333
yllcorner 41.73958333333
cellsize 0.02083333333
NODATA_value -9999
[rows 106 to 158 of 229, columns 0 to 95 of 407]
-9999 -9999 -9999 -9999 -9999 -9999 -9999 -9999 -9999 -9999 -9999 -9999 -9999 -9999 -9999 -9999 -9999 -9999 -9999 -9999 -9999 -9999 -9999 -9999 -9999 -9999 23 23 23 22 22 22 23 23 22 21 22 22 22 22 22 22 22 22 23 23 23 23 23 22 23 23 23 22 29 37 40 43 31 20 19 18 16 15 16 16 16 17 15 14 14 14 13 13 13 13 13 13 13 13 13 13 13 13 13 13 15 18 18 18 16 14 15 16 18 20
-9999 -9999 -9999 -9999 -9999 -9999 -9999 -9999 -9999 -9999 -9999 -9999 -9999 -9999 -9999 -9999 -9999 -9999 -9999 -9999 -9999 -9999 -9999 -9999 -9999 -9999 -9999 -9999 23 23 22 22 23 24 24 23 23 23 23 23 23 22 23 23 23 23 23 23 23 24 25 26 25 24 28 33 33 33 26 19 19 18 17 16 16 16 16 16 15 15 14 14 13 13 13 13 13 13 13 13 13 13 13 13 13 13 15 17 16 16 15 14 14 15 16 17
-9999 -9999 -9999 -9999 -9999 -9999 -9999 -9999 -9999 -9999 -9999 -9999 -9999 -9999 -9999 -9999 -9999 -9999 -9999 -9999 -9999 -9999 -9999 -9999 -9999 -9999 -9999 -9999 23 23 23 23 24 25 25 25 25 24 24 23 23 23 23 23 23 23 23 23 24 25 27 30 28 26 27 29 26 24 21 18 19 19 18 17 17 16 16 15 15 15 14 14 14 13 13 13 13 13 13 13 13 14 14 14 14 14 15 15 15 14 14 14 14 13 14 15
-9999 -9999 -9999 -9999 -9999 -9999 -9999 -9999 -9999 -9999 -9999 -9999 -9999 -9999 -9999 -9999 -9999 -9999 -9999 -9999 -9999 -9999 -9999 -9999 -9999 -9999 -9999 23 23 23 23 23 24 26 25 24 24 24 24 24 23 23 23 23 23 23 23 23 23 23 25 27 27 27 26 25 23 21 19 18 18 19 18 17 17 16 16 16 16 16 15 15 14 14 14 13 13 13 13 14 14 14 14 14 14 14 14 15 15 15 14 13 13 14 15 16
-9999 -9999 -9999 -9999 -9999 -9999 -9999 -9999 -9999 -9999 -9999 -9999 -9999 -9999 -9999 -9999 -9999 -9999 -9999 -9999 -9999 -9999 -9999 -9999 -9999 -9999 23 23 23 23 24 24 25 26 25 23 24 24 24 24 23 23 23 23 24 24 23 22 22 21 23 25 27 28 25 21 19 18 18 17 18 19 18 17 17 17 17 17 17 16 16 15 15 14 14 13 14 14 14 14 14 14 14 14 14 14 14 15 15 15 14 12 13 14 16 17
-9999 -9999 -9999 -9999 -9999 -9999 -9999 -9999 -9999 -9999 -9999 -9999 -9999 -9999 -9999 -9999 -9999 -9999 -9999 -9999 -9999 -9999 -9999 -9999 -9999 -9999 -9999 -9999 23 23 24 24 25 25 25 24 24 25 24 23 23 22 22 22 22 23 22 21 21 21 22 22 24 26 23 20 19 18 18 18 18 18 18 17 17 18 18 18 18 17 17 16 15 15 14 14 14 14 14 14 14 14 15 16 16 15 15 14 14 13 13 13 14 15 17 18
-9999 -9999 -9999 -9999 -9999 -9999 -9999 -9999 -9999 -9999 -9999 -9999 -9999 -9999 -9999 -9999 -9999 -9999 -9999 -9999 -9999 -9999 -9999 -9999 -9999 -9999 -9999 -9999 24 24 24 24 25 25 25 25 25 25 24 22 22 22 21 20 21 22 21 20 20 20 20 20 22 23 21 18 18 18 19 19 18 18 18 17 18 19 19 19 19 18 17 16 16 15 15 14 14 14 14 14 14 14 16 18 18 17 15 14 13 12 13 13 14 16 18 20
-9999 -9999 -9999 -9999 -9999 -9999 -9999 -9999 -9999 -9999 -9999 -9999 -9999 -9999 -9999 -9999 -9999 -9999 -9999 -9999 -9999 -9999 -9999 -9999 -9999 -9999 -9999 17 21 23 24 25 26 28 27 26 24 23 22 21 22 22 21 20 20 21 20 19 19 20 20 20 20 20 19 18 18 18 18 18 17 17 17 17 18 19 19 19 19 19 18 16 16 15 15 14 14 14 14 14 15 15 16 18 17 16 15 14 14 14 14 13 15 16 19 21
-9999 -9999 -9999 -9999 -9999 -9999 -9999 -9999 -9999 -9999 -9999 -9999 -9999 -9999 -9999 -9999 -9999 -9999 -9999 -9999 -9999 -9999 -9999 -9999 -9999 -9999 17 17 19 22 24 26 28 30 29 27 24 21 21 20 21 22 21 20 20 20 19 18 19 20 20 19 19 18 18 18 18 18 17 16 16 16 17 17 18 19 20 20 20 20 18 16 15 15 15 15 15 14 15 15 15 15 16 17 17 16 15 15 15 16 15 14 15 17 20 23
-9999 -9999 -9999 -9999 -9999 -9999 -9999 -9999 -9999 -9999 -9999 -9999 -9999 -9999 -9999 -9999 -9999 -9999 -9999 -9999 -9999 -9999 -9999 -9999 -9999 -9999 15 15 19 22 23 24 24 24 24 24 22 20 20 21 21 22 22 22 21 20 20 20 20 20 20 19 18 18 18 18 18 18 17 16 16 16 17 17 18 19 19 19 19 19 17 16 15 15 15 15 15 14 15 15 15 15 16 16 16 16 16 16 15 15 15 15 16 18 18 19
-9999 -9999 -9999 -9999 -9999 -9999 -9999 -9999 -9999 -9999 -9999 -9999 -9999 -9999 -9999 -9999 -9999 -9999 -9999 -9999 -9999 -9999 -9999 -9999 -9999 -9999 14 14 18 23 23 22 20 18 20 21 20 19 20 22 21 21 22 23 22 21 21 21 21 20 19 19 18 18 18 18 17 17 17 17 17 16 17 17 17 18 18 18 18 18 17 16 15 15 15 15 15 14 15 15 15 15 15 16 16 16 16 16 16 15 15 16 17 18 17 15
-9999 -9999 -9999 -9999 -9999 -9999 -9999 -9999 -9999 -9999 -9999 -9999 -9999 -9999 -9999 -9999 -9999 -9999 -9999 -9999 -9999 -9999 -9999 -9999 -9999 -9999 14 14 17 19 19 19 19 18 19 19 20 20 22 23 24 24 24 23 23 22 21 20 19 19 19 18 18 17 17 17 17 17 17 17 17 16 17 17 17 18 18 18 17 17 17 16 16 15 15 15 15 15 15 15 15 15 15 16 16 16 16 16 16 16 16 15 17 18 17 17
-9999 -9999 -9999 -9999 -9999 -9999 -9999 -9999 -9999 -9999 -9999 -9999 -9999 -9999 -9999 -9999 -9999 -9999 -9999 -9999 -9999 -9999 -9999 -9999 -9999 -9999 15 15 15 16 16 16 17 18 18 18 20 22 23 25 26 27 25 23 23 23 20 18 18 18 18 18 17 17 17 17 17 17 17 17 17 17 17 17 17 17 17 17 17 16 16 16 16 16 16 16 15 15 16 16 16 16 16 16 16 15 16 16 16 16 16 15 16 17 18 20
-9999 -9999 -9999 -9999 -9999 -9999 -9999 -9999 -9999 -9999 -9999 -9999 -9999 -9999 -9999 -9999 -9999 -9999 -9999 -9999 -9999 -9999 -9999 -9999 -9999 -9999 15 15 15 14 15 16 17 17 18 18 20 22 23 23 24 25 23 22 21 21 20 18 18 17 17 17 17 17 17 17 17 17 17 17 17 17 17 17 17 17 17 17 17 17 16 16 16 16 17 17 17 17 17 16 16 16 16 17 17 17 17 16 17 17 17 17 17 18 19 20
-9999 -9999 -9999 -9999 -9999 -9999 -9999 -9999 -9999 -9999 -9999 -9999 -9999 -9999 -9999 -9999 -9999 -9999 -9999 -9999 -9999 -9999 -9999 -9999 -9999 -9999 15 15 14 13 14 15 16 17 18 18 20 22 22 22 22 23 21 20 20 20 19 18 17 17 17 17 17 17 17 16 17 17 18 18 18 18 17 17 17 17 17 17 17 17 17 16 16 16 17 18 18 18 18 17 17 17 17 17 18 19 18 16 18 19 18 18 18 18 19 20
-9999 -9999 -9999 -9999 -9999 -9999 -9999 -9999 -9999 -9999 -9999 -9999 -9999 -9999 -9999 -9999 -9999 -9999 -9999 -9999 -9999 -9999 -9999 -9999 -9999 -9999 14 14 13 13 14 14 17 20 21 23 23 24 24 24 24 24 23 23 23 23 22 20 19 18 18 18 17 17 17 17 17 17 18 18 18 18 18 18 18 18 18 18 18 17 17 17 18 18 19 20 21 22 20 19 18 17 17 18 18 19 18 18 18 19 18 17 17 17 17 18
-9999 -9999 -9999 -9999 -9999 -9999 -9999 -9999 -9999 -9999 -9999 -9999 -9999 -9999 -9999 -9999 -9999 -9999 -9999 -9999 -9999 -9999 -9999 -9999 -9999 -9999 13 13 12 12 13 13 18 23 25 27 27 26 26 25 26 26 26 26 26 26 24 22 20 18 19 19 18 17 18 18 18 17 18 18 18 18 18 18 18 18 19 19 18 18 18 18 19 19 21 22 24 27 23 20 19 18 18 18 18 19 19 19 19 19 17 16 16 16 16 16
-9999 -9999 -9999 -9999 -9999 -9999 -9999 -9999 -9999 -9999 -9999 -9999 -9999 -9999 -9999 -9999 -9999 -9999 -9999 -9999 -9999 -9999 -9999 -9999 -9999 -9999 14 14 13 12 14 17 20 23 25 28 27 27 27 28 31 33 31 29 29 29 26 24 21 19 19 20 19 18 18 18 18 18 18 18 19 19 19 20 20 21 21 21 20 20 19 19 20 21 22 23 23 24 22 20 19 18 18 18 19 19 20 20 19 19 18 17 16 15 15 15
-9999 -9999 -9999 -9999 -9999 -9999 -9999 -9999 -9999 -9999 -9999 -9999 -9999 -9999 -9999 -9999 -9999 -9999 -9999 -9999 -9999 -9999 -9999 -9999 -9999 -9999 15 15 13 12 16 20 22 23 26 28 28 27 28 30 35 41 37 33 33 32 29 25 22 19 20 21 19 18 18 19 19 19 19 19 19 19 21 22 23 23 23 22 22 21 21 20 22 23 24 24 23 21 21 20 19 18 18 18 19 20 20 21 20 19 18 17 16 15 15 15
-9999 -9999 -9999 -9999 -9999 -9999 -9999 -9999 -9999 -9999 -9999 -9999 -9999 -9999 -9999 -9999 -9999 -9999 -9999 -9999 -9999 -9999 -9999 -9999 -9999 -9999 15 15 14 13 16 20 22 23 25 26 27 27 28 29 31 33 30 27 27 26 24 22 21 20 21 21 20 19 19 20 19 19 19 19 19 19 21 22 22 23 23 23 24 25 23 22 22 23 24 24 24 24 22 21 20 19 20 21 22 24 24 23 22 21 20 18 18 18 19 20
-9999 -9999 -9999 -9999 -9999 -9999 -9999 -9999 -9999 -9999 -9999 -9999 -9999 -9999 -9999 -9999 -9999 -9999 -9999 -9999 -9999 -9999 -9999 -9999 -9999 -9999 15 15 15 15 17 19 22 24 24 24 25 27 27 27 26 24 23 21 21 21 20 19 20 21 21 21 21 21 21 20 20 19 19 19 19 20 20 21 22 23 24 24 26 28 26 23 23 23 24 25 25 26 24 22 21 20 22 24 26 27 27 26 24 23 21 19 20 21 23 25
-9999 -9999 -9999 -9999 -9999 -9999 -9999 -9999 -9999 -9999 -9999 -9999 -9999 -9999 -9999 -9999 -9999 -9999 -9999 -9999 -9999 -9999 -9999 -9999 -9999 17 17 16 16 16 17 19 21 24 24 25 26 27 27 26 25 25 23 21 20 20 19 19 20 21 20 20 21 21 21 21 21 21 21 20 21 21 22 22 23 23 23 23 24 26 24 23 23 23 24 25 24 24 23 23 21 20 22 24 28 32 30 28 26 24 23 22 22 22 23 25
-9999 -9999 -9999 -9999 -9999 -9999 -9999 -9999 -9999 -9999 -9999 -9999 -9999 -9999 -9999 -9999 -9999 -9999 -9999 -9999 -9999 -9999 -9999 -9999 17 17 17 17 17 17 18 18 21 24 25 25 27 28 26 24 25 25 23 21 20 18 19 19 20 20 20 20 20 20 21 21 22 22 22 22 23 23 23 23 23 24 23 22 23 23 23 23 23 23 24 25 23 22 23 24 22 20 22 24 30 36 33 31 28 26 25 24 23 22 23 24
-9999 -9999 -9999 -9999 -9999 -9999 -9999 -9999 -9999 -9999 -9999 -9999 -9999 -9999 -9999 -9999 -9999 -9999 -9999 -9999 -9999 -9999 -9999 -9999 18 18 18 18 18 18 18 19 20 22 22 22 24 26 25 24 24 24 22 20 19 19 19 20 20 21 21 21 21 21 20 20 21 23 23 23 23 24 24 25 26 26 25 24 24 24 24 24 24 23 24 24 24 23 22 21 21 22 24 26 30 35 34 32 29 26 25 24 25 25 26 26
-9999 -9999 -9999 -9999 -9999 -9999 -9999 -9999 -9999 -9999 -9999 -9999 -9999 -9999 -9999 -9999 -9999 -9999 -9999 -9999 -9999 -9999 -9999 -9999 18 18 18 18 18 18 19 19 19 20 20 20 21 23 23 24 24 24 21 19 19 19 19 20 20 21 21 22 22 21 20 19 21 23 23 24 24 24 25 27 28 29 27 25 25 24 24 24 24 24 24 24 24 24 21 18 21 24 26 27 31 34 34 34 30 26 25 25 26 28 28 28
-9999 -9999 -9999 -9999 -9999 -9999 -9999 -9999 -9999 -9999 -9999 -9999 -9999 -9999 -9999 -9999 -9999 -9999 -9999 -9999 -9999 -9999 -9999 -9999 19 19 19 19 18 18 19 19 19 20 20 20 22 23 23 24 24 24 24 24 22 21 20 20 21 22 22 22 21 20 20 20 22 24 25 26 26 25 27 28 28 29 28 27 26 24 24 24 24 23 23 24 24 24 22 20 23 26 28 29 31 34 34 33 30 26 26 25 26 27 28 29
-9999 -9999 -9999 -9999 -9999 -9999 -9999 -9999 -9999 -9999 -9999 -9999 -9999 -9999 -9999 -9999 -9999 -9999 -9999 -9999 -9999 -9999 -9999 -9999 19 19 19 19 18 18 19 19 20 20 21 21 22 23 23 24 24 25 27 28 25 22 21 20 22 24 23 23 21 19 20 21 23 25 26 27 27 27 28 28 29 30 29 28 26 24 24 24 23 23 23 23 23 23 23 22 25 28 29 30 32 34 34 33 30 27 26 25 26 27 28 30
-9999 -9999 -9999 -9999 -9999 -9999 -9999 -9999 -9999 -9999 -9999 -9999 -9999 -9999 -9999 -9999 -9999 -9999 -9999 -9999 -9999 -9999 -9999 -9999 19 19 19 19 19 19 20 20 20 20 21 21 22 22 23 23 25 26 30 33 29 26 24 21 22 22 23 25 22 19 19 20 21 23 24 25 25 25 27 29 28 28 27 27 25 24 24 23 23 23 23 24 25 26 25 24 26 28 28 29 29 30 32 33 29 26 25 25 26 26 27 27
-9999 -9999 -9999 -9999 -9999 -9999 -9999 -9999 -9999 -9999 -9999 -9999 -9999 -9999 -9999 -9999 -9999 -9999 -9999 -9999 -9999 -9999 -9999 -9999 20 20 20 20 20 21 20 20 20 20 21 21 21 22 22 23 25 27 33 38 34 29 26 23 21 20 23 26 23 19 19 19 20 22 22 23 23 23 26 30 28 26 25 25 25 24 24 23 23 22 23 24 26 28 27 27 27 28 27 27 27 26 30 33 29 25 25 25 25 25 25 25
-9999 -9999 -9999 -9999 -9999 -9999 -9999 -9999 -9999 -9999 -9999 -9999 -9999 -9999 -9999 -9999 -9999 -9999 -9999 -9999 -9999 -9999 -9999 20 20 20 20 20 20 21 21 20 20 21 21 21 23 25 23 22 23 24 27 31 27 24 22 21 20 19 20 21 19 17 18 18 19 20 20 21 21 22 24 25 25 24 24 25 25 25 24 24 23 23 24 25 26 26 26 26 26 27 28 30 28 26 28 30 28 25 24 24 25 26 26 25
-9999 -9999 -9999 -9999 -9999 -9999 -9999 -9999 -9999 -9999 -9999 -9999 -9999 -9999 -9999 -9999 -9999 -9999 -9999 -9999 -9999 -9999 20 20 20 20 20 20 20 21 21 21 21 21 21 21 25 29 24 20 21 21 22 23 21 19 19 19 18 17 17 16 16 16 17 17 18 18 18 19 20 21 21 21 22 23 23 24 25 25 25 24 24 24 25 25 25 25 25 25 26 27 29 32 29 27 27 28 26 25 24 24 25 26 26 26
-9999 -9999 -9999 -9999 -9999 -9999 -9999 -9999 -9999 -9999 -9999 -9999 -9999 -9999 -9999 -9999 -9999 -9999 -9999 -9999 -9999 -9999 20 20 20 20 20 20 20 21 21 21 21 22 22 22 25 27 26 25 24 24 23 22 21 21 22 22 20 18 17 16 16 16 17 17 17 18 19 21 23 25 25 25 25 26 25 25 25 25 25 25 25 24 25 25 25 25 25 25 25 26 27 29 27 26 26 26 25 25 25 25 25 25 25 25
-9999 -9999 -9999 -9999 -9999 -9999 -9999 -9999 -9999 -9999 -9999 -9999 -9999 -9999 -9999 -9999 -9999 -9999 -9999 -9999 -9999 -9999 20 20 20 20 20 20 20 21 21 21 22 23 23 24 24 25 27 30 28 26 23 21 22 23 24 25 22 19 18 17 17 17 17 16 17 18 21 23 26 28 28 29 29 28 27 26 25 24 25 26 25 25 25 25 25 25 25 25 25 25 25 26 26 25 25 24 24 25 25 26 25 25 24 23
-9999 -9999 -9999 -9999 -9999 -9999 -9999 -9999 -9999 -9999 -9999 -9999 -9999 -9999 -9999 -9999 -9999 -9999 -9999 -9999 -9999 -9999 21 21 20 20 20 20 20 21 21 21 22 23 23 24 24 24 26 27 28 28 25 22 23 24 23 23 21 19 19 19 18 18 17 16 17 18 20 21 24 26 27 28 28 27 26 26 25 24 25 25 26 26 26 25 25 25 25 25 25 25 26 26 25 25 25 25 25 25 26 28 26 25 22 19
-9999 -9999 -9999 -9999 -9999 -9999 -9999 -9999 -9999 -9999 -9999 -9999 -9999 -9999 -9999 -9999 -9999 -9999 -9999 -9999 -9999 -9999 21 21 21 21 21 20 21 21 21 21 22 23 23 24 24 24 24 25 27 30 26 23 24 25 22 20 20 19 20 20 19 18 17 17 17 18 19 20 22 24 26 28 27 26 26 26 25 23 24 25 26 27 26 26 26 25 26 26 26 26 26 25 25 25 25 26 25 25 27 30 28 26 21 16
-9999 -9999 -9999 -9999 -9999 -9999 -9999 -9999 -9999 -9999 -9999 -9999 -9999 -9999 -9999 -9999 -9999 -9999 -9999 -9999 -9999 21 21 21 21 21 21 21 21 21 21 21 22 23 24 25 24 24 25 26 27 28 25 22 23 24 22 20 21 21 21 21 20 19 18 18 18 19 19 20 23 26 28 30 29 27 26 26 25 24 25 26 27 28 27 26 26 26 27 28 27 26 28 30 27 25 27 29 28 28 27 26 25 23 19 15
-9999 -9999 -9999 -9999 -9999 -9999 -9999 -9999 -9999 -9999 -9999 -9999 -9999 -9999 -9999 -9999 -9999 -9999 -9999 -9999 21 21 21 21 21 21 21 21 22 22 22 22 22 23 24 26 25 25 26 27 26 25 24 22 22 23 21 20 22 23 22 22 21 20 19 18 19 20 20 20 24 28 31 33 31 28 27 26 26 25 26 27 28 29 27 26 26 26 28 30 28 26 30 35 29 24 28 32 32 31 27 23 22 21 17 13
-9999 -9999 -9999 -9999 -9999 -9999 -9999 -9999 -9999 -9999 -9999 -9999 -9999 -9999 -9999 -9999 -9999 -9999 -9999 -9999 22 22 22 21 22 22 22 22 22 22 22 23 23 23 24 24 25 25 25 26 25 25 24 23 23 22 21 20 20 21 21 21 20 18 18 18 19 20 20 21 24 27 29 31 29 28 27 27 27 27 27 27 28 29 28 28 27 27 27 28 27 25 29 32 31 30 31 33 30 28 26 23 21 18 16 13
-9999 -9999 -9999 -9999 -9999 -9999 -9999 -9999 -9999 -9999 -9999 -9999 -9999 -9999 -9999 -9999 -9999 -9999 -9999 -9999 22 22 22 22 22 22 22 22 22 23 23 24 24 24 24 23 25 26 25 24 24 24 24 24 23 22 21 19 19 19 20 20 18 17 17 17 19 20 21 21 23 25 27 28 28 28 28 28 28 28 28 27 28 29 29 30 29 28 27 25 25 25 28 30 33 35 34 33 29 26 24 23 20 16 14 12
-9999 -9999 -9999 -9999 -9999 -9999 -9999 -9999 -9999 -9999 -9999 -9999 -9999 -9999 -9999 -9999 -9999 -9999 -9999 -9999 22 22 22 22 22 22 22 22 23 23 24 24 24 23 23 23 23 24 24 24 25 25 25 26 25 24 22 19 18 18 18 17 17 16 16 16 17 17 18 19 21 24 25 25 27 28 28 29 29 29 29 28 29 29 29 29 28 27 27 26 25 24 26 28 29 31 30 28 26 24 23 22 19 15 14 12
-9999 -9999 -9999 -9999 -9999 -9999 -9999 -9999 -9999 -9999 -9999 -9999 -9999 -9999 -9999 -9999 -9999 -9999 -9999 -9999 22 22 22 22 22 22 22 23 23 24 24 24 23 23 23 22 22 21 23 24 25 26 27 27 27 26 23 19 18 16 15 15 15 15 15 15 15 14 15 16 19 22 22 22 25 28 29 29 30 30 30 29 29 29 28 28 27 27 26 26 24 23 24 25 26 27 25 24 22 21 22 22 18 14 13 12
-9999 -9999 -9999 -9999 -9999 -9999 -9999 -9999 -9999 -9999 -9999 -9999 -9999 -9999 -9999 -9999 -9999 -9999 -9999 22 22 22 22 22 22 22 22 23 23 24 23 23 23 22 22 23 23 22 23 24 24 25 25 26 26 26 23 21 18 16 14 12 13 13 13 13 13 13 14 16 19 22 22 22 25 28 29 30 30 30 30 30 30 29 28 28 27 26 26 25 23 20 22 23 23 22 21 20 21 21 21 21 18 15 15 14
-9999 -9999 -9999 -9999 -9999 -9999 -9999 -9999 -9999 -9999 -9999 -9999 -9999 -9999 -9999 -9999 -9999 -9999 22 22 22 22 22 22 22 22 22 23 23 23 23 23 22 21 22 23 23 24 23 23 23 24 24 25 25 26 24 22 19 16 13 10 11 11 11 11 12 12 14 15 18 21 21 21 24 27 29 30 31 31 31 31 30 29 29 28 27 25 25 24 21 18 20 22 20 17 17 17 19 20 20 20 18 16 16 16
-9999 -9999 -9999 -9999 -9999 -9999 -9999 -9999 -9999 -9999 -9999 -9999 -9999 -9999 -9999 -9999 -9999 22 22 22 22 22 22 22 22 22 22 22 22 22 22 22 21 21 22 22 22 22 23 24 24 24 24 24 23 22 21 21 19 18 15 11 11 11 11 11 11 11 12 13 15 17 18 19 22 24 27 29 29 30 30 29 29 29 29 29 28 27 26 24 22 19 19 19 18 16 17 17 19 20 20 19 17 16 16 16
-9999 -9999 -9999 -9999 -9999 -9999 -9999 -9999 -9999 -9999 -9999 -9999 -9999 -9999 -9999 -9999 22 22 22 22 22 22 22 22 22 22 22 22 22 21 21 21 21 22 21 21 21 21 23 24 24 24 24 23 21 19 19 19 20 21 16 12 11 10 10 11 10 10 11 11 12 13 15 18 20 22 25 28 28 29 28 28 29 30 29 29 29 29 27 24 23 21 19 16 16 15 16 17 19 20 19 18 16 15 15 15
-9999 -9999 -9999 -9999 -9999 -9999 -9999 -9999 -9999 -9999 -9999 -9999 -9999 -9999 -9999 21 21 22 22 22 22 22 22 22 22 22 21 21 21 21 21 21 22 22 22 22 22 23 23 24 24 24 23 23 20 18 18 19 19 19 15 11 11 10 10 10 10 11 11 11 12 12 15 18 20 21 23 25 26 27 27 26 28 29 28 27 26 25 23 21 20 19 17 16 16 16 17 18 18 19 17 16 15 14 14 15
-9999 -9999 -9999 -9999 -9999 -9999 -9999 -9999 -9999 -9999 -9999 -9999 -9999 -9999 21 21 21 21 22 22 22 22 22 22 22 21 21 21 21 21 21 21 22 23 23 23 24 24 24 24 24 24 23 22 20 18 18 18 18 18 14 10 10 11 10 9 11 12 11 11 11 11 14 17 19 21 22 22 23 25 25 25 27 29 27 25 23 21 20 18 17 16 16 15 16 17 17 18 18 18 16 14 14 13 14 14
-9999 -9999 -9999 -9999 -9999 -9999 -9999 -9999 -9999 -9999 -9999 -9999 -9999 -9999 21 21 22 22 22 22 22 22 22 22 21 21 21 21 21 21 22 23 22 22 23 23 23 24 24 25 25 25 23 21 20 18 18 18 19 19 15 10 10 10 10 9 10 11 11 10 11 11 13 15 16 16 17 18 20 23 23 23 24 24 24 23 21 18 18 17 17 17 17 17 16 15 15 15 15 15 14 13 13 13 13 13
-9999 -9999 -9999 -9999 -9999 -9999 -9999 -9999 -9999 -9999 -9999 -9999 -9999 -9999 21 21 22 23 22 22 21 21 21 21 21 21 21 21 21 21 23 24 23 22 23 23 23 23 24 26 26 26 23 21 20 18 19 19 19 19 15 11 10 10 10 10 10 11 10 9 10 10 12 13 12 12 12 13 17 20 21 21 20 19 20 21 18 16 15 15 16 17 17 18 16 14 13 13 12 12 12 12 12 13 13 13
-9999 -9999 -9999 -9999 -9999 -9999 -9999 -9999 -9999 -9999 -9999 -9999 -9999 -9999 21 21 21 22 22 21 21 21 21 21 21 21 21 21 21 21 22 23 22 21 22 23 23 23 23 24 23 22 20 18 18 17 18 19 18 17 14 11 10 10 10 10 10 10 10 9 10 10 12 14 14 14 14 15 17 19 19 19 18 17 17 18 17 15 15 15 15 15 15 15 13 12 12 11 11 11 11 12 13 14 13 13
-9999 -9999 -9999 -9999 -9999 -9999 -9999 -9999 -9999 -9999 -9999 -9999 -9999 -9999 21 21 21 21 21 21 21 21 21 21 21 21 21 21 21 22 22 21 21 20 21 22 22 23 22 22 20 18 17 16 16 16 17 18 17 16 14 11 11 10 11 11 10 9 9 9 9 10 12 15 15 16 16 16 17 18 18 18 16 15 15 15 15 15 14 14 14 14 13 12 11 10 10 10 10 10 11 12 13 15 14 14
-9999 -9999 -9999 -9999 -9999 -9999 -9999 -9999 -9999 -9999 -9999 -9999 -9999 -9999 21 21 21 21 21 21 21 21 21 21 21 21 21 21 21 21 21 21 21 20 21 21 22 23 21 20 18 16 16 16 16 17 17 18 17 17 13 10 10 10 10 11 10 9 9 9 9 9 13 16 17 17 17 16 16 17 16 16 15 14 14 14 15 15 15 15 14 13 12 11 11 10 10 10 10 10 11 11 12 13 13 13
-9999 -9999 -9999 -9999 -9999 -9999 -9999 -9999 -9999 -9999 -9999 -9999 -9999 -9999 21 21 21 21 21 21 21 21 21 20 20 20 20 21 21 21 20 20 20 21 20 20 22 23 20 17 16 15 16 16 17 17 17 18 18 17 13 8 9 9 10 10 9 9 9 9 9 9 13 17 18 19 18 16 16 16 15 14 13 13 13 13 14 16 16 15 14 13 12 11 11 10 10 10 10 11 10 10 10 11 12 12
