homework/Homework_5_files/or_precip_1983_01.asc
ncols 407
nrows 229
xllcorner -124.73958333333
yllcorner 41.73958333333
cellsize 0.02083333333
NODATA_value -9999
[rows 176 to 219 of 229, columns 192 to 287 of 407]
31 29 28 27 26 26 26 26 25 25 26 28 28 27 27 27 27 27 27 27 23 19 19 19 16 12 12 12 12 12 12 12 12 12 12 12 13 14 14 14 15 15 15 16 13 11 14 16 16 16 14 13 14 14 14 15 16 17 15 14 14 14 16 17 18 18 18 19 21 22 23 23 24 25 28 32 36 39 42 44 48 52 53 55 59 63 56 49 51 54 61 67 84 101 125 148
34 32 31 30 29 28 27 26 25 24 24 25 26 27 27 27 27 27 27 27 23 19 19 18 15 13 13 13 13 13 13 14 14 13 14 14 15 15 15 15 15 16 14 13 12 11 13 16 16 15 15 14 14 14 14 14 15 16 16 16 15 15 17 18 18 18 19 20 21 22 23 24 25 26 29 32 36 40 43 46 51 55 56 57 59 61 60 60 62 63 70 76 94 112 140 168
37 36 34 33 32 30 28 25 24 23 23 23 24 26 26 27 27 27 27 27 23 20 19 18 15 13 13 13 13 14 15 16 15 15 16 17 16 16 16 16 16 16 14 11 11 11 13 15 15 15 15 14 14 14 14 14 14 15 16 17 17 16 18 19 19 19 20 21 21 22 24 25 26 26 29 32 36 40 44 48 53 58 59 59 59 59 65 72 72 72 79 86 104 123 156 188
40 40 38 36 34 32 29 26 26 25 23 21 21 22 24 26 27 27 27 27 25 22 19 17 15 13 13 13 14 14 15 17 17 16 17 18 17 17 16 16 16 16 13 10 12 13 14 16 15 15 15 14 14 14 13 13 14 14 15 17 16 16 17 18 19 19 20 20 21 21 23 24 26 28 32 35 39 43 45 47 51 55 57 60 61 63 69 75 77 79 82 86 114 143 172 202
42 43 42 40 36 33 30 28 27 26 23 19 19 18 22 25 26 27 27 27 26 25 20 15 14 13 14 14 14 14 16 18 18 18 19 19 19 18 17 16 16 15 13 10 13 15 15 16 16 16 15 14 13 13 13 12 13 14 15 16 16 16 17 17 18 19 19 20 20 20 21 23 27 31 34 38 41 45 45 45 49 52 56 60 64 68 73 78 82 85 86 87 124 162 189 215
51 45 43 41 37 33 30 28 25 22 20 19 18 18 20 22 25 27 27 27 24 22 19 16 14 13 13 13 15 17 19 20 20 20 19 19 18 17 17 16 16 16 13 11 13 15 16 18 18 17 16 16 16 16 15 14 15 16 16 16 16 16 17 17 18 19 19 19 20 20 23 26 29 33 36 38 41 44 47 49 52 55 59 64 69 74 79 84 89 93 96 99 120 140 178 215
60 47 44 41 37 33 30 28 23 18 18 18 18 18 19 19 24 28 27 27 23 18 17 16 15 13 13 13 17 21 22 22 22 22 20 18 18 17 16 15 16 16 14 11 13 15 17 20 19 19 18 17 18 18 17 15 17 18 17 15 16 16 17 17 18 19 19 19 20 21 25 29 32 36 37 38 41 44 49 53 55 57 63 68 74 80 85 90 96 101 106 111 115 118 167 215
118 110 99 88 65 42 35 28 24 20 19 18 18 18 19 19 23 28 27 27 23 19 18 17 16 16 17 18 22 27 25 23 23 23 21 19 18 16 16 15 15 15 14 13 15 17 18 20 19 19 18 18 18 19 22 26 22 19 19 18 18 18 18 18 18 19 19 19 19 20 24 28 32 36 38 40 43 46 48 51 54 57 61 65 74 83 90 97 102 106 110 115 120 125 148 170
177 173 154 135 94 52 41 29 25 21 20 18 18 18 19 19 23 28 27 27 23 19 18 17 18 19 20 22 27 33 29 24 24 23 22 21 18 15 15 15 15 15 15 15 17 20 20 19 19 19 19 18 19 20 28 36 28 21 21 21 20 20 19 19 19 19 19 19 19 19 23 28 31 35 39 42 45 48 48 48 53 58 60 62 74 85 95 104 108 111 115 119 125 132 129 126
167 170 144 118 85 51 44 37 34 30 25 19 19 19 19 20 22 25 26 28 23 19 19 19 19 20 23 27 30 33 30 26 25 24 23 21 19 16 16 16 17 18 17 15 17 20 19 19 19 19 19 20 23 27 29 31 26 21 21 21 20 20 20 20 19 19 19 19 19 19 22 24 27 31 35 38 42 46 47 48 52 55 59 62 73 84 97 110 112 114 118 122 128 134 130 126
158 166 134 102 76 50 47 45 42 39 30 20 20 21 20 20 21 23 26 29 24 20 20 20 20 21 26 31 33 34 31 28 27 25 23 22 20 17 17 16 19 22 19 16 18 20 19 19 19 19 20 21 27 33 30 27 24 21 21 21 20 20 20 20 20 19 19 19 19 20 20 20 24 27 31 35 39 44 46 49 51 53 57 62 72 82 99 117 117 117 121 124 130 136 131 126
149 154 128 102 77 52 49 45 43 41 32 24 24 24 23 21 22 23 24 26 25 24 24 23 23 24 29 35 36 36 34 32 29 27 24 21 20 19 19 20 20 20 19 17 20 23 21 19 19 19 21 24 27 29 28 27 25 23 22 21 20 20 20 20 19 19 19 19 19 19 19 19 23 27 31 35 39 43 46 48 50 51 55 59 66 72 93 114 116 118 122 126 132 137 132 126
140 141 121 102 79 55 51 46 44 42 35 28 28 28 25 23 23 23 23 23 26 29 27 26 26 27 33 39 39 39 37 35 32 30 25 21 20 20 22 23 21 19 19 19 23 27 23 18 19 19 23 27 26 25 26 27 26 25 23 21 20 20 20 19 19 19 19 18 18 18 18 18 22 26 30 35 38 42 45 48 48 48 53 57 60 62 87 112 115 119 123 127 133 139 133 127
136 128 111 93 74 55 51 48 52 56 48 40 36 31 30 29 27 24 24 25 26 28 27 27 29 32 40 48 47 47 45 44 43 41 36 31 29 27 26 26 23 19 21 23 26 29 28 28 33 37 32 26 25 24 26 27 27 26 25 24 22 19 19 19 19 19 18 18 18 18 18 18 20 22 26 30 34 38 42 45 47 48 50 53 56 59 89 119 124 130 135 140 146 152 147 142
132 116 100 84 69 54 52 50 60 70 61 52 43 35 35 35 30 25 26 27 27 26 27 28 33 37 47 57 55 54 54 53 53 52 47 42 38 34 31 28 24 20 23 27 28 30 34 38 47 55 40 26 25 24 26 27 27 27 27 28 23 19 19 19 19 18 18 17 17 17 18 18 18 18 22 26 30 35 38 42 45 48 48 48 52 56 91 126 133 141 147 153 160 166 162 158
111 104 92 80 71 61 58 54 59 63 68 72 57 42 40 38 33 28 28 28 27 27 29 30 39 48 53 57 55 52 49 47 46 45 42 38 34 30 28 26 22 18 20 22 27 31 44 57 57 58 45 33 31 30 30 31 30 29 29 29 25 20 20 19 20 21 19 17 18 18 18 18 18 18 22 26 28 31 35 38 42 46 45 44 48 53 71 89 110 132 152 172 173 174 176 178
90 92 85 77 73 68 63 59 58 57 75 93 70 48 45 41 36 31 30 28 28 28 30 32 46 59 58 58 54 49 44 40 39 38 36 34 30 27 25 23 20 16 16 17 25 32 54 77 68 60 51 41 38 36 35 35 34 32 31 30 26 22 21 19 21 23 20 18 18 18 18 18 18 19 22 25 26 27 31 34 38 43 41 40 45 50 51 52 87 122 156 191 186 181 189 197
85 88 84 80 74 67 64 62 61 60 79 99 74 50 43 37 34 31 32 32 30 29 31 34 46 59 59 58 53 47 43 39 38 37 36 35 31 27 24 21 18 15 17 20 26 31 59 86 77 67 60 54 45 36 37 37 36 34 33 32 28 23 23 22 22 22 20 18 19 19 18 17 17 17 20 23 25 27 29 31 35 39 39 40 44 48 49 50 70 90 116 142 148 154 173 193
81 85 84 84 75 66 65 65 64 64 84 105 78 51 42 33 32 32 33 35 32 30 32 35 47 58 59 59 52 45 42 39 38 37 36 35 31 28 23 19 17 15 19 22 26 30 63 96 85 74 70 66 51 37 38 40 38 37 35 34 29 24 25 25 23 22 20 19 19 20 18 16 15 15 18 21 24 27 27 27 31 35 37 40 43 47 48 48 53 58 75 93 110 128 158 188
83 87 83 79 72 64 64 64 71 79 95 111 93 74 57 41 40 40 42 44 37 30 34 38 50 63 63 63 53 43 41 39 38 36 35 34 30 26 22 18 18 19 21 23 41 59 72 85 72 59 56 53 44 35 38 40 39 38 36 34 29 25 25 26 27 28 30 32 30 27 23 19 18 16 18 19 22 26 27 29 32 34 36 37 40 44 46 48 51 54 68 81 90 99 113 127
85 90 82 75 69 63 63 64 79 94 106 117 107 97 72 48 48 48 50 52 42 31 36 41 54 67 67 68 54 41 40 40 38 36 34 32 28 24 21 17 20 22 23 24 56 88 81 74 59 43 42 40 37 34 37 40 40 40 37 34 29 25 26 26 30 34 39 44 40 35 29 23 20 17 17 18 21 24 27 31 33 34 34 34 37 40 44 48 49 50 60 70 70 70 68 66
83 93 85 77 74 72 68 65 84 103 107 111 103 95 72 50 47 44 45 46 39 33 45 57 62 67 68 70 61 51 45 40 38 36 35 34 29 25 22 19 20 22 23 25 55 85 72 59 49 40 39 37 34 31 33 35 37 39 36 33 31 30 30 30 35 40 45 51 44 37 30 24 21 17 17 18 19 20 24 27 30 32 32 31 34 38 41 44 47 50 59 67 66 65 64 62
82 95 87 80 80 80 74 67 90 112 108 104 99 93 72 52 46 41 40 39 37 34 54 74 70 67 70 73 67 61 51 40 38 36 36 35 31 27 24 21 21 21 24 26 55 83 64 44 40 36 35 34 32 29 30 30 34 38 35 33 33 34 34 34 40 45 51 57 48 38 32 26 22 17 17 17 17 16 20 24 27 30 29 28 31 35 38 41 46 50 57 64 63 61 60 59
76 83 81 79 79 79 72 64 82 99 94 89 81 73 58 44 39 35 35 35 34 32 45 57 61 65 70 76 67 59 50 41 39 37 36 35 33 31 28 25 23 20 23 25 39 52 46 39 37 35 33 31 30 28 30 32 33 33 33 32 32 32 34 36 39 43 50 57 50 43 35 28 25 21 19 17 16 16 18 19 23 27 26 26 29 32 34 37 45 53 58 62 59 56 55 55
71 72 75 78 78 78 70 61 74 86 80 74 63 52 44 36 33 29 31 32 31 30 35 41 52 63 70 78 67 56 49 42 39 37 36 36 36 36 33 29 24 20 21 23 22 21 28 34 33 33 30 27 28 28 31 34 31 29 30 31 31 30 33 37 39 41 49 57 52 48 39 30 28 25 20 16 16 16 15 14 19 24 24 24 26 29 31 33 44 55 58 60 56 51 51 50
66 70 75 80 76 73 64 55 60 66 63 60 51 43 37 31 30 28 30 32 31 30 38 47 53 60 66 73 66 59 49 40 37 35 36 37 39 41 41 41 31 20 20 20 21 21 26 30 33 35 32 30 30 31 32 34 32 29 29 29 28 27 30 33 37 41 43 46 41 35 32 28 24 20 18 16 16 15 15 16 18 20 20 21 23 26 29 31 41 51 54 57 53 49 46 43
62 69 75 81 75 68 58 48 47 46 46 46 40 33 30 27 27 28 30 33 32 30 42 53 55 57 63 68 65 62 50 38 35 33 36 39 42 45 49 53 37 21 19 17 19 20 23 27 32 37 35 33 33 34 34 34 32 30 28 26 25 24 26 29 34 40 38 36 30 23 24 25 20 16 15 15 15 15 16 17 16 15 16 17 21 24 27 29 38 46 50 53 50 46 41 37
55 59 71 83 84 85 75 66 56 46 44 43 37 31 29 26 27 27 29 32 35 38 46 54 56 59 57 55 53 52 44 36 34 32 36 40 42 44 50 55 38 21 19 17 19 20 23 25 31 37 36 35 35 35 35 35 33 31 29 26 25 24 25 27 31 36 34 33 28 23 22 21 18 15 15 15 14 14 15 15 16 18 18 19 22 26 27 27 33 38 42 45 45 45 37 29
48 49 67 85 93 101 92 83 65 46 43 40 34 29 27 26 26 26 28 31 39 47 51 55 57 60 51 42 42 42 38 34 32 31 35 40 42 43 50 57 39 22 19 17 18 20 22 24 31 37 38 38 37 36 35 35 34 33 29 26 25 24 24 25 28 32 31 31 27 23 20 17 16 14 14 14 14 14 14 14 17 20 20 20 24 29 27 25 28 30 34 38 41 44 32 21
47 45 55 66 71 76 74 72 57 42 38 35 32 28 27 26 26 26 30 35 41 48 49 50 52 54 48 42 41 40 37 33 32 30 33 36 39 42 47 52 36 20 20 19 21 22 23 25 30 35 36 38 37 36 35 35 33 31 28 25 24 23 22 21 24 27 29 30 26 23 20 18 16 15 14 14 14 14 14 15 15 16 17 18 22 27 26 24 25 25 28 31 33 36 28 21
45 41 44 47 49 51 56 61 49 37 34 31 29 28 27 26 25 25 32 38 43 48 47 46 47 49 46 42 40 37 35 33 31 29 30 31 36 41 44 47 33 18 20 21 23 24 25 25 29 33 35 37 37 36 35 35 32 29 27 25 23 22 20 18 20 23 26 30 26 23 20 18 17 16 15 14 14 14 14 15 14 13 14 15 20 25 24 23 22 20 22 24 26 28 25 22
45 43 43 42 46 49 53 57 46 36 34 31 30 28 26 25 25 25 30 36 44 52 53 54 56 58 55 53 48 43 40 37 34 31 30 30 32 34 35 36 29 21 21 20 22 24 24 25 28 31 32 33 32 32 31 31 30 29 26 23 22 22 21 20 21 22 25 28 25 22 20 19 18 17 16 14 15 16 15 15 14 14 16 18 20 23 23 22 22 22 21 21 22 23 25 27
46 46 41 36 42 48 50 52 44 35 33 32 30 29 26 24 24 25 29 33 44 56 59 62 64 67 65 64 57 50 45 41 37 33 31 30 29 28 26 25 24 24 22 19 21 23 24 25 27 30 29 28 28 28 27 27 28 29 25 22 22 22 22 22 22 22 24 27 24 21 20 19 19 18 17 15 16 17 16 15 15 15 18 20 20 21 21 21 22 23 20 17 18 19 26 33
53 57 47 38 40 43 45 47 42 36 34 31 30 30 27 24 24 24 27 29 41 52 58 63 66 68 62 57 53 49 46 43 39 35 33 30 29 28 26 23 23 22 22 21 22 23 24 25 27 29 28 28 27 27 27 26 26 26 24 22 22 22 24 25 25 25 25 26 25 23 24 24 23 22 23 23 22 22 19 16 15 14 18 21 21 21 21 21 21 21 19 17 17 18 25 33
61 68 53 39 38 38 40 42 40 37 34 31 31 31 27 23 23 23 24 26 37 49 57 65 67 69 60 50 50 49 47 44 41 38 34 31 30 29 25 21 21 21 21 22 22 23 24 25 26 27 27 27 27 27 26 24 24 23 22 22 22 22 25 28 28 27 26 25 25 25 27 28 27 27 29 31 29 26 22 18 15 13 18 22 21 20 20 20 20 19 18 18 17 16 25 33
57 59 55 52 53 53 52 51 44 36 33 30 31 32 29 26 25 24 25 26 44 61 79 96 88 80 65 51 48 46 46 46 43 39 37 35 31 27 25 22 22 23 23 23 23 23 24 25 27 28 27 27 26 26 25 24 23 23 22 22 23 25 27 29 28 27 26 25 25 25 26 27 26 25 27 30 27 25 21 18 16 15 17 20 20 19 19 19 18 18 18 18 17 16 23 30
53 49 57 66 67 69 64 59 47 36 32 29 31 33 31 28 27 26 26 26 50 74 101 128 109 90 71 52 47 43 45 48 44 41 40 39 32 25 25 24 24 24 24 24 24 23 24 25 27 29 28 26 26 26 25 24 23 22 22 21 24 27 28 29 29 28 26 24 24 24 25 26 24 23 26 28 26 24 21 18 17 17 17 17 18 18 18 18 17 17 17 18 17 17 22 27
56 56 57 57 59 61 60 58 47 36 33 31 31 32 29 26 26 26 26 27 47 68 95 123 112 101 87 73 69 65 59 53 48 44 39 34 30 26 25 25 26 27 27 27 27 27 26 26 28 30 29 28 27 27 25 24 23 23 22 22 25 28 29 29 29 28 27 26 26 25 25 25 23 22 22 23 21 19 18 17 19 21 18 16 16 16 16 16 16 16 17 18 17 17 20 24
59 62 56 49 51 53 55 58 47 36 34 33 32 30 27 24 25 27 27 27 44 61 90 118 115 111 103 94 91 88 73 57 52 47 38 30 28 26 26 25 28 30 30 30 30 30 29 28 29 31 30 29 28 27 26 24 23 23 22 22 26 30 29 29 29 28 28 27 27 27 25 24 22 21 19 18 16 14 15 17 20 24 20 15 15 14 15 15 15 15 17 18 17 16 18 20
60 62 58 54 51 49 50 51 45 38 34 31 29 28 27 27 28 29 30 30 42 54 77 99 111 122 115 108 104 100 77 55 49 44 38 32 29 27 27 27 29 31 30 30 30 30 29 28 29 30 29 28 28 29 27 25 25 24 24 24 27 29 29 29 29 28 28 28 26 24 23 22 19 17 16 16 15 14 15 15 17 19 17 14 14 14 14 14 14 15 16 17 17 16 18 19
60 63 61 59 51 44 44 45 43 41 34 28 26 25 28 31 31 31 32 33 40 48 64 80 106 133 127 121 117 112 82 52 47 42 38 35 31 27 29 30 30 31 31 31 30 30 29 28 29 29 28 27 29 30 28 27 26 26 26 26 27 28 28 29 29 29 29 30 25 21 20 20 17 14 14 14 14 14 14 14 14 13 13 14 13 13 13 13 13 14 15 16 16 16 17 18
59 62 61 60 56 52 52 52 48 45 38 30 28 25 28 31 31 31 32 33 39 45 65 85 109 132 134 136 129 122 86 51 46 40 37 33 31 28 29 30 30 31 30 30 30 30 29 28 29 29 28 27 27 28 27 26 26 26 26 26 27 27 27 27 27 27 28 28 26 23 21 19 16 14 14 13 14 14 14 14 13 13 13 13 13 12 12 12 13 13 14 14 15 15 16 18
59 61 61 61 61 61 60 59 54 50 41 31 29 26 29 32 31 31 31 32 37 43 67 90 111 131 140 150 141 132 91 51 45 39 35 32 30 28 30 31 31 30 30 30 30 30 29 28 29 29 28 27 26 26 26 26 26 26 26 26 26 26 26 26 26 26 27 27 26 24 21 17 16 14 13 13 13 13 13 13 13 13 13 12 12 11 12 12 12 12 13 13 14 14 15 17
55 56 54 53 53 52 52 51 48 45 37 30 28 26 28 29 29 29 31 32 38 44 67 90 96 102 103 104 96 87 65 44 40 36 33 31 28 26 28 29 30 30 30 30 30 30 29 28 28 28 27 26 26 26 26 26 26 26 26 26 26 26 26 26 26 26 26 26 24 23 19 16 15 13 13 13 13 13 13 13 13 13 12 12 12 11 11 12 12 12 12 13 13 14 15 16
