homework/Homework_5_files/or_precip_1983_10.asc
ncols 407
nrows 229
xllcorner -124.73958333333
yllcorner 41.73958333333
cellsize 0.02083333333
NODATA_value -9999
[rows 96 to 143 of 229, columns 0 to 95 of 407]
-9999 -9999 -9999 -9999 -9999 -9999 -9999 -9999 -9999 -9999 -9999 -9999 -9999 -9999 -9999 -9999 -9999 -9999 -9999 -9999 -9999 -9999 -9999 -9999 -9999 -9999 -9999 -9999 61 61 61 61 62 63 64 64 66 68 70 72 69 67 69 72 76 80 76 72 68 64 72 79 71 64 62 60 58 57 50 43 38 32 32 31 29 27 27 27 27 27 28 28 28 28 29 29 29 29 31 32 34 36 38 39 41 43 44 44 46 48 49 50 50 51 51 50
-9999 -9999 -9999 -9999 -9999 -9999 -9999 -9999 -9999 -9999 -9999 -9999 -9999 -9999 -9999 -9999 -9999 -9999 -9999 -9999 -9999 -9999 -9999 -9999 -9999 -9999 -9999 -9999 61 61 61 61 62 63 65 66 66 66 69 72 76 80 83 86 86 86 82 78 75 72 73 74 68 62 60 59 55 51 46 42 38 34 33 31 30 28 28 27 27 28 28 28 28 28 29 29 31 33 33 33 34 36 38 39 41 42 46 50 50 49 50 50 50 50 50 49
-9999 -9999 -9999 -9999 -9999 -9999 -9999 -9999 -9999 -9999 -9999 -9999 -9999 -9999 -9999 -9999 -9999 -9999 -9999 -9999 -9999 -9999 -9999 -9999 -9999 -9999 -9999 -9999 61 61 61 61 62 63 65 68 66 64 68 73 83 93 97 100 97 93 88 83 81 79 75 70 65 60 59 58 52 46 43 40 38 37 34 31 30 28 28 28 28 28 28 28 28 28 29 29 33 37 35 33 34 36 37 39 40 41 48 55 53 50 50 50 49 49 49 48
-9999 -9999 -9999 -9999 -9999 -9999 -9999 -9999 -9999 -9999 -9999 -9999 -9999 -9999 -9999 -9999 -9999 -9999 -9999 -9999 -9999 -9999 -9999 -9999 -9999 -9999 -9999 -9999 61 61 61 61 62 62 64 66 66 67 71 75 80 84 85 87 83 79 75 71 73 75 71 67 66 64 57 50 46 41 44 46 44 41 37 33 31 30 29 28 28 28 28 28 28 28 28 29 32 36 34 33 34 36 37 38 41 43 48 53 52 50 49 48 48 48 47 47
-9999 -9999 -9999 -9999 -9999 -9999 -9999 -9999 -9999 -9999 -9999 -9999 -9999 -9999 -9999 -9999 -9999 -9999 -9999 -9999 -9999 -9999 -9999 -9999 -9999 -9999 -9999 -9999 62 62 61 61 61 61 62 64 67 70 74 77 76 76 74 73 69 65 62 59 65 71 68 65 66 68 55 42 40 37 45 53 49 45 39 34 33 32 30 29 28 28 28 28 28 28 28 28 32 36 34 32 34 36 37 37 41 45 48 51 51 50 48 47 47 46 46 45
-9999 -9999 -9999 -9999 -9999 -9999 -9999 -9999 -9999 -9999 -9999 -9999 -9999 -9999 -9999 -9999 -9999 -9999 -9999 -9999 -9999 -9999 -9999 -9999 -9999 -9999 -9999 -9999 62 62 63 63 64 65 68 72 72 72 73 75 75 75 72 68 65 62 59 57 60 63 61 59 60 61 53 45 42 39 43 47 45 44 38 33 32 31 30 29 29 28 28 28 28 28 28 28 30 32 32 32 34 36 36 37 39 41 43 45 46 47 46 45 46 46 45 45
-9999 -9999 -9999 -9999 -9999 -9999 -9999 -9999 -9999 -9999 -9999 -9999 -9999 -9999 -9999 -9999 -9999 -9999 -9999 -9999 -9999 -9999 -9999 -9999 -9999 -9999 -9999 -9999 63 63 64 64 67 69 74 79 76 74 73 73 74 75 69 63 61 59 57 55 55 55 55 54 54 54 51 48 45 42 42 41 42 42 37 32 31 30 29 29 29 28 28 28 28 28 28 28 29 29 30 31 33 35 35 36 36 37 38 40 42 44 44 44 45 46 45 44
-9999 -9999 -9999 -9999 -9999 -9999 -9999 -9999 -9999 -9999 -9999 -9999 -9999 -9999 -9999 -9999 -9999 -9999 -9999 -9999 -9999 -9999 -9999 -9999 -9999 -9999 -9999 -9999 64 64 65 66 70 74 76 77 75 72 72 72 73 73 70 66 63 60 59 58 58 57 56 55 55 55 52 50 47 43 43 43 41 40 36 32 31 30 29 29 29 28 28 28 28 28 28 28 28 28 29 30 32 34 36 38 42 46 44 42 44 47 44 42 43 45 44 43
-9999 -9999 -9999 -9999 -9999 -9999 -9999 -9999 -9999 -9999 -9999 -9999 -9999 -9999 -9999 -9999 -9999 -9999 -9999 -9999 -9999 -9999 -9999 -9999 -9999 -9999 -9999 -9999 66 66 67 68 74 79 77 75 73 71 71 72 72 72 70 68 65 61 61 61 60 59 58 56 56 56 54 52 48 44 44 44 41 37 35 32 31 30 29 29 29 29 28 28 28 28 28 27 27 26 28 29 32 34 37 40 47 55 49 44 46 49 45 41 42 44 43 42
-9999 -9999 -9999 -9999 -9999 -9999 -9999 -9999 -9999 -9999 -9999 -9999 -9999 -9999 -9999 -9999 -9999 -9999 -9999 -9999 -9999 -9999 -9999 -9999 -9999 -9999 -9999 67 66 66 69 71 72 74 73 72 71 70 70 70 70 69 68 67 64 62 62 61 60 58 58 57 56 54 54 55 52 50 47 43 40 37 35 33 32 31 30 30 30 29 28 28 27 27 26 26 26 26 27 28 31 33 35 38 45 51 55 58 59 60 54 47 51 54 56 58
-9999 -9999 -9999 -9999 -9999 -9999 -9999 -9999 -9999 -9999 -9999 -9999 -9999 -9999 -9999 -9999 -9999 -9999 -9999 -9999 -9999 -9999 -9999 -9999 -9999 -9999 67 67 67 67 70 74 71 68 68 69 69 69 69 69 67 66 65 65 64 63 63 62 60 57 57 58 55 52 55 57 56 55 49 42 40 37 35 34 33 32 32 32 30 29 28 28 26 25 25 24 25 25 26 28 30 32 34 36 42 47 60 73 72 71 63 54 59 63 69 74
-9999 -9999 -9999 -9999 -9999 -9999 -9999 -9999 -9999 -9999 -9999 -9999 -9999 -9999 -9999 -9999 -9999 -9999 -9999 -9999 -9999 -9999 -9999 -9999 -9999 -9999 -9999 -9999 67 67 70 73 71 70 69 69 69 69 68 68 68 67 66 66 65 64 64 63 61 58 58 58 55 51 53 54 52 50 44 39 38 37 36 34 33 31 31 31 30 29 28 28 27 26 25 24 25 25 27 28 30 33 35 37 49 60 68 77 70 63 58 54 55 55 61 67
-9999 -9999 -9999 -9999 -9999 -9999 -9999 -9999 -9999 -9999 -9999 -9999 -9999 -9999 -9999 -9999 -9999 -9999 -9999 -9999 -9999 -9999 -9999 -9999 -9999 -9999 -9999 -9999 68 68 70 72 72 71 70 69 69 68 68 68 68 68 68 67 66 66 65 64 62 60 59 58 54 50 51 52 48 44 40 36 36 37 36 35 33 31 31 30 30 29 29 28 27 26 25 25 25 26 27 29 31 33 35 37 55 73 77 80 67 54 54 54 50 47 54 61
-9999 -9999 -9999 -9999 -9999 -9999 -9999 -9999 -9999 -9999 -9999 -9999 -9999 -9999 -9999 -9999 -9999 -9999 -9999 -9999 -9999 -9999 -9999 -9999 -9999 -9999 -9999 67 68 69 71 73 73 73 72 71 71 72 71 71 70 69 68 68 67 67 66 64 61 58 57 55 54 54 51 47 43 39 37 34 35 36 35 35 33 32 31 31 30 30 29 29 28 28 27 26 27 28 29 30 32 34 42 50 63 76 77 79 70 61 55 49 50 51 58 65
-9999 -9999 -9999 -9999 -9999 -9999 -9999 -9999 -9999 -9999 -9999 -9999 -9999 -9999 -9999 -9999 -9999 -9999 -9999 -9999 -9999 -9999 -9999 -9999 -9999 -9999 67 67 69 70 73 75 74 74 74 73 74 75 74 74 72 70 69 68 68 68 66 64 61 57 54 51 55 59 51 43 39 35 34 33 34 35 34 34 34 33 32 31 30 30 30 30 30 30 29 28 29 30 31 32 34 35 49 62 70 78 78 78 73 68 55 43 49 55 62 70
-9999 -9999 -9999 -9999 -9999 -9999 -9999 -9999 -9999 -9999 -9999 -9999 -9999 -9999 -9999 -9999 -9999 -9999 -9999 -9999 -9999 -9999 -9999 -9999 -9999 -9999 -9999 -9999 70 71 73 75 75 75 75 75 75 75 74 73 71 70 69 67 67 66 63 59 57 54 53 51 55 59 51 43 39 35 34 34 34 34 34 33 34 34 33 31 31 30 30 31 31 31 31 31 31 32 33 34 35 37 49 60 64 68 67 66 60 54 50 46 52 58 65 73
-9999 -9999 -9999 -9999 -9999 -9999 -9999 -9999 -9999 -9999 -9999 -9999 -9999 -9999 -9999 -9999 -9999 -9999 -9999 -9999 -9999 -9999 -9999 -9999 -9999 -9999 -9999 -9999 72 72 73 75 76 77 76 76 76 76 74 72 71 70 68 66 65 64 59 54 52 51 51 51 55 59 51 43 39 35 35 35 34 33 33 33 34 35 33 31 31 30 31 31 32 33 33 33 33 34 34 35 37 38 48 58 58 58 57 55 48 40 44 48 54 60 68 76
-9999 -9999 -9999 -9999 -9999 -9999 -9999 -9999 -9999 -9999 -9999 -9999 -9999 -9999 -9999 -9999 -9999 -9999 -9999 -9999 -9999 -9999 -9999 -9999 -9999 -9999 -9999 70 71 72 73 75 79 82 81 81 78 75 73 72 72 72 68 65 63 61 56 52 50 48 47 47 48 50 46 43 40 36 35 34 33 33 33 32 33 34 32 30 30 29 31 32 33 33 34 34 35 36 36 37 38 39 49 59 59 59 54 50 51 52 51 50 57 63 72 81
-9999 -9999 -9999 -9999 -9999 -9999 -9999 -9999 -9999 -9999 -9999 -9999 -9999 -9999 -9999 -9999 -9999 -9999 -9999 -9999 -9999 -9999 -9999 -9999 -9999 -9999 70 70 71 72 74 76 81 87 87 86 80 74 73 71 72 73 69 64 61 57 53 50 47 45 44 42 41 41 42 43 41 38 35 32 32 32 32 32 33 34 31 29 28 28 30 33 34 34 35 35 36 38 38 39 40 41 50 59 59 59 52 44 54 64 58 52 59 66 76 86
-9999 -9999 -9999 -9999 -9999 -9999 -9999 -9999 -9999 -9999 -9999 -9999 -9999 -9999 -9999 -9999 -9999 -9999 -9999 -9999 -9999 -9999 -9999 -9999 -9999 -9999 69 69 70 71 74 77 79 81 81 81 77 73 73 74 74 74 71 69 63 58 56 54 51 47 45 43 41 39 39 39 38 37 35 33 33 33 33 33 33 33 31 29 29 29 31 33 34 35 35 36 37 39 39 40 40 41 46 51 52 53 53 53 55 58 57 56 61 67 70 74
-9999 -9999 -9999 -9999 -9999 -9999 -9999 -9999 -9999 -9999 -9999 -9999 -9999 -9999 -9999 -9999 -9999 -9999 -9999 -9999 -9999 -9999 -9999 -9999 -9999 -9999 69 69 70 71 75 78 77 75 75 76 74 72 74 76 75 74 74 74 66 58 58 58 54 49 46 43 40 38 37 36 35 35 35 34 33 33 33 33 32 32 31 30 30 30 32 33 34 35 36 36 38 39 40 40 40 41 41 42 44 46 54 62 57 51 56 60 64 68 65 62
-9999 -9999 -9999 -9999 -9999 -9999 -9999 -9999 -9999 -9999 -9999 -9999 -9999 -9999 -9999 -9999 -9999 -9999 -9999 -9999 -9999 -9999 -9999 -9999 -9999 -9999 69 69 69 70 72 74 74 73 73 73 73 72 75 78 75 72 72 71 67 62 60 57 54 51 47 44 41 37 36 35 35 34 34 34 34 33 33 34 33 33 32 31 32 32 33 34 35 36 36 37 38 40 40 41 41 41 42 42 44 45 50 55 57 59 60 60 64 69 70 72
-9999 -9999 -9999 -9999 -9999 -9999 -9999 -9999 -9999 -9999 -9999 -9999 -9999 -9999 -9999 -9999 -9999 -9999 -9999 -9999 -9999 -9999 -9999 -9999 -9999 -9999 68 68 69 69 70 70 71 71 71 71 71 72 76 80 76 71 69 68 67 66 61 56 54 52 48 45 41 37 36 35 34 34 34 35 34 33 34 34 34 34 33 33 33 34 34 35 35 36 37 37 39 40 41 42 42 42 42 42 44 45 46 48 57 67 63 60 65 70 76 82
-9999 -9999 -9999 -9999 -9999 -9999 -9999 -9999 -9999 -9999 -9999 -9999 -9999 -9999 -9999 -9999 -9999 -9999 -9999 -9999 -9999 -9999 -9999 -9999 -9999 -9999 70 70 70 70 70 70 71 71 71 71 72 72 74 76 73 69 67 65 64 62 58 54 51 48 45 41 38 36 35 34 34 34 35 35 35 34 35 35 34 34 34 34 35 35 35 35 36 37 38 39 42 45 44 43 43 42 43 43 45 47 47 46 55 64 64 64 67 71 76 82
-9999 -9999 -9999 -9999 -9999 -9999 -9999 -9999 -9999 -9999 -9999 -9999 -9999 -9999 -9999 -9999 -9999 -9999 -9999 -9999 -9999 -9999 -9999 -9999 -9999 -9999 72 72 71 70 70 70 71 71 71 71 72 72 72 71 70 68 65 62 61 59 56 53 49 45 41 37 36 35 34 33 34 35 35 36 36 36 36 36 35 34 35 36 36 36 36 36 36 37 39 41 45 50 47 44 44 43 44 44 47 50 47 45 53 61 64 68 70 72 77 82
-9999 -9999 -9999 -9999 -9999 -9999 -9999 -9999 -9999 -9999 -9999 -9999 -9999 -9999 -9999 -9999 -9999 -9999 -9999 -9999 -9999 -9999 -9999 -9999 -9999 -9999 72 72 72 71 71 71 72 72 73 73 74 75 75 74 73 72 73 74 73 72 66 61 56 52 48 45 40 36 35 34 35 35 35 36 36 36 36 36 36 36 37 39 38 37 38 39 40 41 43 45 51 58 52 47 46 44 45 46 48 49 49 48 52 56 60 64 68 72 76 80
-9999 -9999 -9999 -9999 -9999 -9999 -9999 -9999 -9999 -9999 -9999 -9999 -9999 -9999 -9999 -9999 -9999 -9999 -9999 -9999 -9999 -9999 -9999 -9999 -9999 -9999 72 72 72 71 71 72 72 73 74 75 76 78 77 77 77 77 81 86 85 84 77 69 64 59 56 53 45 37 36 36 35 35 35 36 36 37 37 37 37 38 40 42 40 39 40 42 43 45 47 50 58 66 57 49 47 46 47 48 48 49 50 50 51 51 56 60 66 72 75 79
-9999 -9999 -9999 -9999 -9999 -9999 -9999 -9999 -9999 -9999 -9999 -9999 -9999 -9999 -9999 -9999 -9999 -9999 -9999 -9999 -9999 -9999 -9999 -9999 -9999 -9999 72 72 72 71 72 72 72 73 74 74 75 76 77 78 80 83 84 86 88 90 85 80 75 70 60 50 44 38 37 36 36 36 36 37 37 37 38 39 40 42 42 43 43 44 44 44 47 50 52 54 57 60 55 50 48 47 47 48 49 50 54 58 57 57 60 64 67 70 74 78
-9999 -9999 -9999 -9999 -9999 -9999 -9999 -9999 -9999 -9999 -9999 -9999 -9999 -9999 -9999 -9999 -9999 -9999 -9999 -9999 -9999 -9999 -9999 -9999 -9999 -9999 72 72 72 72 72 72 73 73 73 74 75 75 77 79 84 89 88 86 91 95 93 91 86 81 64 47 43 40 38 37 37 37 37 37 37 37 40 42 44 45 44 44 46 49 48 47 51 56 57 58 56 54 53 51 50 48 48 48 50 52 59 67 64 62 64 67 67 67 73 78
-9999 -9999 -9999 -9999 -9999 -9999 -9999 -9999 -9999 -9999 -9999 -9999 -9999 -9999 -9999 -9999 -9999 -9999 -9999 -9999 -9999 -9999 -9999 -9999 -9999 -9999 73 73 73 72 72 73 73 73 74 74 75 75 76 77 79 81 80 80 82 85 82 80 75 70 59 48 46 44 41 39 39 39 39 38 39 40 41 43 45 47 47 47 49 52 50 49 52 56 58 60 60 60 57 54 52 51 53 56 60 65 68 71 68 66 66 67 68 70 74 77
-9999 -9999 -9999 -9999 -9999 -9999 -9999 -9999 -9999 -9999 -9999 -9999 -9999 -9999 -9999 -9999 -9999 -9999 -9999 -9999 -9999 -9999 -9999 -9999 -9999 -9999 73 73 73 73 73 73 73 74 74 74 75 76 75 75 74 73 73 73 74 74 71 68 63 59 54 49 48 48 44 40 41 42 40 39 41 42 43 44 46 48 49 50 53 55 53 51 53 55 59 62 63 65 61 57 55 54 59 65 71 78 76 75 72 70 68 66 70 73 74 76
-9999 -9999 -9999 -9999 -9999 -9999 -9999 -9999 -9999 -9999 -9999 -9999 -9999 -9999 -9999 -9999 -9999 -9999 -9999 -9999 -9999 -9999 -9999 -9999 -9999 73 73 73 73 73 73 73 74 74 74 74 75 76 76 75 75 76 75 74 73 71 67 63 59 56 51 47 47 47 44 42 44 46 45 44 45 45 46 47 48 50 49 49 50 52 51 51 53 56 59 62 61 61 60 60 57 54 58 63 71 79 79 80 78 76 72 68 68 69 72 76
-9999 -9999 -9999 -9999 -9999 -9999 -9999 -9999 -9999 -9999 -9999 -9999 -9999 -9999 -9999 -9999 -9999 -9999 -9999 -9999 -9999 -9999 -9999 -9999 73 73 73 73 73 73 73 73 74 74 74 74 76 77 76 75 77 78 77 76 72 68 63 59 56 52 49 45 45 45 44 44 47 51 50 50 49 49 49 49 50 52 49 47 48 49 50 50 53 56 59 62 60 57 60 62 58 54 57 61 70 80 82 84 83 82 75 69 67 65 70 76
-9999 -9999 -9999 -9999 -9999 -9999 -9999 -9999 -9999 -9999 -9999 -9999 -9999 -9999 -9999 -9999 -9999 -9999 -9999 -9999 -9999 -9999 -9999 -9999 73 73 73 73 73 73 73 74 74 75 75 75 76 77 76 75 74 73 70 68 66 64 60 56 53 51 48 45 45 45 45 45 46 47 48 48 48 48 50 51 52 54 52 51 51 51 52 52 53 54 57 59 60 60 59 58 56 54 57 59 67 74 75 76 76 76 74 71 72 73 76 79
-9999 -9999 -9999 -9999 -9999 -9999 -9999 -9999 -9999 -9999 -9999 -9999 -9999 -9999 -9999 -9999 -9999 -9999 -9999 -9999 -9999 -9999 -9999 -9999 73 73 73 73 73 73 73 74 75 76 76 76 76 76 76 75 71 67 64 60 60 60 56 53 51 49 47 44 44 45 45 46 45 44 45 47 47 48 50 52 54 56 56 55 54 53 54 54 53 52 55 57 59 62 58 54 54 55 56 58 63 68 68 67 69 70 72 74 78 82 82 82
-9999 -9999 -9999 -9999 -9999 -9999 -9999 -9999 -9999 -9999 -9999 -9999 -9999 -9999 -9999 -9999 -9999 -9999 -9999 -9999 -9999 -9999 -9999 -9999 73 73 73 73 73 73 73 74 75 76 76 76 77 77 77 77 74 71 70 68 66 64 56 49 48 48 46 44 44 44 44 44 45 46 48 50 50 50 52 53 56 58 57 56 53 50 51 52 51 51 52 54 56 58 56 54 55 56 57 59 63 67 66 66 66 67 68 70 75 79 82 85
-9999 -9999 -9999 -9999 -9999 -9999 -9999 -9999 -9999 -9999 -9999 -9999 -9999 -9999 -9999 -9999 -9999 -9999 -9999 -9999 -9999 -9999 -9999 -9999 73 73 73 73 73 72 73 73 74 75 76 77 77 78 79 79 77 76 76 76 72 67 57 46 46 46 45 43 43 43 42 42 45 48 51 54 53 52 53 54 57 60 59 57 52 47 48 49 49 49 50 51 53 54 54 54 55 57 59 60 63 66 65 65 64 64 65 66 72 77 82 87
-9999 -9999 -9999 -9999 -9999 -9999 -9999 -9999 -9999 -9999 -9999 -9999 -9999 -9999 -9999 -9999 -9999 -9999 -9999 -9999 -9999 -9999 -9999 -9999 73 73 73 73 73 73 73 74 75 76 76 77 78 79 80 81 79 77 75 74 71 68 58 49 47 44 44 43 42 42 42 43 46 50 49 48 48 47 51 55 54 53 51 50 47 44 45 46 46 46 48 51 54 57 55 53 54 55 57 59 61 62 64 66 65 63 65 66 69 71 73 75
-9999 -9999 -9999 -9999 -9999 -9999 -9999 -9999 -9999 -9999 -9999 -9999 -9999 -9999 -9999 -9999 -9999 -9999 -9999 -9999 -9999 -9999 -9999 -9999 73 73 73 74 73 73 74 74 75 76 76 77 78 80 81 83 80 78 75 71 70 68 60 52 47 42 43 43 42 40 42 43 48 52 47 43 43 42 49 55 50 45 44 43 42 40 42 43 43 43 47 50 55 59 56 52 53 53 55 57 58 59 64 68 66 63 64 65 66 66 64 63
-9999 -9999 -9999 -9999 -9999 -9999 -9999 -9999 -9999 -9999 -9999 -9999 -9999 -9999 -9999 -9999 -9999 -9999 -9999 -9999 -9999 -9999 -9999 74 74 74 74 74 74 74 75 75 76 77 77 77 79 81 81 80 81 82 77 72 66 60 54 49 45 41 41 40 39 39 41 43 43 44 41 37 39 40 42 45 43 40 41 41 41 41 42 43 44 44 48 52 56 60 56 52 54 55 58 60 59 58 62 66 67 69 67 64 67 69 69 68
-9999 -9999 -9999 -9999 -9999 -9999 -9999 -9999 -9999 -9999 -9999 -9999 -9999 -9999 -9999 -9999 -9999 -9999 -9999 -9999 -9999 -9999 74 74 74 74 74 74 75 75 75 76 77 78 77 76 80 83 80 77 81 86 79 73 62 51 49 46 43 39 38 38 37 37 39 42 39 36 34 32 34 37 36 35 35 36 37 39 40 41 42 43 44 45 49 53 57 61 57 52 55 57 60 64 60 57 60 63 69 76 70 63 68 72 73 74
-9999 -9999 -9999 -9999 -9999 -9999 -9999 -9999 -9999 -9999 -9999 -9999 -9999 -9999 -9999 -9999 -9999 -9999 -9999 -9999 -9999 -9999 75 75 75 75 75 75 75 76 76 77 78 80 81 82 84 87 85 83 81 78 74 70 64 59 56 53 47 40 40 39 38 37 37 37 38 39 39 40 41 43 43 44 43 43 42 41 40 39 42 45 44 44 47 51 55 59 56 53 57 62 65 69 66 62 62 61 68 75 76 77 75 72 76 80
-9999 -9999 -9999 -9999 -9999 -9999 -9999 -9999 -9999 -9999 -9999 -9999 -9999 -9999 -9999 -9999 -9999 -9999 -9999 -9999 -9999 -9999 75 75 75 75 75 75 76 76 77 78 80 82 85 88 89 91 90 89 80 71 69 66 66 66 63 60 51 42 41 40 39 38 35 32 36 41 44 48 48 49 51 53 52 50 47 43 40 36 42 47 45 42 46 49 53 58 55 53 60 66 70 75 71 68 64 60 67 73 82 91 82 73 80 87
-9999 -9999 -9999 -9999 -9999 -9999 -9999 -9999 -9999 -9999 -9999 -9999 -9999 -9999 -9999 -9999 -9999 -9999 -9999 -9999 -9999 -9999 76 76 76 75 75 75 76 76 77 78 80 83 85 87 89 90 90 90 86 83 74 65 65 65 61 57 51 45 42 40 39 38 35 32 35 37 40 42 43 45 48 52 51 49 47 45 41 36 41 45 46 48 49 49 53 56 55 54 58 62 64 66 65 65 65 66 67 69 77 86 83 80 80 80
-9999 -9999 -9999 -9999 -9999 -9999 -9999 -9999 -9999 -9999 -9999 -9999 -9999 -9999 -9999 -9999 -9999 -9999 -9999 -9999 -9999 -9999 76 76 76 76 76 75 76 76 77 78 81 83 85 87 88 89 90 92 93 94 79 64 64 64 59 54 51 48 44 39 39 38 35 31 33 34 35 36 39 42 46 50 49 48 48 47 42 36 40 43 48 53 51 50 52 55 55 54 56 58 57 57 59 61 66 72 68 65 73 80 83 86 80 74
-9999 -9999 -9999 -9999 -9999 -9999 -9999 -9999 -9999 -9999 -9999 -9999 -9999 -9999 -9999 -9999 -9999 -9999 -9999 -9999 -9999 78 78 77 77 77 77 76 76 77 77 78 80 83 86 89 88 87 88 90 89 89 78 68 66 65 61 57 55 52 47 43 41 39 36 34 34 34 35 36 41 47 51 56 53 50 48 46 42 38 43 48 51 54 52 50 55 60 58 57 58 59 66 72 69 66 72 78 76 74 77 80 85 90 85 79
-9999 -9999 -9999 -9999 -9999 -9999 -9999 -9999 -9999 -9999 -9999 -9999 -9999 -9999 -9999 -9999 -9999 -9999 -9999 -9999 78 78 78 78 78 78 77 77 77 77 77 78 80 82 86 91 88 84 86 89 86 83 77 71 69 66 63 60 58 55 51 47 43 40 38 37 35 33 35 37 44 51 56 61 56 51 48 45 42 39 46 53 54 55 53 50 57 65 62 59 60 60 74 87 79 71 78 84 83 83 81 80 87 94 89 84
-9999 -9999 -9999 -9999 -9999 -9999 -9999 -9999 -9999 -9999 -9999 -9999 -9999 -9999 -9999 -9999 -9999 -9999 -9999 -9999 79 79 79 78 78 78 79 79 79 79 80 81 82 83 85 86 86 86 85 85 83 81 77 73 69 64 61 58 56 55 51 47 43 38 38 37 36 35 36 37 41 45 51 56 52 48 45 42 42 42 44 47 49 51 52 52 57 62 60 59 59 60 67 75 74 73 75 76 79 82 83 84 87 91 87 84
